51
70
96
94
80
57
78
92
76
75
59
98
97
52
68
61
98
59
66
63
90
73
71
55
74
72
67
52
75
60
65
82
63
88
99
89
63
89
70
75
94
74
60
55
79
77
58
54
92
89
63
77
65
98
52
76
70
89
93
85
96
69
74
55
75
62
70
75
69
92
55
98
97
94
76
73
81
52
76
93
99
82
60
84
97
60
86
67
55
56
78
51
82
54
68
80
99
92
58
69
78
94
76
77
87
65
76
52
52
95
58
57
91
90
67
92
70
82
89
50
92
67
69
68
74
59
93
56
70
95
57
56
86
55
82
67
57
90
84
96
71
83
67
65
77
76
81
55
87
94
59
76
66
76
51
64
58
85
60
65
70
86
90
53
51
93
96
56
93
59
91
71
63
70
54
77
55
64
79
57
88
77
99
76
73
92
53
95
76
63
67
54
57
50
64
75
61
61
53
72
90
50
86
61
96
75
58
61
64
93
98
68
95
61
94
69
92
87
66
78
94
97
87
64
77
72
61
69
89
62
67
68
71
76
63
90
52
86
64
90
90
76
76
83
69
91
56
94
59
91
57
99
58
84
68
54
76
60
90
95
68
65
81
55
56
93
73
85
72
62
83
84
84
62
71
58
58
50
99
79
88
74
62
58
79
75
67
94
69
89
65
65
70
63
56
89
88
50
68
59
55
84
54
71
61
68
91
58
54
60
53
71
98
82
80
66
90
65
56
85
72
92
74
59
87
64
94
51
96
64
86
73
81
92
50
68
59
51
57
58
50
80
91
71
72
90
72
54
86
59
80
60
91
62
54
63
90
57
82
74
70
57
81
79
78
72
97
65
77
50
57
90
60
53
52
89
59
89
71
59
78
51
86
73
83
76
52
84
87
65
64
57
58
55
60
65
81
61
63
58
70
73
52
70
57
76
61
74
69
98
97
80
74
95
66
99
53
61
52
69
72
71
98
67
69
93
60
54
88
67
86
53
65
77
89
81
50
58
93
81
92
61
81
65
81
84
63
62
98
52
78
99
82
71
95
73
82
86
87
56
84
64
90
55
51
79
89
80
85
97
93
82
83
98
67
69
59
54
66
92
69
98
82
73
66
75
72
70
98
76
90
87
88
54
85
86
66
62
70
85
58
77
64
96
93
67
91
56
65
56
80
81
57
54
60
91
75
90
88
73
69
83
90
53
70
77
95
61
97
91
90
78
80
87
98
59
76
87
83
67
67
57
53
91
75
80
93
92
73
58
88
98
89
84
95
71
70
93
91
74
90
91
77
60
91
89
51
88
81
83
59
70
73
72
76
61
58
59
61
90
94
66
66
68
86
57
71
85
86
60
91
82
70
68
97
55
53
54
84
74
74
94
65
61
56
89
72
68
57
78
84
70
55
88
61
99
55
84
81
88
97
97
79
84
90
70
78
98
71
76
82
95
61
87
72
99
57
71
81
93
99
78
88
92
82
90
87
66
72
85
51
87
84
54
88
76
72
84
87
82
81
53
56
52
85
54
78
57
58
73
89
96
59
82
57
97
81
81
93
84
72
90
87
74
87
74
95
85
53
75
54
91
82
50
50
90
58
60
86
81
62
78
52
98
82
72
97
76
79
59
55
78
74
55
89
95
63
74
89
70
92
84
78
69
56
70
87
57
50
98
86
99
69
63
62
84
95
94
80
56
88
96
86
87
52
99
90
95
95
79
51
54
58
68
55
59
95
88
63
57
52
59
62
72
94
54
83
68
95
58
80
73
59
50
56
84
93
63
80
54
91
73
79
64
91
78
62
64
91
65
59
88
76
94
69
99
92
85
85
94
94
60
86
92
61
65
61
68
66
80
78
77
95
74
95
83
99
81
72
55
56
89
67
83
99
55
70
71
82
53
63
78
55
62
84
70
72
77
70
70
88
68
94
69
57
68
51
55
91
51
57
73
99
55
82
88
67
76
89
81
99
80
94
73
51
80
73
51
78
55
93
71
59
50
92
61
89
76
59
63
63
99
82
88
51
76
54
83
68
99
65
63
87
69
91
95
76
64
50
79
83
87
82
79
94
88
85
88
52
80
84
67
50
64
54
74
70
86
87
87
83
77
73
84
71
80
94
77
82
65
55
57
50
72
81
60
68
66
70
93
74
56
76
94
96
67
52
81
51
63
65
59
76
78
65
92
89
68
58
96
86
66
89
64
68
85
90
86
92
66
54
71
67
56
79
78
74
79
54
80
62
80
75
84
82
68
57
97
55
65
67
57
91
75
97
97
76
59
73
92
-1
