9
2
2
5
10
10
15
8
13
15
15
13
13
14
22
17
21
22
26
20
24
22
30
23
29
29
29
36
33
37
37
39
35
42
35
44
40
38
47
41
47
44
49
44
49
52
49
53
55
49
55
56
57
54
56
64
61
66
67
62
63
67
68
65
66
66
69
69
73
73
79
78
73
74
77
79
82
81
83
86
82
83
87
88
87
87
90
95
97
92
99
99
94
96
103
104
103
103
104
107
106
108
103
110
109
107
109
107
115
109
111
114
120
117
120
121
124
124
124
120
125
124
130
123
133
131
133
133
135
138
135
132
132
139
139
135
137
137
141
147
147
147
143
145
144
145
154
152
148
153
151
160
153
158
155
159
164
161
159
163
168
164
165
168
165
167
174
176
168
171
170
179
181
176
176
180
181
180
180
183
182
183
183
191
191
186
192
191
197
196
196
197
194
202
201
203
205
203
201
202
209
201
203
210
205
211
215
209
210
215
218
220
217
217
221
222
224
223
225
223
227
228
225
232
232
225
230
229
237
238
234
236
241
237
240
239
240
237
243
243
245
245
251
243
249
251
250
251
253
251
253
252
258
259
263
260
260
263
260
262
260
262
270
271
264
273
267
270
277
271
277
273
272
276
279
281
276
277
284
285
288
282
285
291
290
289
293
289
294
294
295
295
292
296
300
295
301
306
303
301
307
304
302
308
307
308
315
311
316
311
310
315
314
320
323
321
324
325
323
323
327
323
327
328
329
334
328
336
328
334
335
331
340
341
339
343
338
339
341
339
343
348
351
351
345
353
351
354
353
358
357
354
360
356
362
362
361
360
366
364
367
366
371
363
373
367
372
376
375
375
379
380
373
379
376
375
380
381
386
386
381
383
391
389
393
385
391
396
391
395
393
391
394
394
402
397
405
399
401
408
406
403
406
411
412
410
412
412
408
416
416
411
412
420
422
421
422
424
422
420
426
427
431
427
430
425
435
428
432
430
431
437
432
433
442
443
444
443
442
443
445
449
447
445
449
452
452
456
455
458
454
458
456
458
462
459
457
463
462
468
461
461
471
468
466
467
474
469
469
469
476
473
474
476
483
482
476
483
484
484
484
489
483
489
486
487
489
488
491
497
495
494
495
498
501
501
501
503
507
503
506
506
506
507
513
507
507
514
511
509
513
520
518
518
520
517
523
517
520
528
527
529
523
525
530
529
527
535
537
532
533
537
534
542
542
540
540
543
545
544
540
547
546
543
550
553
555
553
557
554
555
557
555
556
556
557
564
561
561
560
562
564
565
571
565
572
573
573
575
569
570
573
579
576
576
575
577
578
581
587
587
587
587
585
593
586
594
590
594
591
596
592
594
595
594
595
603
597
602
603
601
603
608
612
609
612
606
614
614
614
614
618
612
613
618
619
619
617
623
624
623
627
623
632
627
630
635
636
633
638
633
635
640
633
643
635
641
640
641
645
641
648
642
650
653
648
655
651
649
653
652
659
658
661
659
658
656
662
661
659
664
670
666
667
666
672
675
671
673
676
672
676
672
680
680
680
676
681
680
683
682
688
683
686
689
686
694
690
694
696
695
698
694
700
702
701
704
697
698
706
706
705
703
703
711
713
713
709
709
716
716
711
715
716
715
721
725
726
720
725
724
728
724
728
730
728
731
732
734
738
734
735
734
733
740
744
740
739
743
741
744
742
748
745
748
748
749
756
756
755
752
751
757
756
760
760
763
760
766
764
768
761
768
770
764
768
767
776
774
774
773
771
774
775
776
779
780
785
779
781
788
784
784
786
790
789
793
794
792
793
794
792
797
798
797
801
803
802
801
804
803
804
811
812
805
807
814
809
817
817
814
813
815
815
817
818
825
826
818
826
824
829
830
828
828
829
828
827
832
831
831
838
832
835
838
836
840
843
844
847
849
844
850
848
844
845
852
856
851
855
855
852
861
854
854
855
858
860
864
867
868
867
863
868
873
866
869
875
868
869
871
872
879
881
882
881
883
877
887
887
889
888
886
886
889
885
891
894
889
893
892
899
901
897
897
896
898
901
898
899
903
910
903
912
907
907
908
915
910
912
913
913
915
922
920
917
923
926
921
926
923
926
926
923
924
933
933
934
936
931
932
935
933
942
940
942
941
940
944
945
943
948
946
943
947
953
954
948
957
953
959
959
955
962
963
962
957
965
962
961
963
962
963
966
972
971
972
971
975
977
972
976
979
974
978
983
976
977
982
983
982
987
988
983
985
989
990
987
996
991
999
991
992
995
998
1001
997
1000
1002
1004
