569
19
471
172
652
773
64
356
180
467
269
571
178
372
500
65
3
675
272
650
906
583
723
694
266
300
883
103
217
617
307
76
986
234
578
598
434
659
672
662
383
559
520
592
582
383
656
965
967
566
53
296
447
308
665
785
316
52
739
202
376
421
405
837
125
789
986
532
373
470
391
598
738
711
339
431
617
879
953
232
659
323
909
987
658
675
941
368
469
599
571
146
808
825
514
950
762
750
209
940
389
24
955
20
364
413
949
341
660
35
6
574
635
270
32
797
747
458
959
849
875
673
328
485
210
162
38
795
57
784
714
548
619
311
36
784
586
702
61
949
62
941
598
684
906
55
610
49
889
975
458
871
859
379
326
394
876
598
844
780
627
604
44
926
979
995
897
954
598
877
938
327
179
302
188
845
271
818
554
404
618
682
824
339
541
309
54
434
338
82
370
461
124
69
708
595
54
949
646
70
481
669
454
372
619
950
612
481
876
311
836
511
631
454
569
20
224
742
851
78
283
33
530
698
454
468
352
37
163
479
76
821
709
359
749
947
832
73
943
813
234
880
833
783
42
74
434
363
605
568
853
441
761
586
214
47
549
951
323
797
689
378
848
61
408
728
952
974
982
513
432
80
521
993
677
723
125
242
848
363
125
388
280
984
95
751
132
200
685
275
882
313
976
236
938
157
840
159
344
11
899
357
18
468
202
555
544
219
517
496
368
453
749
395
651
992
800
564
466
179
727
379
62
270
333
335
290
304
69
424
828
500
469
208
539
379
779
708
90
506
981
995
831
228
591
439
752
38
540
636
516
844
3
972
614
59
483
279
401
361
754
289
179
317
399
669
266
281
576
440
621
179
811
567
48
846
670
950
106
68
214
224
806
707
582
857
303
695
142
309
455
284
18
231
666
701
648
542
324
740
720
175
385
334
428
575
976
792
235
785
673
237
559
402
76
778
442
366
607
672
848
877
916
733
269
669
16
645
166
609
119
85
592
563
61
855
446
637
901
832
56
662
643
55
856
195
415
506
110
158
533
365
284
920
951
805
100
459
410
528
721
363
238
593
54
932
231
343
725
201
180
902
252
486
551
966
330
888
470
299
502
807
892
779
920
297
947
30
883
786
540
114
711
860
878
514
140
1
333
18
712
902
179
786
203
748
335
806
128
914
611
497
697
291
626
786
939
750
560
601
683
157
559
521
949
833
228
810
722
837
304
379
999
107
230
981
690
334
653
711
739
393
275
597
148
560
245
784
51
816
429
315
454
394
621
402
831
84
801
193
512
745
277
872
835
245
80
722
918
85
159
638
660
857
615
430
523
600
911
578
90
317
4
299
901
136
624
621
342
254
525
804
256
221
677
567
807
49
920
7
46
827
785
204
577
266
811
882
687
875
403
386
128
996
110
21
927
575
481
312
951
455
294
687
392
423
500
664
405
521
745
67
187
825
522
322
313
28
931
425
681
667
134
428
771
153
932
335
20
442
902
897
281
54
619
630
349
879
980
758
83
487
831
416
673
814
467
607
711
339
186
30
434
555
762
936
172
872
115
647
407
451
472
902
677
688
155
825
869
963
203
523
841
105
218
802
107
961
327
707
65
715
139
331
262
461
376
577
601
298
748
296
148
61
920
20
473
136
737
302
315
962
51
23
773
372
573
596
217
395
270
914
461
87
775
325
642
914
300
214
836
808
721
342
820
608
705
12
144
300
762
701
735
748
176
810
989
381
820
424
824
694
864
754
586
789
885
90
232
54
52
51
700
336
886
163
539
76
778
695
427
532
984
862
470
688
306
206
539
218
282
83
245
131
520
699
172
748
664
213
769
22
627
989
936
360
769
465
375
196
686
853
87
414
182
983
713
622
732
193
970
917
878
765
490
686
212
928
208
962
140
2
400
978
183
439
498
710
70
883
890
969
73
346
696
92
287
585
446
281
965
181
287
100
149
406
127
294
586
383
525
690
422
587
493
397
802
936
792
282
88
85
905
5
434
327
603
355
515
968
623
379
773
285
43
760
424
942
629
924
621
855
406
165
293
588
139
10
767
483
94
128
640
361
837
300
750
983
474
75
763
169
927
918
732
345
861
623
501
240
678
892
551
169
611
876
204
763
295
726
394
609
463
772
877
339
632
480
411
542
867
341
348
879
297
939
598
201
490
409
879
985
356
517
994
262
924
630
358
847
548
265
292
960
646
460
262
595
14
192
301
54
547
124
259
942
624
614
121
261
598
299
247
312
513
927
211
200
793
173
711
104
162
741
740
369
1
667
288
734
