955
168
619
503
86
229
976
247
981
343
36
888
488
935
526
706
996
217
592
426
947
892
952
674
793
81
685
194
232
241
407
71
609
700
252
332
123
8
808
667
449
509
28
214
906
893
494
77
226
499
345
637
31
420
976
805
715
954
973
396
226
736
954
436
817
730
679
716
211
604
442
636
468
979
256
450
785
454
750
541
723
782
651
279
918
932
25
207
861
297
195
900
445
708
657
465
977
370
980
299
34
877
213
11
737
344
889
194
719
874
82
759
792
214
56
495
110
660
670
25
355
206
140
116
420
873
106
735
692
507
124
112
455
254
149
789
843
278
366
794
529
573
769
570
968
122
330
338
866
610
161
322
669
741
65
595
945
725
681
822
28
239
418
386
503
101
104
913
160
456
133
833
453
473
500
312
171
147
955
157
495
895
927
555
694
539
356
958
739
536
729
172
301
533
752
174
617
221
935
60
640
726
112
874
882
967
277
62
538
164
377
711
628
328
539
245
255
635
976
828
260
944
187
146
214
237
251
22
51
171
979
995
168
391
886
663
18
690
204
922
168
617
123
418
116
70
376
147
754
553
165
165
792
239
559
996
790
136
261
63
145
122
477
701
197
929
491
101
155
70
92
324
768
481
196
529
123
128
395
710
820
564
172
684
87
636
636
717
576
877
758
55
164
270
44
943
294
162
381
953
440
203
405
30
402
314
804
649
132
347
705
834
282
537
942
107
86
142
357
245
736
552
90
735
540
458
671
557
654
895
650
401
362
600
470
626
271
435
907
259
668
182
568
783
24
257
399
480
117
569
937
263
817
899
200
870
416
756
590
978
922
85
345
678
208
29
772
37
786
128
322
620
609
797
732
575
152
737
105
451
562
312
659
161
682
395
990
289
989
563
683
62
659
879
60
480
88
431
307
239
269
385
534
439
455
464
657
852
802
986
373
942
748
60
231
180
982
771
349
424
360
608
524
838
788
549
467
790
933
250
311
130
182
697
519
307
442
811
908
429
679
743
361
115
487
95
61
763
596
783
800
33
758
28
492
322
474
975
251
471
754
728
418
840
750
325
889
416
544
951
898
515
556
449
568
665
440
789
30
124
24
993
929
921
61
566
909
965
275
360
391
577
565
922
12
780
436
123
584
863
737
317
44
444
394
406
660
363
888
728
295
885
90
238
498
660
398
331
753
947
740
742
969
489
584
97
27
255
175
809
98
731
430
882
962
598
270
902
490
765
824
953
987
906
65
553
820
975
448
695
389
64
149
596
116
717
544
691
680
858
92
876
502
384
799
456
859
719
678
1
523
904
657
21
559
19
455
440
78
70
657
172
781
133
99
406
249
411
861
796
698
454
413
448
494
477
34
555
140
703
152
397
399
693
966
232
500
880
637
297
134
614
175
465
64
234
235
146
42
283
373
107
856
695
192
847
76
984
629
698
921
346
856
257
348
282
922
92
488
473
653
664
143
813
612
404
983
704
659
730
838
367
499
840
771
900
754
971
62
152
324
470
61
428
365
507
680
807
133
409
986
786
323
568
377
840
942
461
684
231
895
784
244
45
392
740
335
480
253
750
862
60
693
128
279
595
290
720
745
958
408
297
646
372
31
280
778
692
578
456
662
439
623
623
620
200
874
445
174
63
987
394
714
38
669
77
942
503
192
260
203
895
452
380
602
606
937
936
765
993
708
294
963
854
887
211
977
526
376
321
880
741
24
474
749
364
514
219
490
114
7
677
450
236
539
682
608
717
594
754
298
816
28
896
935
233
668
811
998
685
978
504
896
26
817
486
10
211
724
863
792
808
778
405
958
383
120
474
973
21
57
827
571
600
630
29
892
651
496
204
555
647
911
878
101
642
434
400
722
9
632
136
38
645
590
597
730
881
463
682
785
181
791
130
581
336
992
968
59
591
452
27
80
465
832
479
114
719
867
891
983
64
493
738
10
256
814
941
41
136
79
810
983
121
436
522
801
783
679
20
668
239
556
624
744
650
232
782
817
179
690
916
934
822
567
986
521
947
974
119
413
584
840
384
66
124
390
104
140
560
985
207
603
531
564
813
117
216
989
913
639
737
636
785
133
436
882
395
481
854
369
539
410
155
593
421
632
548
854
248
489
88
606
203
496
431
241
71
69
449
188
94
947
440
883
923
636
744
208
730
808
594
892
99
719
935
865
479
76
653
788
333
373
706
821
936
422
927
430
824
293
603
662
837
686
58
617
362
606
318
373
198
671
497
216
518
909
707
913
579
180
459
276
166
163
90
71
399
680
921
