10
10
58.14 51.23 5.26 35.98 21.80 83.81 79.87 17.92 81.53 39.17 
67.87 44.11 83.24 20.60 32.08 44.47 5.21 4.01 65.79 64.80 
24.94 76.72 25.64 65.77 91.84 56.88 43.41 14.84 54.38 36.73 
13.48 61.87 15.80 82.74 48.89 83.41 22.45 44.03 69.97 70.26 
58.09 72.66 16.89 79.30 72.42 15.69 3.59 15.52 43.43 30.59 
73.97 50.48 39.23 98.42 57.11 63.52 89.71 86.20 26.69 88.13 
8.94 79.85 8.92 72.55 38.95 3.07 56.12 54.94 26.30 33.76 
9.92 14.51 78.47 92.99 94.31 62.81 35.60 15.51 13.60 33.48 
97.70 2.88 47.91 76.05 59.91 10.67 63.42 64.09 70.76 52.09 
39.30 68.31 33.05 12.53 55.90 57.67 69.76 78.21 64.23 89.97 
