92
90
99
94
91
94
99
93
98
98
98
99
95
96
94
94
97
93
92
98
92
93
94
98
93
98
99
94
98
90
98
95
90
91
93
97
94
96
96
93
91
95
97
91
95
90
95
96
95
99
87
85
88
83
89
80
87
89
80
83
85
80
85
83
80
85
82
80
82
83
86
82
83
85
89
84
84
84
86
89
88
82
85
81
80
81
82
87
82
87
87
82
81
82
82
84
80
89
88
81
84
86
88
85
82
89
86
86
87
87
82
88
87
81
87
89
87
82
86
83
81
88
89
84
80
81
89
89
89
82
76
79
74
79
75
78
76
76
71
78
71
75
70
72
72
74
75
78
74
79
74
72
71
75
78
77
74
73
76
78
78
73
77
75
76
77
73
78
70
76
74
72
79
70
79
78
76
70
75
79
70
73
71
76
75
75
71
74
77
78
74
71
74
79
70
76
78
73
72
77
71
70
72
79
71
76
70
72
72
71
76
73
74
70
78
70
75
72
74
78
78
73
73
79
77
77
71
77
78
74
73
76
76
77
73
75
79
77
78
73
79
75
72
72
79
77
74
71
71
77
69
60
64
60
69
61
64
65
66
63
67
60
62
65
64
66
62
64
69
65
62
61
68
65
63
62
62
66
69
68
62
67
66
63
61
66
64
62
69
63
64
66
67
67
69
63
63
66
66
60
65
66
60
61
65
67
65
60
68
62
7
32
24
21
6
6
36
23
10
13
12
55
8
21
53
19
56
12
21
39
6
3
28
50
54
44
55
18
16
8