-114.813484   31.332140
-109.044571   37.004265
15

Apache
AZ
176
-110.000000   36.997967
-109.044571   36.999088
-109.045319   36.002327
-109.045212   34.959682
-109.045517   34.579250
-109.046310   33.778179
-109.347076   33.777470
-109.354950   33.768970
-109.353905   33.764755
-109.362396   33.751724
-109.361107   33.745956
-109.364227   33.739906
-109.352325   33.729195
-109.352432   33.724937
-109.360382   33.727982
-109.368851   33.722431
-109.379204   33.724125
-109.394585   33.716370
-109.395294   33.712723
-109.400337   33.717583
-109.404366   33.710346
-109.409546   33.715733
-109.413193   33.707901
-109.421417   33.711861
-109.423195   33.710213
-109.439667   33.713100
-109.443031   33.710537
-109.448349   33.710949
-109.448906   33.708565
-109.445198   33.708504
-109.461037   33.696308
-109.461121   33.692921
-109.471504   33.696835
-109.474792   33.690102
-109.480186   33.690807
-109.479393   33.687809
-109.482948   33.686661
-109.480644   33.683685
-109.483330   33.672527
-109.478912   33.664627
-109.482117   33.661377
-109.485603   33.661949
-109.480827   33.655075
-109.482994   33.654228
-109.485817   33.656631
-109.489037   33.655121
-109.489204   33.659061
-109.494797   33.652832
-109.500488   33.652363
-109.504662   33.643665
-109.509979   33.645267
-109.513725   33.641788
-109.518883   33.645775
-109.516830   33.635147
-109.527458   33.623257
-109.524277   33.618790
-109.532303   33.619522
-109.539665   33.624496
-109.543854   33.617027
-109.546211   33.618153
-109.545723   33.620766
-109.554062   33.620007
-109.558006   33.625832
-109.561134   33.626385
-109.577065   33.617786
-109.581573   33.618015
-109.579086   33.615883
-109.580460   33.613159
-109.585030   33.612999
-109.589195   33.616386
-109.597862   33.613155
-109.597458   33.610409
-109.604080   33.612148
-109.606270   33.607018
-109.603607   33.600857
-109.609520   33.592701
-109.614883   33.594048
-109.619560   33.583557
-109.622185   33.583851
-109.625786   33.589645
-109.631233   33.584541
-109.644150   33.586033
-109.652008   33.583263
-109.659698   33.583698
-109.659866   33.578800
-109.667053   33.578342
-109.674942   33.573212
-109.673546   33.571335
-109.675789   33.569000
-109.670181   33.567303
-109.671715   33.559769
-109.665253   33.557911
-109.664734   33.555275
-109.678688   33.556789
-109.677956   33.552391
-109.684441   33.543324
-109.690186   33.541740
-109.690613   33.539337
-109.695412   33.539471
-109.699837   33.534981
-109.705803   33.539864
-109.705879   33.533264
-109.708397   33.531155
-109.715591   33.530743
-109.712006   33.525589
-109.721001   33.522655
-109.720345   33.519104
-109.724258   33.519653
-109.724098   33.523251
-109.730522   33.521484
-109.727264   33.516285
-109.740059   33.509338
-109.743576   33.503040
-109.740891   33.493790
-109.745674   33.489616
-109.746101   33.484715
-109.753433   33.481117
-109.760727   33.481579
-109.761795   33.477364
-109.766113   33.475533
-109.782791   33.476456
-109.783905   33.481689
-109.791153   33.485092
-109.796043   33.483719
-109.800262   33.488750
-109.803841   33.487507
-109.802223   33.481842
-109.805847   33.484840
-109.811836   33.484295
-109.811646   33.488846
-109.807114   33.489285
-109.806091   33.497532
-109.812096   33.497055
-109.813210   33.500000
-109.804932   33.500507
-109.803673   33.503826
-109.812912   33.505363
-109.818001   33.510357
-109.822899   33.509624
-109.818466   33.520481
-109.825485   33.522587
-109.822861   33.527836
-109.828995   33.531845
-109.829895   33.535439
-109.832520   33.535278
-109.832939   33.531246
-109.836510   33.529163
-109.844368   33.534016
-109.844116   33.540890
-109.848091   33.534359
-109.850136   33.535252
-109.851997   33.539856
-109.845680   33.547897
-109.846809   33.550140
-109.853592   33.545193
-109.867821   33.557465
-109.868073   33.562485
-109.877525   33.559383
-109.881218   33.571369
-109.884804   33.568184
-109.891136   33.567802
-109.891113   33.777729
-109.858627   33.777634
-109.858543   34.067783
-109.858734   34.125950
-109.848724   34.125900
-109.846107   34.473427
-109.864578   34.560677
-109.849800   34.647205
-109.851135   34.822487
-109.843948   34.822533
-109.842545   34.953148
-109.843094   35.517864
-109.826225   35.517670
-109.826279   35.662479
-110.000000   35.662647

Cochise
AZ
20
-109.113373   32.426102
-109.046997   32.426300
-109.049431   31.332397
-109.999985   31.333044
-110.263756   31.333094
-110.459534   31.333403
-110.459984   31.612049
-110.459930   31.613947
-110.451614   31.613844
-110.451103   31.731180
-110.450851   32.077183
-110.449081   32.079708
-110.446686   32.211277
-110.447144   32.253731
-110.450386   32.253727
-110.450867   32.427284
-110.169693   32.426304
-109.431396   32.427502
-109.227203   32.424400
-109.226601   32.426399

Coconino
AZ
696
-111.412048   37.001514
-111.133018   37.000790
-110.750000   37.003201
-110.750000   34.263271
-110.762550   34.258369
-110.766289   34.258961
-110.766022   34.268955
-110.757210   34.279297
-110.760582   34.287830
-110.763939   34.292397
-110.782181   34.299454
-110.780495   34.307636
-110.787331   34.297710
-110.789101   34.302921
-110.786324   34.305622
-110.787399   34.309021
-110.792969   34.304955
-110.795059   34.307068
-110.795326   34.299057
-110.802139   34.298012
-110.804207   34.311234
-110.807999   34.308121
-110.808578   34.302898
-110.811127   34.303089
-110.810631   34.295315
-110.817719   34.300095
-110.823196   34.300274
-110.823219   34.302525
-110.824982   34.301067
-110.827438   34.303516
-110.829857   34.301788
-110.832024   34.304131
-110.833221   34.302921
-110.837776   34.308784
-110.845230   34.307095
-110.844643   34.303837
-110.834114   34.300621
-110.828644   34.295769
-110.823898   34.295353
-110.819427   34.288574
-110.837097   34.280613
-110.834290   34.279449
-110.834145   34.275879
-110.831848   34.278454
-110.830902   34.276840
-110.825439   34.277641
-110.825867   34.275249
-110.835075   34.269279
-110.843338   34.268330
-110.847206   34.271034
-110.846878   34.265594
-110.852264   34.269966
-110.864349   34.270947
-110.883179   34.280342
-110.888039   34.286304
-110.883171   34.289532
-110.886925   34.293110
-110.894547   34.295452
-110.896240   34.302406
-110.904976   34.300133
-110.926460   34.310463
-110.940948   34.310608
-110.945419   34.317245
-110.950432   34.318760
-110.952927   34.313896
-110.958176   34.314430
-110.968033   34.323757
-110.974731   34.336605
-110.996628   34.344093
-110.997520   34.351624
-110.998817   34.349968
-111.005234   34.351204
-111.003036   34.356232
-111.005280   34.361031
-111.007942   34.362408
-111.009438   34.358440
-111.013306   34.361496
-111.019852   34.361645
-111.019463   34.373123
-111.022865   34.372372
-111.026855   34.363335
-111.033081   34.362461
-111.025192   34.353786
-111.030647   34.349541
-111.027557   34.346344
-111.029793   34.343288
-111.028206   34.341202
-111.032486   34.340900
-111.043533   34.342911
-111.049316   34.347118
-111.051994   34.352573
-111.056618   34.353436
-111.056168   34.360332
-111.050880   34.356991
-111.040840   34.371273
-111.038956   34.370029
-111.036659   34.371555
-111.042984   34.379593
-111.045898   34.375000
-111.049889   34.373730
-111.050308   34.370369
-111.052734   34.370708
-111.050827   34.375481
-111.053566   34.378979
-111.058258   34.380600
-111.060341   34.377277
-111.066338   34.379944
-111.071274   34.378429
-111.076263   34.380638
-111.075531   34.386799
-111.079536   34.385574
-111.078941   34.389046
-111.086906   34.391411
-111.083946   34.393154
-111.086815   34.394962
-111.094093   34.393242
-111.095116   34.396748
-111.099525   34.393974
-111.101280   34.389496
-111.110893   34.391483
-111.109650   34.383614
-111.115189   34.385044
-111.120407   34.383560
-111.127357   34.390610
-111.128853   34.385181
-111.134438   34.388256
-111.135017   34.385368
-111.139130   34.385803
-111.143051   34.377819
-111.139595   34.375721
-111.146408   34.375153
-111.150963   34.378960
-111.148170   34.384808
-111.151566   34.388332
-111.151375   34.394230
-111.154503   34.395088
-111.155075   34.399078
-111.159599   34.399845
-111.160294   34.403786
-111.163902   34.404396
-111.169640   34.401039
-111.172256   34.405598
-111.177139   34.403671
-111.177483   34.408321
-111.180588   34.407906
-111.182465   34.410061
-111.194382   34.404636
-111.197845   34.409187
-111.208878   34.408329
-111.211006   34.413334
-111.213936   34.412899
-111.214340   34.417801
-111.220413   34.415752
-111.221176   34.418896
-111.221466   34.425621
-111.225075   34.424706
-111.226997   34.431728
-111.235207   34.429916
-111.239204   34.431408
-111.239899   34.437149
-111.244377   34.438343
-111.244453   34.442352
-111.247055   34.442173
-111.243874   34.446117
-111.245407   34.450062
-111.250000   34.453339
-111.251152   34.451283
-111.253365   34.452236
-111.255791   34.446747
-111.259422   34.447678
-111.261276   34.442795
-111.272003   34.444485
-111.277939   34.438251
-111.278442   34.439903
-111.286270   34.439819
-111.288269   34.435955
-111.296112   34.437176
-111.300377   34.432423
-111.306114   34.434078
-111.310051   34.426758
-111.314156   34.429150
-111.316956   34.426376
-111.320053   34.427738
-111.323608   34.422565
-111.327240   34.421967
-111.331291   34.424835
-111.334976   34.423355
-111.336472   34.422112
-111.346321   34.425236
-111.349831   34.423218
-111.354538   34.425652
-111.354515   34.429749
-111.350861   34.432266
-111.353668   34.434887
-111.349503   34.439915
-111.351189   34.440968
-111.362640   34.436001
-111.366158   34.440289
-111.370979   34.439606
-111.372314   34.436871
-111.376083   34.436211
-111.378395   34.430786
-111.384285   34.432381
-111.383247   34.430363
-111.386742   34.429111
-111.387466   34.424580
-111.392097   34.423710
-111.396461   34.425884
-111.396332   34.428440
-111.398041   34.427624
-111.400146   34.424900
-111.398529   34.422604
-111.400482   34.410828
-111.405411   34.408619
-111.408409   34.410267
-111.410561   34.407970
-111.402702   34.397724
-111.385727   34.397774
-111.388985   34.393673
-111.388153   34.390911
-111.383476   34.390396
-111.386887   34.387486
-111.395866   34.385380
-111.399979   34.378723
-111.408310   34.377110
-111.411057   34.382236
-111.416580   34.380543
-111.417793   34.376968
-111.418488   34.388023
-111.421181   34.387726
-111.422455   34.390572
-111.420898   34.393581
-111.425629   34.386147
-111.428581   34.390747
-111.424034   34.394615
-111.421356   34.405979
-111.427048   34.412895
-111.423515   34.414127
-111.426865   34.420319
-111.420639   34.432163
-111.424751   34.435711
-111.421242   34.437214
-111.417053   34.432629
-111.410561   34.433453
-111.406273   34.427345
-111.403404   34.430748
-111.406647   34.438015
-111.397820   34.440144
-111.397545   34.443741
-111.400734   34.443008
-111.406891   34.446339
-111.406555   34.444202
-111.410721   34.442577
-111.416573   34.445160
-111.418541   34.443382
-111.425682   34.448235
-111.430450   34.444744
-111.434906   34.446430
-111.432762   34.439976
-111.436134   34.438316
-111.443382   34.441383
-111.442009   34.433960
-111.450577   34.434830
-111.449738   34.431263
-111.454430   34.430565
-111.453079   34.427044
-111.459419   34.425125
-111.459816   34.423134
-111.463806   34.415085
-111.461197   34.411144
-111.466446   34.409492
-111.464401   34.412418
-111.466064   34.414051
-111.478722   34.414349
-111.479340   34.415852
-111.474838   34.416538
-111.479919   34.419521
-111.477005   34.422455
-111.480804   34.422764
-111.481018   34.424755
-111.478989   34.427410
-111.468826   34.426609
-111.469658   34.428326
-111.467018   34.429523
-111.476593   34.429462
-111.466454   34.437714
-111.476669   34.431747
-111.474281   34.436050
-111.480278   34.433559
-111.483696   34.435074
-111.483101   34.431381
-111.486259   34.429787
-111.490402   34.430759
-111.492867   34.434231
-111.491165   34.422714
-111.493195   34.418377
-111.497200   34.420593
-111.499741   34.427551
-111.502708   34.422039
-111.507797   34.422161
-111.514458   34.414185
-111.523170   34.411587
-111.535347   34.411880
-111.535332   34.414455
-111.541389   34.416531
-111.544968   34.415432
-111.549576   34.419422
-111.541031   34.423939
-111.539040   34.428631
-111.534264   34.423470
-111.527832   34.423004
-111.528984   34.435577
-111.521919   34.427094
-111.516960   34.430363
-111.517944   34.433208
-111.518997   34.437237
-111.515121   34.440086
-111.518311   34.441929
-111.516785   34.444988
-111.521217   34.445354
-111.517914   34.446423
-111.512863   34.444401
-111.505898   34.438133
-111.501122   34.442165
-111.503128   34.444214
-111.495285   34.446716
-111.492699   34.451916
-111.488739   34.450417
-111.488403   34.454437
-111.485344   34.452892
-111.484344   34.454678
-111.476341   34.450447
-111.479553   34.455788
-111.474075   34.459110
-111.470467   34.456940
-111.471352   34.462238
-111.478958   34.460758
-111.485199   34.463757
-111.496269   34.461208
-111.508263   34.454636
-111.516754   34.455566
-111.518974   34.458248
-111.522499   34.455017
-111.534653   34.453648
-111.535751   34.455345
-111.539711   34.454823
-111.539787   34.456802
-111.531570   34.460911
-111.522919   34.463879
-111.520958   34.462555
-111.519447   34.466850
-111.511742   34.467812
-111.511345   34.480370
-111.508118   34.479305
-111.509369   34.483624
-111.512550   34.484413
-111.513222   34.486362
-111.509621   34.489063
-111.512955   34.491905
-111.501289   34.498184
-111.516373   34.494125
-111.518501   34.494698
-111.518059   34.498646
-111.520508   34.498955
-111.523865   34.494946
-111.519547   34.481419
-111.527267   34.470554
-111.536171   34.467674
-111.535179   34.471882
-111.538391   34.475433
-111.542007   34.471195
-111.541176   34.465157
-111.545692   34.465378
-111.548088   34.460850
-111.554420   34.472172
-111.551399   34.802502
-111.777199   34.803299
-111.779106   34.818100
-111.777107   34.981300
-111.808601   34.981098
-111.808502   34.976200
-112.322289   34.973022
-112.333809   34.973007
-112.334991   35.148266
-112.441566   35.149395
-112.440018   35.260460
-112.465088   35.247520
-112.471970   35.238300
-112.500000   35.242470
-112.541069   35.236328
-112.576668   35.243389
-112.603264   35.269215
-112.619888   35.274853
-112.618027   35.289951
-112.622185   35.296043
-112.630226   35.299953
-112.643791   35.299721
-112.654732   35.291904
-112.658371   35.291763
-112.675636   35.306717
-112.694115   35.311581
-112.733948   35.305065
-112.754105   35.306297
-112.764122   35.313999
-112.784317   35.315765
-112.803352   35.325310
-112.881920   35.342422
-112.944046   35.352604
-112.952675   35.356110
-112.963020   35.381256
-112.975113   35.392902
-113.085304   35.452999
-113.147301   35.478600
-113.154305   35.493301
-113.171005   35.505348
-113.198380   35.510975
-113.218040   35.508881
-113.264442   35.530087
-113.279099   35.528984
-113.304214   35.531143
-113.333397   35.528046
-113.333260   35.803043
-113.328743   35.813038
-113.332504   35.821693
-113.325081   35.829865
-113.325600   35.841999
-113.309860   35.862408
-113.311943   35.875000
-113.308456   35.887341
-113.310417   35.893272
-113.322128   35.898815
-113.327095   35.907700
-113.334091   35.913868
-113.324753   35.934666
-113.327896   35.950153
-113.316650   35.960835
-113.318260   35.965801
-113.316498   35.968628
-113.321075   35.975960
-113.333794   35.979465
-113.339653   35.986633
-113.339378   36.003300
-113.347595   36.013130
-113.353409   36.040382
-113.349571   36.050495
-113.345016   36.056770
-113.330009   36.068340
-113.322899   36.090851
-113.319206   36.096786
-113.312660   36.100021
-113.299828   36.095749
-113.276321   36.097057
-113.256401   36.088516
-113.245483   36.093357
-113.230377   36.089542
-113.224159   36.091160
-113.217682   36.099396
-113.215073   36.107632
-113.200912   36.119061
-113.204529   36.133209
-113.200500   36.149593
-113.171806   36.162750
-113.162170   36.171761
-113.156120   36.174324
-113.148407   36.173695
-113.136322   36.166443
-113.127251   36.169495
-113.120598   36.173798
-113.113335   36.183243
-113.094711   36.193584
-113.052002   36.209385
-113.037506   36.226627
-113.018349   36.236725
-113.005585   36.238773
-112.988953   36.232578
-112.980453   36.231789
-112.934563   36.242802
-112.929344   36.246082
-112.922653   36.257759
-112.914330   36.258160
-112.902199   36.253731
-112.897499   36.254780
-112.883575   36.263840
-112.875397   36.278263
-112.865784   36.282536
-112.841545   36.276752
-112.828880   36.287060
-112.823753   36.288361
-112.811798   36.288582
-112.797623   36.283844
-112.793007   36.284412
-112.788574   36.288887
-112.786728   36.300838
-112.765404   36.305729
-112.760933   36.310066
-112.755043   36.324364
-112.748283   36.325481
-112.731049   36.317780
-112.722130   36.319992
-112.719391   36.325188
-112.725754   36.342060
-112.721825   36.346958
-112.696739   36.355381
-112.687851   36.353260
-112.685509   36.345238
-112.680824   36.341679
-112.667679   36.346630
-112.652466   36.361736
-112.646454   36.383369
-112.637856   36.389214
-112.628746   36.391636
-112.631409   36.394833
-112.628769   36.397213
-112.630096   36.401997
-112.623787   36.406845
-112.622948   36.414585
-112.626633   36.417606
-112.626915   36.423172
-112.630028   36.424019
-112.628777   36.428417
-112.637589   36.424984
-112.640556   36.431740
-112.638802   36.434486
-112.643562   36.434326
-112.641579   36.437214
-112.645683   36.440002
-112.638489   36.439476
-112.635849   36.443733
-112.639221   36.443165
-112.641312   36.446232
-112.646156   36.447014
-112.639786   36.448727
-112.640770   36.456715
-112.644112   36.457085
-112.642639   36.461067
-112.634300   36.464066
-112.632294   36.462299
-112.628181   36.465000
-112.628181   36.468937
-112.630959   36.470127
-112.621910   36.474426
-112.625099   36.479336
-112.620956   36.484776
-112.625725   36.483658
-112.624817   36.486149
-112.628082   36.486679
-112.634857   36.484234
-112.639732   36.488674
-112.634598   36.491901
-112.639839   36.498177
-112.642761   36.495838
-112.645180   36.497192
-112.640686   36.501820
-112.647041   36.503147
-112.644226   36.508049
-112.646095   36.510475
-112.651398   36.509399
-112.655258   36.514713
-112.651939   36.518307
-112.654770   36.521442
-112.652527   36.529045
-112.658714   36.530304
-112.655045   36.536919
-112.659271   36.538406
-112.659157   36.543285
-112.650963   36.544613
-112.653198   36.546444
-112.649422   36.550331
-112.655724   36.553928
-112.647209   36.561275
-112.647835   36.564457
-112.641014   36.566055
-112.643456   36.571255
-112.631737   36.570656
-112.631470   36.574455
-112.634766   36.575809
-112.633118   36.577709
-112.627213   36.577202
-112.629089   36.581619
-112.625427   36.582531
-112.628258   36.589725
-112.621864   36.591686
-112.625618   36.593224
-112.620247   36.595558
-112.622833   36.599747
-112.619202   36.602451
-112.621559   36.607693
-112.617958   36.614449
-112.622360   36.615520
-112.621773   36.626743
-112.626152   36.629631
-112.624138   36.634708
-112.627876   36.637829
-112.628662   36.645863
-112.625336   36.648079
-112.629852   36.650330
-112.626900   36.654789
-112.632355   36.658089
-112.637680   36.674526
-112.632225   36.679836
-112.633949   36.686592
-112.628120   36.692127
-112.629623   36.695103
-112.626518   36.701534
-112.630013   36.706207
-112.625610   36.707211
-112.623253   36.710552
-112.627312   36.716026
-112.622955   36.717468
-112.622475   36.720650
-112.615906   36.721523
-112.622047   36.723511
-112.619949   36.730244
-112.614342   36.727501
-112.615891   36.734272
-112.621033   36.735096
-112.621010   36.737888
-112.617882   36.738735
-112.614151   36.736130
-112.611900   36.737434
-112.613762   36.740685
-112.617516   36.741348
-112.615829   36.744621
-112.611343   36.742859
-112.612991   36.749130
-112.616234   36.750473
-112.616005   36.755001
-112.610718   36.752232
-112.609467   36.755779
-112.614334   36.757313
-112.614845   36.762577
-112.620003   36.763992
-112.620377   36.769741
-112.617783   36.769398
-112.611763   36.774849
-112.611839   36.776630
-112.616135   36.774776
-112.619049   36.782925
-112.612930   36.787209
-112.611198   36.795151
-112.613823   36.797764
-112.607925   36.797924
-112.609497   36.802319
-112.606850   36.800671
-112.602921   36.800034
-112.605629   36.807838
-112.602158   36.808662
-112.599937   36.806652
-112.596664   36.808964
-112.599365   36.810291
-112.598434   36.814983
-112.600594   36.816902
-112.600113   36.824116
-112.595757   36.826702
-112.599434   36.831715
-112.592628   36.832451
-112.592209   36.840599
-112.584091   36.847382
-112.587570   36.849895
-112.584755   36.854431
-112.586121   36.857979
-112.574554   36.864918
-112.577835   36.868305
-112.572960   36.872910
-112.576576   36.875000
-112.571648   36.879028
-112.573639   36.886856
-112.570045   36.888367
-112.569313   36.895920
-112.565323   36.897297
-112.566063   36.899059
-112.562752   36.898968
-112.556458   36.906223
-112.552666   36.906796
-112.551811   36.915012
-112.547707   36.912773
-112.545425   36.921265
-112.547646   36.928177
-112.544312   36.927559
-112.543625   36.930557
-112.544937   36.937447
-112.528618   36.952484
-112.531387   36.956604
-112.530067   36.966927
-112.532318   36.971718
-112.534653   36.971760
-112.534454   36.975491
-112.538559   36.977898
-112.538612   36.981949
-112.543243   36.985245
-112.544151   36.993237
-112.541672   36.992916
-112.543243   36.996464
-112.539383   36.997334
-112.539604   37.000683
-112.000000   37.000977

Gila
AZ
715
-111.554420   34.472172
-111.548088   34.460850
-111.545692   34.465378
-111.541176   34.465157
-111.542007   34.471195
-111.538391   34.475433
-111.535179   34.471882
-111.536171   34.467674
-111.527267   34.470554
-111.519547   34.481419
-111.523865   34.494946
-111.520508   34.498955
-111.518059   34.498646
-111.518501   34.494698
-111.516373   34.494125
-111.501289   34.498184
-111.512955   34.491905
-111.509621   34.489063
-111.513222   34.486362
-111.512550   34.484413
-111.509369   34.483624
-111.508118   34.479305
-111.511345   34.480370
-111.511742   34.467812
-111.519447   34.466850
-111.520958   34.462555
-111.522919   34.463879
-111.531570   34.460911
-111.539787   34.456802
-111.539711   34.454823
-111.535751   34.455345
-111.534653   34.453648
-111.522499   34.455017
-111.518974   34.458248
-111.516754   34.455566
-111.508263   34.454636
-111.496269   34.461208
-111.485199   34.463757
-111.478958   34.460758
-111.471352   34.462238
-111.470467   34.456940
-111.474075   34.459110
-111.479553   34.455788
-111.476341   34.450447
-111.484344   34.454678
-111.485344   34.452892
-111.488403   34.454437
-111.488739   34.450417
-111.492699   34.451916
-111.495285   34.446716
-111.503128   34.444214
-111.501122   34.442165
-111.505898   34.438133
-111.512863   34.444401
-111.517914   34.446423
-111.521217   34.445354
-111.516785   34.444988
-111.518311   34.441929
-111.515121   34.440086
-111.518997   34.437237
-111.517944   34.433208
-111.516960   34.430363
-111.521919   34.427094
-111.528984   34.435577
-111.527832   34.423004
-111.534264   34.423470
-111.539040   34.428631
-111.541031   34.423939
-111.549576   34.419422
-111.544968   34.415432
-111.541389   34.416531
-111.535332   34.414455
-111.535347   34.411880
-111.523170   34.411587
-111.514458   34.414185
-111.507797   34.422161
-111.502708   34.422039
-111.499741   34.427551
-111.497200   34.420593
-111.493195   34.418377
-111.491165   34.422714
-111.492867   34.434231
-111.490402   34.430759
-111.486259   34.429787
-111.483101   34.431381
-111.483696   34.435074
-111.480278   34.433559
-111.474281   34.436050
-111.476669   34.431747
-111.466454   34.437714
-111.476593   34.429462
-111.467018   34.429523
-111.469658   34.428326
-111.468826   34.426609
-111.478989   34.427410
-111.481018   34.424755
-111.480804   34.422764
-111.477005   34.422455
-111.479919   34.419521
-111.474838   34.416538
-111.479340   34.415852
-111.478722   34.414349
-111.466064   34.414051
-111.464401   34.412418
-111.466446   34.409492
-111.461197   34.411144
-111.463806   34.415085
-111.459816   34.423134
-111.459419   34.425125
-111.453079   34.427044
-111.454430   34.430565
-111.449738   34.431263
-111.450577   34.434830
-111.442009   34.433960
-111.443382   34.441383
-111.436134   34.438316
-111.432762   34.439976
-111.434906   34.446430
-111.430450   34.444744
-111.425682   34.448235
-111.418541   34.443382
-111.416573   34.445160
-111.410721   34.442577
-111.406555   34.444202
-111.406891   34.446339
-111.400734   34.443008
-111.397545   34.443741
-111.397820   34.440144
-111.406647   34.438015
-111.403404   34.430748
-111.406273   34.427345
-111.410561   34.433453
-111.417053   34.432629
-111.421242   34.437214
-111.424751   34.435711
-111.420639   34.432163
-111.426865   34.420319
-111.423515   34.414127
-111.427048   34.412895
-111.421356   34.405979
-111.424034   34.394615
-111.428581   34.390747
-111.425629   34.386147
-111.420898   34.393581
-111.422455   34.390572
-111.421181   34.387726
-111.418488   34.388023
-111.417793   34.376968
-111.416580   34.380543
-111.411057   34.382236
-111.408310   34.377110
-111.399979   34.378723
-111.395866   34.385380
-111.386887   34.387486
-111.383476   34.390396
-111.388153   34.390911
-111.388985   34.393673
-111.385727   34.397774
-111.402702   34.397724
-111.410561   34.407970
-111.408409   34.410267
-111.405411   34.408619
-111.400482   34.410828
-111.398529   34.422604
-111.400146   34.424900
-111.398041   34.427624
-111.396332   34.428440
-111.396461   34.425884
-111.392097   34.423710
-111.387466   34.424580
-111.386742   34.429111
-111.383247   34.430363
-111.384285   34.432381
-111.378395   34.430786
-111.376083   34.436211
-111.372314   34.436871
-111.370979   34.439606
-111.366158   34.440289
-111.362640   34.436001
-111.351189   34.440968
-111.349503   34.439915
-111.353668   34.434887
-111.350861   34.432266
-111.354515   34.429749
-111.354538   34.425652
-111.349831   34.423218
-111.346321   34.425236
-111.336472   34.422112
-111.334976   34.423355
-111.331291   34.424835
-111.327240   34.421967
-111.323608   34.422565
-111.320053   34.427738
-111.316956   34.426376
-111.314156   34.429150
-111.310051   34.426758
-111.306114   34.434078
-111.300377   34.432423
-111.296112   34.437176
-111.288269   34.435955
-111.286270   34.439819
-111.278442   34.439903
-111.277939   34.438251
-111.272003   34.444485
-111.261276   34.442795
-111.259422   34.447678
-111.255791   34.446747
-111.253365   34.452236
-111.251152   34.451283
-111.250000   34.453339
-111.245407   34.450062
-111.243874   34.446117
-111.247055   34.442173
-111.244453   34.442352
-111.244377   34.438343
-111.239899   34.437149
-111.239204   34.431408
-111.235207   34.429916
-111.226997   34.431728
-111.225075   34.424706
-111.221466   34.425621
-111.221176   34.418896
-111.220413   34.415752
-111.214340   34.417801
-111.213936   34.412899
-111.211006   34.413334
-111.208878   34.408329
-111.197845   34.409187
-111.194382   34.404636
-111.182465   34.410061
-111.180588   34.407906
-111.177483   34.408321
-111.177139   34.403671
-111.172256   34.405598
-111.169640   34.401039
-111.163902   34.404396
-111.160294   34.403786
-111.159599   34.399845
-111.155075   34.399078
-111.154503   34.395088
-111.151375   34.394230
-111.151566   34.388332
-111.148170   34.384808
-111.150963   34.378960
-111.146408   34.375153
-111.139595   34.375721
-111.143051   34.377819
-111.139130   34.385803
-111.135017   34.385368
-111.134438   34.388256
-111.128853   34.385181
-111.127357   34.390610
-111.120407   34.383560
-111.115189   34.385044
-111.109650   34.383614
-111.110893   34.391483
-111.101280   34.389496
-111.099525   34.393974
-111.095116   34.396748
-111.094093   34.393242
-111.086815   34.394962
-111.083946   34.393154
-111.086906   34.391411
-111.078941   34.389046
-111.079536   34.385574
-111.075531   34.386799
-111.076263   34.380638
-111.071274   34.378429
-111.066338   34.379944
-111.060341   34.377277
-111.058258   34.380600
-111.053566   34.378979
-111.050827   34.375481
-111.052734   34.370708
-111.050308   34.370369
-111.049889   34.373730
-111.045898   34.375000
-111.042984   34.379593
-111.036659   34.371555
-111.038956   34.370029
-111.040840   34.371273
-111.050880   34.356991
-111.056168   34.360332
-111.056618   34.353436
-111.051994   34.352573
-111.049316   34.347118
-111.043533   34.342911
-111.032486   34.340900
-111.028206   34.341202
-111.029793   34.343288
-111.027557   34.346344
-111.030647   34.349541
-111.025192   34.353786
-111.033081   34.362461
-111.026855   34.363335
-111.022865   34.372372
-111.019463   34.373123
-111.019852   34.361645
-111.013306   34.361496
-111.009438   34.358440
-111.007942   34.362408
-111.005280   34.361031
-111.003036   34.356232
-111.005234   34.351204
-110.998817   34.349968
-110.997520   34.351624
-110.996628   34.344093
-110.974731   34.336605
-110.968033   34.323757
-110.958176   34.314430
-110.952927   34.313896
-110.950432   34.318760
-110.945419   34.317245
-110.940948   34.310608
-110.926460   34.310463
-110.904976   34.300133
-110.896240   34.302406
-110.894547   34.295452
-110.886925   34.293110
-110.883171   34.289532
-110.888039   34.286304
-110.883179   34.280342
-110.864349   34.270947
-110.852264   34.269966
-110.846878   34.265594
-110.847206   34.271034
-110.843338   34.268330
-110.835075   34.269279
-110.825867   34.275249
-110.825439   34.277641
-110.830902   34.276840
-110.831848   34.278454
-110.834145   34.275879
-110.834290   34.279449
-110.837097   34.280613
-110.819427   34.288574
-110.823898   34.295353
-110.828644   34.295769
-110.834114   34.300621
-110.844643   34.303837
-110.845230   34.307095
-110.837776   34.308784
-110.833221   34.302921
-110.832024   34.304131
-110.829857   34.301788
-110.827438   34.303516
-110.824982   34.301067
-110.823219   34.302525
-110.823196   34.300274
-110.817719   34.300095
-110.810631   34.295315
-110.811127   34.303089
-110.808578   34.302898
-110.807999   34.308121
-110.804207   34.311234
-110.802139   34.298012
-110.795326   34.299057
-110.795059   34.307068
-110.792969   34.304955
-110.787399   34.309021
-110.786324   34.305622
-110.789101   34.302921
-110.787331   34.297710
-110.780495   34.307636
-110.782181   34.299454
-110.763939   34.292397
-110.760582   34.287830
-110.757210   34.279297
-110.766022   34.268955
-110.766289   34.258961
-110.762550   34.258369
-110.750000   34.263271
-110.750000   34.000000
-110.000000   34.000000
-110.000000   33.576931
-110.000000   33.465862
-110.168861   33.465660
-110.168289   33.451626
-110.176079   33.448261
-110.181183   33.449657
-110.181839   33.446568
-110.189903   33.451653
-110.192413   33.446632
-110.189438   33.441753
-110.196846   33.443012
-110.205292   33.439255
-110.209610   33.441845
-110.217224   33.435314
-110.221519   33.440102
-110.226677   33.440559
-110.228104   33.444061
-110.233299   33.439663
-110.236900   33.442158
-110.245651   33.436749
-110.251923   33.438419
-110.263702   33.435101
-110.271919   33.441910
-110.294632   33.428925
-110.302582   33.428696
-110.304550   33.431698
-110.308952   33.430069
-110.312881   33.433483
-110.320229   33.433002
-110.329414   33.426975
-110.341545   33.426357
-110.340668   33.421547
-110.347244   33.420261
-110.345253   33.416412
-110.348061   33.410431
-110.346649   33.408005
-110.350716   33.408279
-110.351341   33.403465
-110.355927   33.404335
-110.362427   33.398056
-110.365456   33.400253
-110.368294   33.396564
-110.368980   33.399429
-110.381317   33.402954
-110.383583   33.406830
-110.387794   33.402477
-110.394096   33.404266
-110.408577   33.399162
-110.412590   33.401291
-110.419289   33.385166
-110.427231   33.387939
-110.440750   33.381386
-110.441460   33.368736
-110.449158   33.365875
-110.451233   33.362186
-110.443810   33.352081
-110.446922   33.348850
-110.447815   33.341820
-110.443481   33.325897
-110.450195   33.316433
-110.446480   33.300259
-110.456375   33.295033
-110.457222   33.292423
-110.452805   33.290543
-110.454193   33.282112
-110.448494   33.273979
-110.448135   33.265251
-110.443008   33.262276
-110.443146   33.255333
-110.436134   33.251228
-110.434593   33.239136
-110.427002   33.235878
-110.421501   33.228615
-110.416672   33.227402
-110.420609   33.216152
-110.399864   33.198318
-110.401932   33.196175
-110.405235   33.197403
-110.407944   33.191978
-110.418976   33.191055
-110.419960   33.193516
-110.429085   33.190922
-110.431984   33.187656
-110.445778   33.189789
-110.448364   33.194469
-110.451080   33.194042
-110.453285   33.197979
-110.463585   33.192295
-110.461494   33.184811
-110.464478   33.182491
-110.479126   33.182213
-110.503120   33.186314
-110.515617   33.175632
-110.526405   33.176807
-110.527573   33.170788
-110.534088   33.165218
-110.529816   33.161530
-110.526756   33.163296
-110.523552   33.161987
-110.524155   33.159397
-110.533485   33.160339
-110.544846   33.168819
-110.549477   33.157936
-110.549103   33.152782
-110.558029   33.155029
-110.561386   33.148453
-110.566292   33.147697
-110.568275   33.144650
-110.580933   33.146572
-110.580093   33.143913
-110.586136   33.137112
-110.592484   33.133739
-110.596489   33.133968
-110.597794   33.137772
-110.608498   33.142693
-110.633141   33.142368
-110.637947   33.133366
-110.655861   33.113491
-110.661140   33.113491
-110.661797   33.119198
-110.664711   33.119999
-110.672066   33.111477
-110.677132   33.111111
-110.678871   33.101032
-110.682907   33.097847
-110.682167   33.088154
-110.689842   33.088886
-110.694221   33.086346
-110.688507   33.084030
-110.689003   33.078625
-110.692345   33.076813
-110.705559   33.083603
-110.710770   33.081257
-110.712013   33.077637
-110.720238   33.075985
-110.720421   33.072823
-110.724831   33.069317
-110.715141   33.050598
-110.715622   33.040657
-110.723213   33.042374
-110.728111   33.035244
-110.728546   33.026859
-110.736809   33.022343
-110.737572   33.019478
-110.744202   33.017185
-110.746124   33.010265
-110.750465   33.010399
-110.757225   33.004833
-110.762901   33.004631
-110.764442   32.985989
-110.782173   32.984612
-110.946022   33.250000
-110.974037   33.342041
-111.039230   33.466053
-111.152672   33.677559
-111.168800   33.667469
-111.172859   33.660076
-111.178925   33.659828
-111.199600   33.640209
-111.208038   33.635029
-111.206779   33.620525
-111.223007   33.602814
-111.237679   33.618401
-111.249542   33.624462
-111.257431   33.621040
-111.268394   33.628933
-111.272926   33.638401
-111.286514   33.651978
-111.286507   33.658569
-111.298836   33.663776
-111.314217   33.681347
-111.325325   33.684334
-111.330711   33.688293
-111.337639   33.702702
-111.336327   33.708942
-111.337929   33.715855
-111.335686   33.720310
-111.351227   33.733475
-111.354141   33.733200
-111.355606   33.738792
-111.371445   33.745167
-111.372330   33.749298
-111.380447   33.747616
-111.386131   33.750000
-111.381470   33.760918
-111.386436   33.763187
-111.388687   33.770763
-111.385880   33.773163
-111.388763   33.776619
-111.384773   33.783138
-111.380508   33.785183
-111.382111   33.788090
-111.377815   33.793671
-111.387642   33.805313
-111.383553   33.816448
-111.370834   33.818810
-111.371880   33.824211
-111.382874   33.833580
-111.391808   33.835857
-111.389458   33.837654
-111.394783   33.841183
-111.391632   33.854794
-111.386520   33.862450
-111.395622   33.868523
-111.395363   33.876892
-111.404961   33.879494
-111.404831   33.882069
-111.410515   33.883556
-111.412697   33.888367
-111.410744   33.891560
-111.412308   33.901413
-111.407310   33.905243
-111.407913   33.911926
-111.404381   33.919174
-111.425240   33.926067
-111.436798   33.916134
-111.450218   33.919834
-111.448578   33.929691
-111.451355   33.933727
-111.446381   33.934818
-111.448616   33.943558
-111.451561   33.948929
-111.447319   33.957748
-111.451668   33.960968
-111.451866   33.965889
-111.448196   33.968563
-111.447403   33.973244
-111.432487   33.983562
-111.433968   33.986767
-111.442123   33.991333
-111.439766   33.996620
-111.444389   34.001137
-111.448708   34.000111
-111.453728   34.004711
-111.457687   34.002167
-111.465843   34.005905
-111.470009   34.002724
-111.471741   34.004646
-111.494087   33.999779
-111.499763   34.008579
-111.495239   34.014050
-111.496742   34.018467
-111.494461   34.023506
-111.497055   34.029171
-111.492554   34.038063
-111.486420   34.035706
-111.483192   34.040176
-111.471130   34.042393
-111.468010   34.047798
-111.471916   34.058170
-111.462265   34.059185
-111.460785   34.063095
-111.463699   34.072624
-111.475571   34.080364
-111.478485   34.084164
-111.477486   34.087090
-111.485390   34.095390
-111.470680   34.111504
-111.474281   34.118771
-111.480141   34.119076
-111.481293   34.125000
-111.478912   34.130016
-111.481285   34.131554
-111.490631   34.130848
-111.493057   34.132740
-111.477158   34.151073
-111.711502   34.151237
-111.719574   34.159771
-111.719078   34.163895
-111.714043   34.165569
-111.705246   34.175468
-111.704506   34.181492
-111.693649   34.182224
-111.693619   34.187515
-111.697197   34.190220
-111.709221   34.187191
-111.706245   34.191250
-111.711235   34.197456
-111.709915   34.199841
-111.701889   34.197868
-111.699821   34.193405
-111.696739   34.192852
-111.689400   34.199703
-111.689949   34.204926
-111.695305   34.211021
-111.704185   34.212116
-111.704681   34.213928
-111.703079   34.228336
-111.697487   34.229847
-111.700081   34.239079
-111.693207   34.242928
-111.697350   34.245106
-111.696655   34.248676
-111.689514   34.256168
-111.689598   34.260017
-111.680939   34.261639
-111.675720   34.268627
-111.679741   34.271511
-111.684441   34.282097
-111.664627   34.286217
-111.662910   34.295105
-111.664726   34.296890
-111.673309   34.294624
-111.676460   34.289310
-111.683968   34.298477
-111.672836   34.307728
-111.667465   34.307819
-111.668365   34.310223
-111.662788   34.317829
-111.662544   34.322338
-111.664696   34.323441
-111.661995   34.324471
-111.662453   34.330288
-111.665077   34.331207
-111.663811   34.341854
-111.666763   34.343533
-111.666733   34.347561
-111.656479   34.367718
-111.658768   34.386387
-111.648819   34.389706
-111.646576   34.393120
-111.630196   34.393154
-111.629776   34.397373
-111.618263   34.400623
-111.614838   34.404907
-111.610558   34.405483
-111.608208   34.409885
-111.604095   34.411556
-111.604233   34.415703
-111.600365   34.419254
-111.595169   34.420719
-111.592102   34.419121
-111.590607   34.422077
-111.586937   34.420174
-111.581902   34.421387
-111.580078   34.419464
-111.572563   34.422993
-111.571236   34.429634
-111.562088   34.432178
-111.561592   34.434998
-111.553513   34.439255

Graham
AZ
236
-110.000000   33.576931
-109.993629   33.582573
-109.983009   33.579002
-109.980629   33.576206
-109.968727   33.577354
-109.966209   33.572498
-109.965492   33.578571
-109.961555   33.579948
-109.958984   33.572437
-109.949623   33.573284
-109.941170   33.568474
-109.937309   33.570557
-109.922920   33.567623
-109.913414   33.575916
-109.899925   33.575432
-109.897079   33.573620
-109.895744   33.567890
-109.891136   33.567802
-109.884804   33.568184
-109.881218   33.571369
-109.877525   33.559383
-109.868073   33.562485
-109.867821   33.557465
-109.853592   33.545193
-109.846809   33.550140
-109.845680   33.547897
-109.851997   33.539856
-109.850136   33.535252
-109.848091   33.534359
-109.844116   33.540890
-109.844368   33.534016
-109.836510   33.529163
-109.832939   33.531246
-109.832520   33.535278
-109.829895   33.535439
-109.828995   33.531845
-109.822861   33.527836
-109.825485   33.522587
-109.818466   33.520481
-109.822899   33.509624
-109.818001   33.510357
-109.812912   33.505363
-109.803673   33.503826
-109.804932   33.500507
-109.813210   33.500000
-109.812096   33.497055
-109.806091   33.497532
-109.807114   33.489285
-109.811646   33.488846
-109.811836   33.484295
-109.805847   33.484840
-109.802223   33.481842
-109.803841   33.487507
-109.800262   33.488750
-109.796043   33.483719
-109.791153   33.485092
-109.783905   33.481689
-109.782791   33.476456
-109.766113   33.475533
-109.761795   33.477364
-109.760727   33.481579
-109.753433   33.481117
-109.746101   33.484715
-109.745674   33.489616
-109.740891   33.493790
-109.743576   33.503040
-109.740059   33.509338
-109.727264   33.516285
-109.730522   33.521484
-109.724098   33.523251
-109.724258   33.519653
-109.720345   33.519104
-109.721001   33.522655
-109.712006   33.525589
-109.715591   33.530743
-109.708397   33.531155
-109.705879   33.533264
-109.705803   33.539864
-109.699837   33.534981
-109.695412   33.539471
-109.690613   33.539337
-109.690186   33.541740
-109.684441   33.543324
-109.677956   33.552391
-109.678688   33.556789
-109.664734   33.555275
-109.665253   33.557911
-109.671715   33.559769
-109.670181   33.567303
-109.675789   33.569000
-109.673546   33.571335
-109.674942   33.573212
-109.667053   33.578342
-109.659866   33.578800
-109.659698   33.583698
-109.652008   33.583263
-109.644150   33.586033
-109.631233   33.584541
-109.625786   33.589645
-109.622185   33.583851
-109.619560   33.583557
-109.614883   33.594048
-109.609520   33.592701
-109.603607   33.600857
-109.606270   33.607018
-109.604080   33.612148
-109.597458   33.610409
-109.597862   33.613155
-109.589195   33.616386
-109.585030   33.612999
-109.580460   33.613159
-109.579086   33.615883
-109.581573   33.618015
-109.577065   33.617786
-109.561134   33.626385
-109.558006   33.625832
-109.554062   33.620007
-109.545723   33.620766
-109.546211   33.618153
-109.543854   33.617027
-109.539665   33.624496
-109.532303   33.619522
-109.524277   33.618790
-109.527458   33.623257
-109.516830   33.635147
-109.518883   33.645775
-109.513725   33.641788
-109.509979   33.645267
-109.504662   33.643665
-109.500488   33.652363
-109.494797   33.652832
-109.495110   33.078346
-109.332802   32.843201
-109.317528   32.842712
-109.251747   32.750172
-109.247551   32.750153
-109.213219   32.680595
-109.212341   32.653561
-109.205635   32.635731
-109.218864   32.601620
-109.210648   32.584221
-109.225334   32.542957
-109.225456   32.529022
-109.113373   32.426102
-109.226601   32.426399
-109.227203   32.424400
-109.431396   32.427502
-110.169693   32.426304
-110.450867   32.427284
-110.450577   32.513737
-110.448517   32.513721
-110.447929   32.625000
-110.448364   33.194469
-110.445778   33.189789
-110.431984   33.187656
-110.429085   33.190922
-110.419960   33.193516
-110.418976   33.191055
-110.407944   33.191978
-110.405235   33.197403
-110.401932   33.196175
-110.399864   33.198318
-110.420609   33.216152
-110.416672   33.227402
-110.421501   33.228615
-110.427002   33.235878
-110.434593   33.239136
-110.436134   33.251228
-110.443146   33.255333
-110.443008   33.262276
-110.448135   33.265251
-110.448494   33.273979
-110.454193   33.282112
-110.452805   33.290543
-110.457222   33.292423
-110.456375   33.295033
-110.446480   33.300259
-110.450195   33.316433
-110.443481   33.325897
-110.447815   33.341820
-110.446922   33.348850
-110.443810   33.352081
-110.451233   33.362186
-110.449158   33.365875
-110.441460   33.368736
-110.440750   33.381386
-110.427231   33.387939
-110.419289   33.385166
-110.412590   33.401291
-110.408577   33.399162
-110.394096   33.404266
-110.387794   33.402477
-110.383583   33.406830
-110.381317   33.402954
-110.368980   33.399429
-110.368294   33.396564
-110.365456   33.400253
-110.362427   33.398056
-110.355927   33.404335
-110.351341   33.403465
-110.350716   33.408279
-110.346649   33.408005
-110.348061   33.410431
-110.345253   33.416412
-110.347244   33.420261
-110.340668   33.421547
-110.341545   33.426357
-110.329414   33.426975
-110.320229   33.433002
-110.312881   33.433483
-110.308952   33.430069
-110.304550   33.431698
-110.302582   33.428696
-110.294632   33.428925
-110.271919   33.441910
-110.263702   33.435101
-110.251923   33.438419
-110.245651   33.436749
-110.236900   33.442158
-110.233299   33.439663
-110.228104   33.444061
-110.226677   33.440559
-110.221519   33.440102
-110.217224   33.435314
-110.209610   33.441845
-110.205292   33.439255
-110.196846   33.443012
-110.189438   33.441753
-110.192413   33.446632
-110.189903   33.451653
-110.181839   33.446568
-110.181183   33.449657
-110.176079   33.448261
-110.168289   33.451626
-110.168861   33.465660
-110.000000   33.465862

Greenlee
AZ
59
-109.494797   33.652832
-109.489204   33.659061
-109.489037   33.655121
-109.485817   33.656631
-109.482994   33.654228
-109.480827   33.655075
-109.485603   33.661949
-109.482117   33.661377
-109.478912   33.664627
-109.483330   33.672527
-109.480644   33.683685
-109.482948   33.686661
-109.479393   33.687809
-109.480186   33.690807
-109.474792   33.690102
-109.471504   33.696835
-109.461121   33.692921
-109.461037   33.696308
-109.445198   33.708504
-109.448906   33.708565
-109.448349   33.710949
-109.443031   33.710537
-109.439667   33.713100
-109.423195   33.710213
-109.421417   33.711861
-109.413193   33.707901
-109.409546   33.715733
-109.404366   33.710346
-109.400337   33.717583
-109.395294   33.712723
-109.394585   33.716370
-109.379204   33.724125
-109.368851   33.722431
-109.360382   33.727982
-109.352432   33.724937
-109.352325   33.729195
-109.364227   33.739906
-109.361107   33.745956
-109.362396   33.751724
-109.353905   33.764755
-109.354950   33.768970
-109.347076   33.777470
-109.046310   33.778179
-109.046616   33.208900
-109.046494   32.777500
-109.046997   32.426300
-109.113373   32.426102
-109.225456   32.529022
-109.225334   32.542957
-109.210648   32.584221
-109.218864   32.601620
-109.205635   32.635731
-109.212341   32.653561
-109.213219   32.680595
-109.247551   32.750153
-109.251747   32.750172
-109.317528   32.842712
-109.332802   32.843201
-109.495110   33.078346

La Paz
AZ
234
-114.137505   34.303215
-114.127609   34.304089
-114.110809   34.295033
-114.099976   34.299297
-114.090805   34.299042
-114.084785   34.294621
-114.066643   34.290272
-114.058121   34.280704
-114.049026   34.277016
-114.044472   34.267773
-114.036613   34.265942
-114.036346   34.260788
-114.030167   34.260075
-114.021843   34.267586
-114.016090   34.259567
-114.007828   34.254120
-113.962578   34.258121
-113.938789   34.254841
-113.928329   34.249344
-113.904694   34.248337
-113.892097   34.249329
-113.871742   34.254929
-113.854523   34.252625
-113.849808   34.250000
-113.848228   34.240398
-113.838181   34.224770
-113.834557   34.223145
-113.821320   34.226723
-113.815727   34.235332
-113.811813   34.231808
-113.801964   34.236118
-113.790665   34.234051
-113.780273   34.229172
-113.773788   34.228905
-113.749458   34.239140
-113.731575   34.240997
-113.721725   34.222626
-113.715225   34.221916
-113.713013   34.217545
-113.709129   34.216675
-113.705078   34.212124
-113.677750   34.209812
-113.674606   34.213108
-113.663231   34.212009
-113.658241   34.217274
-113.654495   34.216473
-113.647545   34.222008
-113.644653   34.220722
-113.641922   34.227524
-113.637794   34.223194
-113.625969   34.229027
-113.616852   34.227264
-113.611450   34.230953
-113.606598   34.231621
-113.604919   34.229332
-113.598618   34.233322
-113.596458   34.237164
-113.585968   34.243378
-113.581261   34.259777
-113.568382   34.269314
-113.567825   34.274696
-113.547859   34.288433
-113.543747   34.299763
-113.539139   34.305878
-113.534203   34.308071
-113.525536   34.310474
-113.522888   34.308758
-113.515518   34.310177
-113.506500   34.304745
-113.497742   34.302540
-113.488564   34.305134
-113.480614   34.303078
-113.475296   34.305389
-113.471207   34.301846
-113.465393   34.304020
-113.448174   34.299469
-113.432480   34.301483
-113.419868   34.299126
-113.411217   34.294334
-113.397942   34.300220
-113.385780   34.294861
-113.368484   34.291946
-113.358299   34.294975
-113.349785   34.300629
-113.340729   34.312309
-113.342461   34.318874
-113.332748   34.317856
-113.333000   33.999199
-113.333176   33.377388
-113.957283   33.377544
-113.957275   33.464622
-114.267036   33.463547
-114.267975   33.029778
-114.370010   33.029976
-114.370743   33.027451
-114.515671   33.027576
-114.530296   33.032356
-114.570869   33.036587
-114.577507   33.035336
-114.583977   33.028191
-114.588989   33.026192
-114.617996   33.027164
-114.627502   33.031013
-114.638771   33.045254
-114.645195   33.048862
-114.657043   33.033787
-114.661530   33.032631
-114.672874   33.041859
-114.673508   33.057133
-114.686203   33.070930
-114.688232   33.084000
-114.703934   33.087013
-114.707031   33.091064
-114.705383   33.105297
-114.696037   33.131172
-114.686287   33.142159
-114.678566   33.159485
-114.679459   33.169682
-114.674568   33.185455
-114.677963   33.203415
-114.672836   33.223087
-114.688751   33.246395
-114.671295   33.258465
-114.679718   33.273544
-114.693657   33.279755
-114.720879   33.286949
-114.730431   33.302402
-114.722832   33.312077
-114.707169   33.323391
-114.700142   33.336983
-114.697250   33.352413
-114.698265   33.361118
-114.706558   33.376598
-114.706520   33.382511
-114.724747   33.404026
-114.719269   33.407864
-114.700943   33.408360
-114.694862   33.415096
-114.687157   33.417915
-114.673111   33.418270
-114.657593   33.413010
-114.648750   33.413605
-114.634392   33.422699
-114.626335   33.433525
-114.621498   33.447529
-114.622131   33.456535
-114.600914   33.481369
-114.591583   33.498650
-114.579681   33.506439
-114.568741   33.509193
-114.560173   33.516712
-114.558113   33.531796
-114.523819   33.552204
-114.536003   33.570934
-114.539513   33.580593
-114.539833   33.591389
-114.528397   33.606628
-114.521057   33.612518
-114.530426   33.623886
-114.530251   33.628189
-114.525581   33.630238
-114.523018   33.634678
-114.532410   33.651634
-114.529793   33.654442
-114.517555   33.655903
-114.513275   33.660156
-114.529480   33.666801
-114.530739   33.675087
-114.523170   33.685856
-114.494926   33.698433
-114.493408   33.707901
-114.495773   33.719135
-114.511559   33.734192
-114.503693   33.750980
-114.504074   33.760445
-114.527267   33.814945
-114.521927   33.818958
-114.519180   33.825363
-114.529816   33.855419
-114.524879   33.859985
-114.513885   33.858620
-114.502625   33.866432
-114.503006   33.876053
-114.521973   33.892563
-114.525078   33.900215
-114.523499   33.901569
-114.512924   33.897942
-114.507919   33.900623
-114.507126   33.903790
-114.510719   33.911076
-114.517647   33.917500
-114.532906   33.925076
-114.534691   33.934635
-114.522339   33.954647
-114.515076   33.958088
-114.507881   33.957508
-114.499100   33.961773
-114.467140   33.992859
-114.457840   33.995541
-114.458397   34.000000
-114.466522   34.005177
-114.465080   34.010971
-114.449417   34.012562
-114.437477   34.022591
-114.434158   34.037769
-114.438553   34.057877
-114.434639   34.079712
-114.432594   34.088394
-114.419708   34.103451
-114.410896   34.110016
-114.400818   34.111637
-114.389778   34.110069
-114.378448   34.115971
-114.365738   34.118561
-114.352249   34.133102
-114.335327   34.134022
-114.319992   34.138618
-114.286514   34.170517
-114.274483   34.172134
-114.267677   34.170162
-114.256248   34.172825
-114.239929   34.183216
-114.228935   34.186913
-114.224159   34.193878
-114.224419   34.203629
-114.210976   34.211525
-114.177269   34.239956
-114.173813   34.247288
-114.165344   34.250000
-114.163086   34.253338
-114.163864   34.259686
-114.132484   34.258450
-114.130432   34.262714
-114.135887   34.274364

Maricopa
AZ
157
-113.333000   33.999199
-112.770905   33.999886
-112.743217   33.999866
-112.275322   33.882278
-112.276901   33.889801
-112.274467   33.892937
-112.258018   33.904819
-112.242325   33.905502
-112.240150   33.909321
-112.242737   33.915340
-112.234505   33.916363
-112.230972   33.935448
-112.235321   33.939888
-112.240646   33.940346
-112.235626   33.947609
-112.239471   33.949074
-112.240440   33.956287
-112.230850   33.954460
-112.214134   33.963554
-112.213921   33.967403
-112.201080   33.970592
-112.196159   33.973911
-112.192619   33.991184
-112.179665   34.004246
-112.182213   34.012814
-112.170692   34.017761
-112.164619   34.012764
-112.160812   34.017094
-112.164085   34.035919
-112.153107   34.041416
-112.157402   34.043842
-112.160675   34.042263
-112.163795   34.048107
-111.724609   33.999813
-111.494087   33.999779
-111.471741   34.004646
-111.470009   34.002724
-111.465843   34.005905
-111.457687   34.002167
-111.453728   34.004711
-111.448708   34.000111
-111.444389   34.001137
-111.439766   33.996620
-111.442123   33.991333
-111.433968   33.986767
-111.432487   33.983562
-111.447403   33.973244
-111.448196   33.968563
-111.451866   33.965889
-111.451668   33.960968
-111.447319   33.957748
-111.451561   33.948929
-111.448616   33.943558
-111.446381   33.934818
-111.451355   33.933727
-111.448578   33.929691
-111.450218   33.919834
-111.436798   33.916134
-111.425240   33.926067
-111.404381   33.919174
-111.407913   33.911926
-111.407310   33.905243
-111.412308   33.901413
-111.410744   33.891560
-111.412697   33.888367
-111.410515   33.883556
-111.404831   33.882069
-111.404961   33.879494
-111.395363   33.876892
-111.395622   33.868523
-111.386520   33.862450
-111.391632   33.854794
-111.394783   33.841183
-111.389458   33.837654
-111.391808   33.835857
-111.382874   33.833580
-111.371880   33.824211
-111.370834   33.818810
-111.383553   33.816448
-111.387642   33.805313
-111.377815   33.793671
-111.382111   33.788090
-111.380508   33.785183
-111.384773   33.783138
-111.388763   33.776619
-111.385880   33.773163
-111.388687   33.770763
-111.386436   33.763187
-111.381470   33.760918
-111.386131   33.750000
-111.380447   33.747616
-111.372330   33.749298
-111.371445   33.745167
-111.355606   33.738792
-111.354141   33.733200
-111.351227   33.733475
-111.335686   33.720310
-111.337929   33.715855
-111.336327   33.708942
-111.337639   33.702702
-111.330711   33.688293
-111.325325   33.684334
-111.314217   33.681347
-111.298836   33.663776
-111.286507   33.658569
-111.286514   33.651978
-111.272926   33.638401
-111.268394   33.628933
-111.257431   33.621040
-111.249542   33.624462
-111.237679   33.618401
-111.223007   33.602814
-111.206779   33.620525
-111.208038   33.635029
-111.199600   33.640209
-111.178925   33.659828
-111.172859   33.660076
-111.168800   33.667469
-111.152672   33.677559
-111.039230   33.466053
-111.250000   33.464851
-111.579933   33.465855
-111.580002   33.378601
-111.583603   33.378601
-111.582062   33.205433
-111.892319   33.203201
-111.892349   33.204765
-112.082802   33.204514
-112.091339   33.208912
-112.087517   33.220276
-112.088966   33.225151
-112.094505   33.229984
-112.099327   33.230968
-112.113167   33.227482
-112.121521   33.234741
-112.125793   33.235474
-112.131027   33.233070
-112.134262   33.242119
-112.138702   33.243519
-112.139580   33.247116
-112.148323   33.253822
-112.159683   33.253902
-112.168945   33.259682
-112.173454   33.258049
-112.173729   33.263554
-112.180351   33.262527
-112.190735   33.264446
-112.196930   33.277870
-112.195007   33.284081
-112.196815   33.288929
-112.192894   33.298431
-112.202591   33.310383
-112.201263   33.086971
-112.203026   32.506702
-112.577148   32.505131
-113.333160   32.504883
-113.333176   33.377388

Mohave
AZ
582
-112.898598   37.000401
-112.539604   37.000683
-112.539383   36.997334
-112.543243   36.996464
-112.541672   36.992916
-112.544151   36.993237
-112.543243   36.985245
-112.538612   36.981949
-112.538559   36.977898
-112.534454   36.975491
-112.534653   36.971760
-112.532318   36.971718
-112.530067   36.966927
-112.531387   36.956604
-112.528618   36.952484
-112.544937   36.937447
-112.543625   36.930557
-112.544312   36.927559
-112.547646   36.928177
-112.545425   36.921265
-112.547707   36.912773
-112.551811   36.915012
-112.552666   36.906796
-112.556458   36.906223
-112.562752   36.898968
-112.566063   36.899059
-112.565323   36.897297
-112.569313   36.895920
-112.570045   36.888367
-112.573639   36.886856
-112.571648   36.879028
-112.576576   36.875000
-112.572960   36.872910
-112.577835   36.868305
-112.574554   36.864918
-112.586121   36.857979
-112.584755   36.854431
-112.587570   36.849895
-112.584091   36.847382
-112.592209   36.840599
-112.592628   36.832451
-112.599434   36.831715
-112.595757   36.826702
-112.600113   36.824116
-112.600594   36.816902
-112.598434   36.814983
-112.599365   36.810291
-112.596664   36.808964
-112.599937   36.806652
-112.602158   36.808662
-112.605629   36.807838
-112.602921   36.800034
-112.606850   36.800671
-112.609497   36.802319
-112.607925   36.797924
-112.613823   36.797764
-112.611198   36.795151
-112.612930   36.787209
-112.619049   36.782925
-112.616135   36.774776
-112.611839   36.776630
-112.611763   36.774849
-112.617783   36.769398
-112.620377   36.769741
-112.620003   36.763992
-112.614845   36.762577
-112.614334   36.757313
-112.609467   36.755779
-112.610718   36.752232
-112.616005   36.755001
-112.616234   36.750473
-112.612991   36.749130
-112.611343   36.742859
-112.615829   36.744621
-112.617516   36.741348
-112.613762   36.740685
-112.611900   36.737434
-112.614151   36.736130
-112.617882   36.738735
-112.621010   36.737888
-112.621033   36.735096
-112.615891   36.734272
-112.614342   36.727501
-112.619949   36.730244
-112.622047   36.723511
-112.615906   36.721523
-112.622475   36.720650
-112.622955   36.717468
-112.627312   36.716026
-112.623253   36.710552
-112.625610   36.707211
-112.630013   36.706207
-112.626518   36.701534
-112.629623   36.695103
-112.628120   36.692127
-112.633949   36.686592
-112.632225   36.679836
-112.637680   36.674526
-112.632355   36.658089
-112.626900   36.654789
-112.629852   36.650330
-112.625336   36.648079
-112.628662   36.645863
-112.627876   36.637829
-112.624138   36.634708
-112.626152   36.629631
-112.621773   36.626743
-112.622360   36.615520
-112.617958   36.614449
-112.621559   36.607693
-112.619202   36.602451
-112.622833   36.599747
-112.620247   36.595558
-112.625618   36.593224
-112.621864   36.591686
-112.628258   36.589725
-112.625427   36.582531
-112.629089   36.581619
-112.627213   36.577202
-112.633118   36.577709
-112.634766   36.575809
-112.631470   36.574455
-112.631737   36.570656
-112.643456   36.571255
-112.641014   36.566055
-112.647835   36.564457
-112.647209   36.561275
-112.655724   36.553928
-112.649422   36.550331
-112.653198   36.546444
-112.650963   36.544613
-112.659157   36.543285
-112.659271   36.538406
-112.655045   36.536919
-112.658714   36.530304
-112.652527   36.529045
-112.654770   36.521442
-112.651939   36.518307
-112.655258   36.514713
-112.651398   36.509399
-112.646095   36.510475
-112.644226   36.508049
-112.647041   36.503147
-112.640686   36.501820
-112.645180   36.497192
-112.642761   36.495838
-112.639839   36.498177
-112.634598   36.491901
-112.639732   36.488674
-112.634857   36.484234
-112.628082   36.486679
-112.624817   36.486149
-112.625725   36.483658
-112.620956   36.484776
-112.625099   36.479336
-112.621910   36.474426
-112.630959   36.470127
-112.628181   36.468937
-112.628181   36.465000
-112.632294   36.462299
-112.634300   36.464066
-112.642639   36.461067
-112.644112   36.457085
-112.640770   36.456715
-112.639786   36.448727
-112.646156   36.447014
-112.641312   36.446232
-112.639221   36.443165
-112.635849   36.443733
-112.638489   36.439476
-112.645683   36.440002
-112.641579   36.437214
-112.643562   36.434326
-112.638802   36.434486
-112.640556   36.431740
-112.637589   36.424984
-112.628777   36.428417
-112.630028   36.424019
-112.626915   36.423172
-112.626633   36.417606
-112.622948   36.414585
-112.623787   36.406845
-112.630096   36.401997
-112.628769   36.397213
-112.631409   36.394833
-112.628746   36.391636
-112.637856   36.389214
-112.646454   36.383369
-112.652466   36.361736
-112.667679   36.346630
-112.680824   36.341679
-112.685509   36.345238
-112.687851   36.353260
-112.696739   36.355381
-112.721825   36.346958
-112.725754   36.342060
-112.719391   36.325188
-112.722130   36.319992
-112.731049   36.317780
-112.748283   36.325481
-112.755043   36.324364
-112.760933   36.310066
-112.765404   36.305729
-112.786728   36.300838
-112.788574   36.288887
-112.793007   36.284412
-112.797623   36.283844
-112.811798   36.288582
-112.823753   36.288361
-112.828880   36.287060
-112.841545   36.276752
-112.865784   36.282536
-112.875397   36.278263
-112.883575   36.263840
-112.897499   36.254780
-112.902199   36.253731
-112.914330   36.258160
-112.922653   36.257759
-112.929344   36.246082
-112.934563   36.242802
-112.980453   36.231789
-112.988953   36.232578
-113.005585   36.238773
-113.018349   36.236725
-113.037506   36.226627
-113.052002   36.209385
-113.094711   36.193584
-113.113335   36.183243
-113.120598   36.173798
-113.127251   36.169495
-113.136322   36.166443
-113.148407   36.173695
-113.156120   36.174324
-113.162170   36.171761
-113.171806   36.162750
-113.200500   36.149593
-113.204529   36.133209
-113.200912   36.119061
-113.215073   36.107632
-113.217682   36.099396
-113.224159   36.091160
-113.230377   36.089542
-113.245483   36.093357
-113.256401   36.088516
-113.276321   36.097057
-113.299828   36.095749
-113.312660   36.100021
-113.319206   36.096786
-113.322899   36.090851
-113.330009   36.068340
-113.345016   36.056770
-113.349571   36.050495
-113.353409   36.040382
-113.347595   36.013130
-113.339378   36.003300
-113.339653   35.986633
-113.333794   35.979465
-113.321075   35.975960
-113.316498   35.968628
-113.318260   35.965801
-113.316650   35.960835
-113.327896   35.950153
-113.324753   35.934666
-113.334091   35.913868
-113.327095   35.907700
-113.322128   35.898815
-113.310417   35.893272
-113.308456   35.887341
-113.311943   35.875000
-113.309860   35.862408
-113.325600   35.841999
-113.325081   35.829865
-113.332504   35.821693
-113.328743   35.813038
-113.333260   35.803043
-113.333397   35.528046
-113.332748   34.317856
-113.342461   34.318874
-113.340729   34.312309
-113.349785   34.300629
-113.358299   34.294975
-113.368484   34.291946
-113.385780   34.294861
-113.397942   34.300220
-113.411217   34.294334
-113.419868   34.299126
-113.432480   34.301483
-113.448174   34.299469
-113.465393   34.304020
-113.471207   34.301846
-113.475296   34.305389
-113.480614   34.303078
-113.488564   34.305134
-113.497742   34.302540
-113.506500   34.304745
-113.515518   34.310177
-113.522888   34.308758
-113.525536   34.310474
-113.534203   34.308071
-113.539139   34.305878
-113.543747   34.299763
-113.547859   34.288433
-113.567825   34.274696
-113.568382   34.269314
-113.581261   34.259777
-113.585968   34.243378
-113.596458   34.237164
-113.598618   34.233322
-113.604919   34.229332
-113.606598   34.231621
-113.611450   34.230953
-113.616852   34.227264
-113.625969   34.229027
-113.637794   34.223194
-113.641922   34.227524
-113.644653   34.220722
-113.647545   34.222008
-113.654495   34.216473
-113.658241   34.217274
-113.663231   34.212009
-113.674606   34.213108
-113.677750   34.209812
-113.705078   34.212124
-113.709129   34.216675
-113.713013   34.217545
-113.715225   34.221916
-113.721725   34.222626
-113.731575   34.240997
-113.749458   34.239140
-113.773788   34.228905
-113.780273   34.229172
-113.790665   34.234051
-113.801964   34.236118
-113.811813   34.231808
-113.815727   34.235332
-113.821320   34.226723
-113.834557   34.223145
-113.838181   34.224770
-113.848228   34.240398
-113.849808   34.250000
-113.854523   34.252625
-113.871742   34.254929
-113.892097   34.249329
-113.904694   34.248337
-113.928329   34.249344
-113.938789   34.254841
-113.962578   34.258121
-114.007828   34.254120
-114.016090   34.259567
-114.021843   34.267586
-114.030167   34.260075
-114.036346   34.260788
-114.036613   34.265942
-114.044472   34.267773
-114.049026   34.277016
-114.058121   34.280704
-114.066643   34.290272
-114.084785   34.294621
-114.090805   34.299042
-114.099976   34.299297
-114.110809   34.295033
-114.127609   34.304089
-114.137505   34.303215
-114.156425   34.317848
-114.168022   34.339500
-114.176125   34.349293
-114.198692   34.361359
-114.225327   34.365906
-114.233490   34.376648
-114.262131   34.400360
-114.286018   34.405327
-114.290367   34.409771
-114.292610   34.419510
-114.300232   34.426796
-114.325928   34.437843
-114.330978   34.446640
-114.336685   34.450905
-114.372925   34.446926
-114.385910   34.457901
-114.380913   34.476028
-114.381569   34.495747
-114.377335   34.507275
-114.380051   34.529713
-114.404442   34.569630
-114.421593   34.580700
-114.436012   34.596066
-114.424545   34.600834
-114.423409   34.610443
-114.437943   34.621449
-114.440674   34.642525
-114.457191   34.657104
-114.449715   34.666828
-114.464455   34.691196
-114.470192   34.712208
-114.486710   34.716621
-114.491226   34.725697
-114.515823   34.736740
-114.528824   34.750816
-114.551888   34.766869
-114.570213   34.794289
-114.575653   34.815296
-114.586044   34.835667
-114.599854   34.847355
-114.623146   34.859737
-114.632256   34.869968
-114.635925   34.889103
-114.630081   34.907261
-114.632454   34.924606
-114.628967   34.943039
-114.634438   34.965149
-114.628220   34.986149
-114.632217   35.002083
-114.637222   35.017128
-114.633949   35.033730
-114.626328   35.044720
-114.605896   35.058941
-114.602112   35.068588
-114.603935   35.074833
-114.612335   35.083096
-114.621719   35.088703
-114.638733   35.094482
-114.645958   35.101871
-114.627632   35.118942
-114.618050   35.121723
-114.598320   35.121052
-114.583504   35.125000
-114.577728   35.128754
-114.571953   35.138729
-114.568443   35.183479
-114.571320   35.200592
-114.579170   35.209644
-114.586327   35.262379
-114.596703   35.296959
-114.595131   35.325241
-114.603516   35.353588
-114.617165   35.379665
-114.619423   35.392864
-114.626335   35.409512
-114.652618   35.430603
-114.654846   35.437759
-114.662315   35.445923
-114.666878   35.460411
-114.665573   35.466866
-114.673058   35.475544
-114.672096   35.481716
-114.676842   35.489754
-114.678200   35.502117
-114.675201   35.515499
-114.668106   35.521301
-114.663399   35.521900
-114.656105   35.534401
-114.661201   35.545502
-114.662598   35.564701
-114.666901   35.574001
-114.674706   35.580002
-114.658798   35.587502
-114.653503   35.597599
-114.652603   35.610802
-114.657402   35.619099
-114.664597   35.621899
-114.676308   35.641499
-114.688599   35.651424
-114.689201   35.664700
-114.679802   35.685501
-114.682404   35.689400
-114.700401   35.701199
-114.704597   35.708302
-114.696701   35.732800
-114.697197   35.751301
-114.693604   35.756901
-114.700600   35.769100
-114.698105   35.790199
-114.711304   35.806198
-114.702904   35.814602
-114.695000   35.829601
-114.695602   35.833801
-114.704201   35.844898
-114.703796   35.851700
-114.693604   35.854198
-114.689301   35.859699
-114.682404   35.862900
-114.670998   35.865101
-114.661598   35.869598
-114.661797   35.873299
-114.670967   35.877407
-114.699455   35.901787
-114.707703   35.912331
-114.706711   35.928082
-114.730347   35.943935
-114.727501   35.956306
-114.742760   35.983742
-114.739059   35.992733
-114.742226   36.008663
-114.737961   36.015079
-114.723289   36.026711
-114.721046   36.031425
-114.733017   36.038124
-114.743065   36.040241
-114.742760   36.044575
-114.734650   36.056702
-114.742531   36.070557
-114.754669   36.081623
-114.754799   36.087189
-114.751305   36.092278
-114.735352   36.104389
-114.702637   36.109024
-114.693024   36.113190
-114.683167   36.109684
-114.678917   36.110672
-114.672081   36.116371
-114.664597   36.116722
-114.659134   36.124168
-114.636368   36.136070
-114.630905   36.142326
-114.627037   36.141033
-114.621071   36.132153
-114.615883   36.130119
-114.596397   36.142124
-114.581261   36.146271
-114.571213   36.151630
-114.539169   36.152199
-114.531731   36.148201
-114.510910   36.150974
-114.500900   36.143394
-114.509941   36.132504
-114.507072   36.128162
-114.502373   36.126961
-114.486221   36.129417
-114.469345   36.138821
-114.462830   36.139717
-114.457558   36.138603
-114.452522   36.130745
-114.445801   36.125988
-114.426361   36.136326
-114.413826   36.146717
-114.404671   36.147388
-114.382011   36.141682
-114.375000   36.144188
-114.371307   36.143131
-114.362305   36.130264
-114.345154   36.118340
-114.336472   36.108036
-114.327972   36.105518
-114.307632   36.082458
-114.304939   36.074902
-114.313408   36.066635
-114.314751   36.059513
-114.309990   36.057281
-114.297493   36.056911
-114.290733   36.050343
-114.279404   36.046375
-114.272362   36.046417
-114.265923   36.029251
-114.251854   36.020206
-114.232491   36.014305
-114.212898   36.015629
-114.191582   36.021008
-114.176025   36.027664
-114.165672   36.027752
-114.153336   36.023876
-114.147392   36.028027
-114.146011   36.035141
-114.137405   36.041302
-114.136101   36.059479
-114.121094   36.086819
-114.113739   36.095230
-114.116661   36.100906
-114.122421   36.104759
-114.122353   36.111591
-114.110214   36.119892
-114.099075   36.121670
-114.091377   36.140053
-114.085175   36.147228
-114.067230   36.180679
-114.059509   36.189381
-114.046051   36.194084
-114.047722   36.289616
-114.045029   36.442993
-114.049789   36.654728
-114.049812   36.843151
-114.049797   37.000423
-113.484375   37.000000

Navajo
AZ
40
-110.750000   37.003201
-110.500000   37.004265
-110.469505   36.998001
-110.000000   36.997967
-110.000000   35.662647
-109.826279   35.662479
-109.826225   35.517670
-109.843094   35.517864
-109.842545   34.953148
-109.843948   34.822533
-109.851135   34.822487
-109.849800   34.647205
-109.864578   34.560677
-109.846107   34.473427
-109.848724   34.125900
-109.858734   34.125950
-109.858543   34.067783
-109.858627   33.777634
-109.891113   33.777729
-109.891136   33.567802
-109.895744   33.567890
-109.897079   33.573620
-109.899925   33.575432
-109.913414   33.575916
-109.922920   33.567623
-109.937309   33.570557
-109.941170   33.568474
-109.949623   33.573284
-109.958984   33.572437
-109.961555   33.579948
-109.965492   33.578571
-109.966209   33.572498
-109.968727   33.577354
-109.980629   33.576206
-109.983009   33.579002
-109.993629   33.582573
-110.000000   33.576931
-110.000000   34.000000
-110.750000   34.000000
-110.750000   34.263271

Pima
AZ
27
-113.333160   32.504883
-112.577148   32.505131
-112.203026   32.506702
-111.568581   32.506702
-111.568573   32.501324
-111.189583   32.501244
-111.156380   32.501591
-111.156387   32.511875
-110.964134   32.510658
-110.844292   32.511139
-110.844261   32.513695
-110.450577   32.513737
-110.450867   32.427284
-110.450386   32.253727
-110.447144   32.253731
-110.446686   32.211277
-110.449081   32.079708
-110.450851   32.077183
-110.451103   31.731180
-110.854996   31.731609
-110.854950   31.726566
-111.163536   31.725897
-111.163078   31.521736
-111.365959   31.521202
-111.365921   31.425982
-112.969223   31.925663
-113.333031   32.039032

Pinal
AZ
115
-111.039230   33.466053
-110.974037   33.342041
-110.946022   33.250000
-110.782173   32.984612
-110.764442   32.985989
-110.762901   33.004631
-110.757225   33.004833
-110.750465   33.010399
-110.746124   33.010265
-110.744202   33.017185
-110.737572   33.019478
-110.736809   33.022343
-110.728546   33.026859
-110.728111   33.035244
-110.723213   33.042374
-110.715622   33.040657
-110.715141   33.050598
-110.724831   33.069317
-110.720421   33.072823
-110.720238   33.075985
-110.712013   33.077637
-110.710770   33.081257
-110.705559   33.083603
-110.692345   33.076813
-110.689003   33.078625
-110.688507   33.084030
-110.694221   33.086346
-110.689842   33.088886
-110.682167   33.088154
-110.682907   33.097847
-110.678871   33.101032
-110.677132   33.111111
-110.672066   33.111477
-110.664711   33.119999
-110.661797   33.119198
-110.661140   33.113491
-110.655861   33.113491
-110.637947   33.133366
-110.633141   33.142368
-110.608498   33.142693
-110.597794   33.137772
-110.596489   33.133968
-110.592484   33.133739
-110.586136   33.137112
-110.580093   33.143913
-110.580933   33.146572
-110.568275   33.144650
-110.566292   33.147697
-110.561386   33.148453
-110.558029   33.155029
-110.549103   33.152782
-110.549477   33.157936
-110.544846   33.168819
-110.533485   33.160339
-110.524155   33.159397
-110.523552   33.161987
-110.526756   33.163296
-110.529816   33.161530
-110.534088   33.165218
-110.527573   33.170788
-110.526405   33.176807
-110.515617   33.175632
-110.503120   33.186314
-110.479126   33.182213
-110.464478   33.182491
-110.461494   33.184811
-110.463585   33.192295
-110.453285   33.197979
-110.451080   33.194042
-110.448364   33.194469
-110.447929   32.625000
-110.448517   32.513721
-110.450577   32.513737
-110.844261   32.513695
-110.844292   32.511139
-110.964134   32.510658
-111.156387   32.511875
-111.156380   32.501591
-111.189583   32.501244
-111.568573   32.501324
-111.568581   32.506702
-112.203026   32.506702
-112.201263   33.086971
-112.202591   33.310383
-112.192894   33.298431
-112.196815   33.288929
-112.195007   33.284081
-112.196930   33.277870
-112.190735   33.264446
-112.180351   33.262527
-112.173729   33.263554
-112.173454   33.258049
-112.168945   33.259682
-112.159683   33.253902
-112.148323   33.253822
-112.139580   33.247116
-112.138702   33.243519
-112.134262   33.242119
-112.131027   33.233070
-112.125793   33.235474
-112.121521   33.234741
-112.113167   33.227482
-112.099327   33.230968
-112.094505   33.229984
-112.088966   33.225151
-112.087517   33.220276
-112.091339   33.208912
-112.082802   33.204514
-111.892349   33.204765
-111.892319   33.203201
-111.582062   33.205433
-111.583603   33.378601
-111.580002   33.378601
-111.579933   33.465855
-111.250000   33.464851

Santa Cruz
AZ
13
-111.365921   31.425982
-111.365959   31.521202
-111.163078   31.521736
-111.163536   31.725897
-110.854950   31.726566
-110.854996   31.731609
-110.451103   31.731180
-110.451614   31.613844
-110.459930   31.613947
-110.459984   31.612049
-110.459534   31.333403
-111.074181   31.332140
-111.074387   31.332207

Yavapai
AZ
185
-113.333397   35.528046
-113.304214   35.531143
-113.279099   35.528984
-113.264442   35.530087
-113.218040   35.508881
-113.198380   35.510975
-113.171005   35.505348
-113.154305   35.493301
-113.147301   35.478600
-113.085304   35.452999
-112.975113   35.392902
-112.963020   35.381256
-112.952675   35.356110
-112.944046   35.352604
-112.881920   35.342422
-112.803352   35.325310
-112.784317   35.315765
-112.764122   35.313999
-112.754105   35.306297
-112.733948   35.305065
-112.694115   35.311581
-112.675636   35.306717
-112.658371   35.291763
-112.654732   35.291904
-112.643791   35.299721
-112.630226   35.299953
-112.622185   35.296043
-112.618027   35.289951
-112.619888   35.274853
-112.603264   35.269215
-112.576668   35.243389
-112.541069   35.236328
-112.500000   35.242470
-112.471970   35.238300
-112.465088   35.247520
-112.440018   35.260460
-112.441566   35.149395
-112.334991   35.148266
-112.333809   34.973007
-112.322289   34.973022
-111.808502   34.976200
-111.808601   34.981098
-111.777107   34.981300
-111.779106   34.818100
-111.777199   34.803299
-111.551399   34.802502
-111.554420   34.472172
-111.553513   34.439255
-111.561592   34.434998
-111.562088   34.432178
-111.571236   34.429634
-111.572563   34.422993
-111.580078   34.419464
-111.581902   34.421387
-111.586937   34.420174
-111.590607   34.422077
-111.592102   34.419121
-111.595169   34.420719
-111.600365   34.419254
-111.604233   34.415703
-111.604095   34.411556
-111.608208   34.409885
-111.610558   34.405483
-111.614838   34.404907
-111.618263   34.400623
-111.629776   34.397373
-111.630196   34.393154
-111.646576   34.393120
-111.648819   34.389706
-111.658768   34.386387
-111.656479   34.367718
-111.666733   34.347561
-111.666763   34.343533
-111.663811   34.341854
-111.665077   34.331207
-111.662453   34.330288
-111.661995   34.324471
-111.664696   34.323441
-111.662544   34.322338
-111.662788   34.317829
-111.668365   34.310223
-111.667465   34.307819
-111.672836   34.307728
-111.683968   34.298477
-111.676460   34.289310
-111.673309   34.294624
-111.664726   34.296890
-111.662910   34.295105
-111.664627   34.286217
-111.684441   34.282097
-111.679741   34.271511
-111.675720   34.268627
-111.680939   34.261639
-111.689598   34.260017
-111.689514   34.256168
-111.696655   34.248676
-111.697350   34.245106
-111.693207   34.242928
-111.700081   34.239079
-111.697487   34.229847
-111.703079   34.228336
-111.704681   34.213928
-111.704185   34.212116
-111.695305   34.211021
-111.689949   34.204926
-111.689400   34.199703
-111.696739   34.192852
-111.699821   34.193405
-111.701889   34.197868
-111.709915   34.199841
-111.711235   34.197456
-111.706245   34.191250
-111.709221   34.187191
-111.697197   34.190220
-111.693619   34.187515
-111.693649   34.182224
-111.704506   34.181492
-111.705246   34.175468
-111.714043   34.165569
-111.719078   34.163895
-111.719574   34.159771
-111.711502   34.151237
-111.477158   34.151073
-111.493057   34.132740
-111.490631   34.130848
-111.481285   34.131554
-111.478912   34.130016
-111.481293   34.125000
-111.480141   34.119076
-111.474281   34.118771
-111.470680   34.111504
-111.485390   34.095390
-111.477486   34.087090
-111.478485   34.084164
-111.475571   34.080364
-111.463699   34.072624
-111.460785   34.063095
-111.462265   34.059185
-111.471916   34.058170
-111.468010   34.047798
-111.471130   34.042393
-111.483192   34.040176
-111.486420   34.035706
-111.492554   34.038063
-111.497055   34.029171
-111.494461   34.023506
-111.496742   34.018467
-111.495239   34.014050
-111.499763   34.008579
-111.494087   33.999779
-111.724609   33.999813
-112.163795   34.048107
-112.160675   34.042263
-112.157402   34.043842
-112.153107   34.041416
-112.164085   34.035919
-112.160812   34.017094
-112.164619   34.012764
-112.170692   34.017761
-112.182213   34.012814
-112.179665   34.004246
-112.192619   33.991184
-112.196159   33.973911
-112.201080   33.970592
-112.213921   33.967403
-112.214134   33.963554
-112.230850   33.954460
-112.240440   33.956287
-112.239471   33.949074
-112.235626   33.947609
-112.240646   33.940346
-112.235321   33.939888
-112.230972   33.935448
-112.234505   33.916363
-112.242737   33.915340
-112.240150   33.909321
-112.242325   33.905502
-112.258018   33.904819
-112.274467   33.892937
-112.276901   33.889801
-112.275322   33.882278
-112.743217   33.999866
-112.770905   33.999886
-113.333000   33.999199
-113.332748   34.317856

Yuma
AZ
104
-114.515671   33.027576
-114.370743   33.027451
-114.370010   33.029976
-114.267975   33.029778
-114.267036   33.463547
-113.957275   33.464622
-113.957283   33.377544
-113.333176   33.377388
-113.333160   32.504883
-113.333031   32.039032
-113.403648   32.060863
-114.812820   32.494221
-114.811531   32.500000
-114.813248   32.503067
-114.813484   32.507912
-114.806938   32.508671
-114.805222   32.510063
-114.803291   32.510319
-114.803284   32.511631
-114.801422   32.513138
-114.802879   32.516323
-114.803253   32.516399
-114.803253   32.516434
-114.809113   32.517925
-114.812561   32.524132
-114.801392   32.536362
-114.803612   32.542404
-114.803162   32.547234
-114.792976   32.552277
-114.792648   32.552967
-114.792381   32.553097
-114.792374   32.553555
-114.790756   32.556973
-114.792076   32.566776
-114.792023   32.569290
-114.792389   32.569046
-114.792435   32.569408
-114.796341   32.566368
-114.807663   32.558708
-114.808350   32.558659
-114.813034   32.563251
-114.812195   32.568657
-114.801086   32.575958
-114.801567   32.577469
-114.800682   32.578201
-114.802498   32.580406
-114.803139   32.582443
-114.803108   32.582787
-114.798943   32.592129
-114.800758   32.598541
-114.801582   32.599125
-114.801567   32.599316
-114.807251   32.603123
-114.806129   32.620216
-114.799240   32.624603
-114.798340   32.624992
-114.790390   32.621784
-114.790092   32.621872
-114.789986   32.621830
-114.789467   32.622047
-114.781784   32.624252
-114.781723   32.625324
-114.781166   32.625561
-114.778427   32.633530
-114.763596   32.642616
-114.763695   32.643753
-114.762520   32.644566
-114.764091   32.648495
-114.764114   32.648834
-114.749908   32.660210
-114.749405   32.661156
-114.748688   32.661732
-114.748169   32.663486
-114.718849   32.718716
-114.713737   32.730343
-114.700790   32.745586
-114.687737   32.737545
-114.616875   32.728168
-114.614799   32.728401
-114.614304   32.734463
-114.581001   32.734901
-114.580956   32.742275
-114.563728   32.742252
-114.563667   32.749508
-114.538437   32.749767
-114.538315   32.756905
-114.526070   32.757050
-114.531647   32.776878
-114.528847   32.795433
-114.509430   32.816376
-114.493408   32.823189
-114.468193   32.845112
-114.462112   32.905758
-114.463196   32.912399
-114.475853   32.923588
-114.480003   32.933640
-114.479439   32.937889
-114.467278   32.955219
-114.467827   32.971611
-114.475754   32.975136
-114.487839   32.969906
-114.492157   32.971741
-114.500450   33.007519
-114.507179   33.019669

