 -73.728203   40.985874
 -71.787483   42.050449
8

Fairfield
CT
171
 -73.530495   41.527100
 -73.518494   41.666737
 -73.507393   41.665775
 -73.498718   41.658768
 -73.494080   41.660767
 -73.485199   41.647312
 -73.495392   41.644001
 -73.498306   41.638191
 -73.450996   41.535000
 -73.443199   41.514000
 -73.445702   41.509399
 -73.441902   41.491199
 -73.431198   41.497898
 -73.387398   41.514702
 -73.385399   41.510899
 -73.389000   41.506401
 -73.379402   41.501801
 -73.375702   41.489101
 -73.331703   41.472401
 -73.327217   41.469421
 -73.313309   41.467319
 -73.310913   41.468719
 -73.303200   41.471344
 -73.299614   41.469440
 -73.301231   41.455807
 -73.298256   41.448223
 -73.294380   41.447262
 -73.281174   41.452209
 -73.274139   41.451553
 -73.264122   41.434437
 -73.258179   41.433468
 -73.245705   41.439800
 -73.242729   41.429749
 -73.238853   41.426159
 -73.226921   41.430218
 -73.222519   41.429722
 -73.208130   41.420448
 -73.198601   41.411800
 -73.186996   41.408501
 -73.185799   41.402100
 -73.188599   41.398102
 -73.183708   41.391617
 -73.173798   41.383499
 -73.159103   41.383301
 -73.157501   41.376598
 -73.148003   41.367599
 -73.139999   41.361099
 -73.136505   41.351101
 -73.125107   41.345200
 -73.116203   41.332100
 -73.080002   41.311901
 -73.078102   41.307598
 -73.068306   41.300900
 -73.065704   41.294800
 -73.069199   41.289101
 -73.084198   41.281399
 -73.087303   41.276501
 -73.089127   41.271641
 -73.087196   41.254501
 -73.091599   41.246399
 -73.102501   41.239498
 -73.110397   41.229301
 -73.110107   41.201900
 -73.122398   41.185001
 -73.120300   41.175598
 -73.108871   41.168888
 -73.110176   41.156792
 -73.101753   41.154263
 -73.103157   41.150890
 -73.117760   41.150890
 -73.130959   41.146400
 -73.164963   41.157269
 -73.172241   41.159595
 -73.194992   41.160160
 -73.203133   41.157913
 -73.216339   41.148083
 -73.222794   41.147804
 -73.227570   41.142189
 -73.234810   41.143856
 -73.234871   41.143871
 -73.240768   41.135448
 -73.242447   41.127583
 -73.252281   41.125057
 -73.262672   41.117477
 -73.273346   41.119720
 -73.278961   41.124775
 -73.291313   41.126461
 -73.298897   41.124775
 -73.298943   41.124504
 -73.299400   41.124500
 -73.299255   41.122623
 -73.299744   41.119720
 -73.309570   41.113823
 -73.312378   41.115788
 -73.321083   41.115509
 -73.331474   41.109612
 -73.342705   41.112980
 -73.352699   41.104782
 -73.353432   41.101498
 -73.360733   41.105881
 -73.365486   41.105511
 -73.368408   41.095284
 -73.383034   41.095650
 -73.384819   41.093761
 -73.396187   41.081760
 -73.402390   41.086514
 -73.408974   41.084682
 -73.407143   41.072262
 -73.412621   41.070431
 -73.413719   41.073357
 -73.421402   41.076279
 -73.425049   41.065315
 -73.433823   41.062759
 -73.434181   41.055088
 -73.441132   41.055088
 -73.445511   41.058006
 -73.448311   41.056683
 -73.459396   41.051434
 -73.467438   41.051800
 -73.477669   41.035717
 -73.482056   41.041931
 -73.489731   41.040104
 -73.494110   41.048145
 -73.495598   41.047451
 -73.499603   41.045589
 -73.501793   41.040836
 -73.503616   41.043030
 -73.508003   41.037182
 -73.518234   41.038643
 -73.521889   41.037182
 -73.522614   41.031700
 -73.517136   41.028774
 -73.522614   41.019276
 -73.529556   41.015621
 -73.531754   41.021469
 -73.530289   41.028049
 -73.533218   41.030968
 -73.538696   41.030605
 -73.547462   41.021469
 -73.551849   41.024387
 -73.553146   41.022598
 -73.557693   41.016354
 -73.562080   41.016354
 -73.569023   41.007950
 -73.570854   41.001373
 -73.584373   41.000637
 -73.584373   41.007950
 -73.587662   41.010139
 -73.609581   41.011600
 -73.613609   41.008312
 -73.618362   41.009407
 -73.623474   41.006119
 -73.628227   40.999542
 -73.630783   41.002831
 -73.645866   40.999607
 -73.657646   40.985874
 -73.660095   40.987812
 -73.657486   40.988750
 -73.659798   40.999401
 -73.655106   41.011600
 -73.728203   41.100601
 -73.634201   41.144100
 -73.555695   41.179588
 -73.485771   41.211452
 -73.483147   41.212666
 -73.503075   41.237259
 -73.551392   41.295326
 -73.545158   41.366280
 -73.543854   41.376530
 -73.537399   41.441002
 -73.531120   41.520153

Hartford
CT
88
 -73.009201   42.038761
 -72.979454   42.038383
 -72.864189   42.037617
 -72.835350   42.036621
 -72.814003   42.036400
 -72.817200   41.997501
 -72.775200   42.002102
 -72.767197   42.002899
 -72.766602   42.007599
 -72.761803   42.009399
 -72.763702   42.012699
 -72.760201   42.016899
 -72.765953   42.019409
 -72.765587   42.021839
 -72.757927   42.020851
 -72.754501   42.025299
 -72.752197   42.030102
 -72.758003   42.033199
 -72.756302   42.036098
 -72.714600   42.036800
 -72.608398   42.030701
 -72.607399   42.024899
 -72.582802   42.024601
 -72.573692   42.030048
 -72.532051   42.033913
 -72.509666   42.034046
 -72.493202   41.947399
 -72.513802   41.945301
 -72.517799   41.869801
 -72.518799   41.856800
 -72.497398   41.860100
 -72.505905   41.820202
 -72.508003   41.809601
 -72.476501   41.812901
 -72.473984   41.798401
 -72.464203   41.745499
 -72.460602   41.727200
 -72.452705   41.688702
 -72.448601   41.671799
 -72.429901   41.662201
 -72.410103   41.630901
 -72.411102   41.601700
 -72.417702   41.590500
 -72.467201   41.583801
 -72.505905   41.646900
 -72.544693   41.642597
 -72.630707   41.633202
 -72.628304   41.640099
 -72.714401   41.627602
 -72.716316   41.623413
 -72.711670   41.617588
 -72.716362   41.606586
 -72.715080   41.604252
 -72.730400   41.601398
 -72.732002   41.595699
 -72.753403   41.592400
 -72.752640   41.578796
 -72.801704   41.573002
 -72.809708   41.561901
 -72.819603   41.554199
 -72.826599   41.555801
 -72.826202   41.564201
 -72.830101   41.562302
 -72.828102   41.570900
 -72.840706   41.569000
 -72.848991   41.567230
 -72.844597   41.544601
 -72.853539   41.546017
 -72.868652   41.548752
 -72.874573   41.559040
 -72.884506   41.563702
 -72.946800   41.556702
 -72.934105   41.607700
 -72.938950   41.644215
 -72.983704   41.639500
 -72.999001   41.712399
 -72.999397   41.714298
 -73.017128   41.798088
 -72.949478   41.806335
 -72.936798   41.839699
 -72.943604   41.843102
 -72.952003   41.842499
 -72.954308   41.848400
 -72.941101   41.895100
 -72.915802   41.896702
 -72.906403   41.921600
 -72.887520   41.973026
 -73.029984   41.966511

Litchfield
CT
66
 -73.487755   42.049549
 -73.437187   42.050449
 -73.341400   42.048206
 -73.296707   42.046947
 -73.233383   42.044983
 -73.172661   42.043247
 -73.127693   42.041962
 -73.053703   42.039768
 -73.009201   42.038761
 -73.029984   41.966511
 -72.887520   41.973026
 -72.906403   41.921600
 -72.915802   41.896702
 -72.941101   41.895100
 -72.954308   41.848400
 -72.952003   41.842499
 -72.943604   41.843102
 -72.936798   41.839699
 -72.949478   41.806335
 -73.017128   41.798088
 -72.999397   41.714298
 -72.999001   41.712399
 -72.983704   41.639500
 -73.004494   41.628479
 -73.021919   41.627007
 -73.019104   41.613998
 -73.036797   41.615101
 -73.051201   41.609501
 -73.058502   41.606800
 -73.061104   41.600700
 -73.058502   41.588501
 -73.082397   41.587101
 -73.094307   41.570099
 -73.145599   41.557701
 -73.165123   41.556992
 -73.156258   41.514111
 -73.204643   41.508430
 -73.243156   41.512890
 -73.254913   41.511906
 -73.319824   41.505054
 -73.327232   41.492943
 -73.325218   41.489521
 -73.327553   41.484432
 -73.310913   41.468719
 -73.313309   41.467319
 -73.327217   41.469421
 -73.331703   41.472401
 -73.375702   41.489101
 -73.379402   41.501801
 -73.389000   41.506401
 -73.385399   41.510899
 -73.387398   41.514702
 -73.431198   41.497898
 -73.441902   41.491199
 -73.445702   41.509399
 -73.443199   41.514000
 -73.450996   41.535000
 -73.498306   41.638191
 -73.495392   41.644001
 -73.485199   41.647312
 -73.494080   41.660767
 -73.498718   41.658768
 -73.507393   41.665775
 -73.518494   41.666737
 -73.508362   41.791496
 -73.497025   41.921726

Middlesex
CT
111
 -72.752640   41.578796
 -72.753403   41.592400
 -72.732002   41.595699
 -72.730400   41.601398
 -72.715080   41.604252
 -72.716362   41.606586
 -72.711670   41.617588
 -72.716316   41.623413
 -72.714401   41.627602
 -72.628304   41.640099
 -72.630707   41.633202
 -72.544693   41.642597
 -72.505905   41.646900
 -72.467201   41.583801
 -72.431297   41.524464
 -72.323875   41.534153
 -72.323410   41.518021
 -72.315720   41.477993
 -72.313011   41.478313
 -72.306007   41.436184
 -72.403587   41.424763
 -72.434181   41.423897
 -72.425949   41.411560
 -72.426132   41.400707
 -72.426155   41.395645
 -72.422142   41.390472
 -72.387650   41.385956
 -72.383064   41.382385
 -72.375397   41.373825
 -72.379875   41.349648
 -72.378159   41.346367
 -72.369797   41.342300
 -72.358307   41.335037
 -72.349594   41.324394
 -72.350021   41.296204
 -72.341125   41.278648
 -72.334000   41.272099
 -72.333939   41.271984
 -72.334000   41.271954
 -72.342918   41.270950
 -72.343704   41.268063
 -72.354218   41.269115
 -72.366562   41.263859
 -72.378906   41.264389
 -72.388885   41.260448
 -72.398605   41.276466
 -72.403595   41.278046
 -72.407272   41.276207
 -72.417175   41.277523
 -72.419098   41.277782
 -72.423294   41.273846
 -72.427498   41.273579
 -72.436691   41.278046
 -72.452446   41.278572
 -72.470573   41.268589
 -72.486336   41.270691
 -72.486855   41.270519
 -72.493431   41.268330
 -72.502876   41.263859
 -72.507088   41.260448
 -72.507088   41.256767
 -72.510239   41.255718
 -72.519432   41.257298
 -72.520477   41.263599
 -72.529678   41.264389
 -72.534142   41.262283
 -72.537033   41.257030
 -72.536667   41.254650
 -72.547707   41.262402
 -72.545303   41.273602
 -72.548798   41.277302
 -72.546799   41.280300
 -72.557701   41.281898
 -72.571404   41.297699
 -72.586304   41.307201
 -72.586304   41.309700
 -72.589203   41.311600
 -72.585907   41.314098
 -72.590302   41.315701
 -72.585999   41.318501
 -72.586502   41.323898
 -72.591904   41.322498
 -72.597702   41.328499
 -72.601303   41.325802
 -72.614700   41.329498
 -72.614998   41.337200
 -72.611702   41.343800
 -72.613106   41.360401
 -72.610199   41.363300
 -72.611107   41.366699
 -72.608597   41.367401
 -72.609306   41.373501
 -72.614502   41.380798
 -72.612701   41.386101
 -72.629402   41.401199
 -72.632103   41.411900
 -72.639000   41.412498
 -72.649902   41.417801
 -72.642799   41.429100
 -72.650002   41.431000
 -72.648903   41.435001
 -72.653000   41.434502
 -72.654305   41.438099
 -72.679199   41.433701
 -72.721107   41.427299
 -72.746597   41.423199
 -72.739578   41.438202
 -72.734344   41.485271
 -72.743790   41.483017
 -72.745201   41.497601
 -72.749367   41.544186

New Haven
CT
249
 -72.983704   41.639500
 -72.938950   41.644215
 -72.934105   41.607700
 -72.946800   41.556702
 -72.884506   41.563702
 -72.874573   41.559040
 -72.868652   41.548752
 -72.853539   41.546017
 -72.844597   41.544601
 -72.848991   41.567230
 -72.840706   41.569000
 -72.828102   41.570900
 -72.830101   41.562302
 -72.826202   41.564201
 -72.826599   41.555801
 -72.819603   41.554199
 -72.809708   41.561901
 -72.801704   41.573002
 -72.752640   41.578796
 -72.749367   41.544186
 -72.745201   41.497601
 -72.743790   41.483017
 -72.734344   41.485271
 -72.739578   41.438202
 -72.746597   41.423199
 -72.721107   41.427299
 -72.679199   41.433701
 -72.654305   41.438099
 -72.653000   41.434502
 -72.648903   41.435001
 -72.650002   41.431000
 -72.642799   41.429100
 -72.649902   41.417801
 -72.639000   41.412498
 -72.632103   41.411900
 -72.629402   41.401199
 -72.612701   41.386101
 -72.614502   41.380798
 -72.609306   41.373501
 -72.608597   41.367401
 -72.611107   41.366699
 -72.610199   41.363300
 -72.613106   41.360401
 -72.611702   41.343800
 -72.614998   41.337200
 -72.614700   41.329498
 -72.601303   41.325802
 -72.597702   41.328499
 -72.591904   41.322498
 -72.586502   41.323898
 -72.585999   41.318501
 -72.590302   41.315701
 -72.585907   41.314098
 -72.589203   41.311600
 -72.586304   41.309700
 -72.586304   41.307201
 -72.571404   41.297699
 -72.557701   41.281898
 -72.546799   41.280300
 -72.548798   41.277302
 -72.545303   41.273602
 -72.547707   41.262402
 -72.536667   41.254650
 -72.536621   41.254353
 -72.536903   41.251400
 -72.544998   41.248199
 -72.567596   41.265499
 -72.570450   41.266857
 -72.572350   41.268295
 -72.574837   41.268940
 -72.582458   41.270916
 -72.584892   41.271549
 -72.598824   41.268761
 -72.604401   41.270615
 -72.606522   41.269978
 -72.609039   41.269222
 -72.624832   41.270615
 -72.631035   41.268665
 -72.635239   41.267345
 -72.654800   41.265202
 -72.658997   41.264801
 -72.662178   41.267387
 -72.663841   41.269222
 -72.664276   41.269096
 -72.666817   41.268375
 -72.667099   41.268295
 -72.667290   41.267132
 -72.667801   41.265800
 -72.669067   41.265781
 -72.672661   41.266438
 -72.673904   41.265713
 -72.674660   41.265274
 -72.678238   41.263187
 -72.678238   41.253437
 -72.681953   41.256222
 -72.684128   41.253532
 -72.689850   41.246468
 -72.704163   41.244015
 -72.706100   41.243683
 -72.713074   41.245541
 -72.714928   41.247395
 -72.711670   41.250648
 -72.714462   41.255291
 -72.719101   41.255291
 -72.722824   41.258545
 -72.735687   41.253002
 -72.738892   41.259186
 -72.739998   41.261330
 -72.752083   41.258545
 -72.755325   41.265972
 -72.761368   41.265045
 -72.763687   41.267368
 -72.771118   41.265045
 -72.772980   41.262260
 -72.784119   41.264580
 -72.791084   41.258545
 -72.795731   41.259937
 -72.804085   41.257149
 -72.811981   41.249256
 -72.819412   41.248791
 -72.821739   41.254364
 -72.826881   41.255096
 -72.827599   41.255199
 -72.831490   41.255756
 -72.834984   41.248768
 -72.836365   41.247570
 -72.837524   41.247860
 -72.843102   41.257614
 -72.849136   41.256683
 -72.851921   41.247860
 -72.854713   41.246933
 -72.859894   41.245903
 -72.881348   41.241634
 -72.891380   41.244148
 -72.895149   41.241634
 -72.901382   41.245197
 -72.900703   41.246201
 -72.905701   41.248199
 -72.904198   41.251400
 -72.895203   41.256100
 -72.895042   41.256756
 -72.893898   41.257328
 -72.894638   41.258419
 -72.897240   41.262257
 -72.900490   41.267059
 -72.906593   41.270111
 -72.906761   41.270195
 -72.921509   41.268627
 -72.929359   41.265488
 -72.935638   41.258270
 -72.953217   41.254192
 -72.957611   41.250740
 -72.960312   41.251316
 -72.961998   41.251678
 -72.962067   41.251465
 -72.962814   41.249237
 -72.963425   41.247398
 -72.964951   41.245621
 -72.967957   41.244465
 -72.973839   41.235271
 -72.975182   41.233166
 -72.978630   41.232224
 -72.985611   41.234455
 -72.986481   41.234734
 -72.991814   41.223122
 -73.000290   41.223122
 -73.004059   41.220608
 -73.005791   41.215710
 -73.007828   41.209934
 -73.015663   41.203659
 -73.030418   41.206799
 -73.037949   41.201778
 -73.038063   41.201878
 -73.041779   41.205063
 -73.046738   41.209312
 -73.050797   41.209148
 -73.054581   41.208996
 -73.056137   41.208355
 -73.056656   41.208141
 -73.059921   41.206799
 -73.063644   41.200882
 -73.066490   41.197929
 -73.082832   41.192677
 -73.108841   41.169159
 -73.108871   41.168888
 -73.120300   41.175598
 -73.122398   41.185001
 -73.110107   41.201900
 -73.110397   41.229301
 -73.102501   41.239498
 -73.091599   41.246399
 -73.087196   41.254501
 -73.089127   41.271641
 -73.087303   41.276501
 -73.084198   41.281399
 -73.069199   41.289101
 -73.065704   41.294800
 -73.068306   41.300900
 -73.078102   41.307598
 -73.080002   41.311901
 -73.116203   41.332100
 -73.125107   41.345200
 -73.136505   41.351101
 -73.139999   41.361099
 -73.148003   41.367599
 -73.157501   41.376598
 -73.159103   41.383301
 -73.173798   41.383499
 -73.183708   41.391617
 -73.188599   41.398102
 -73.185799   41.402100
 -73.186996   41.408501
 -73.198601   41.411800
 -73.208130   41.420448
 -73.222519   41.429722
 -73.226921   41.430218
 -73.238853   41.426159
 -73.242729   41.429749
 -73.245705   41.439800
 -73.258179   41.433468
 -73.264122   41.434437
 -73.274139   41.451553
 -73.281174   41.452209
 -73.294380   41.447262
 -73.298256   41.448223
 -73.301231   41.455807
 -73.299614   41.469440
 -73.303200   41.471344
 -73.310913   41.468719
 -73.327553   41.484432
 -73.325218   41.489521
 -73.327232   41.492943
 -73.319824   41.505054
 -73.254913   41.511906
 -73.243156   41.512890
 -73.204643   41.508430
 -73.156258   41.514111
 -73.165123   41.556992
 -73.145599   41.557701
 -73.094307   41.570099
 -73.082397   41.587101
 -73.058502   41.588501
 -73.061104   41.600700
 -73.058502   41.606800
 -73.051201   41.609501
 -73.036797   41.615101
 -73.019104   41.613998
 -73.021919   41.627007
 -73.004494   41.628479

New London
CT
162
 -72.240044   41.714092
 -72.158028   41.657528
 -72.153870   41.665543
 -72.120811   41.661827
 -72.062592   41.652153
 -72.031578   41.647125
 -71.975739   41.638020
 -71.955467   41.634701
 -71.884903   41.641109
 -71.858398   41.644127
 -71.788361   41.639816
 -71.789841   41.596813
 -71.792061   41.545403
 -71.793747   41.505455
 -71.798073   41.416458
 -71.801811   41.415382
 -71.818878   41.419498
 -71.834366   41.411587
 -71.840134   41.412022
 -71.843323   41.408131
 -71.842613   41.395260
 -71.834267   41.388195
 -71.831444   41.378799
 -71.832199   41.370300
 -71.837997   41.365597
 -71.838501   41.358700
 -71.836304   41.353600
 -71.831596   41.351601
 -71.829102   41.342098
 -71.857101   41.321602
 -71.859688   41.320961
 -71.862045   41.327057
 -71.870293   41.328102
 -71.869736   41.335506
 -71.873650   41.337883
 -71.877136   41.335930
 -71.881119   41.338165
 -71.891464   41.333691
 -71.902290   41.334599
 -71.905647   41.327057
 -71.907951   41.332855
 -71.911926   41.334881
 -71.916756   41.334110
 -71.921944   41.327732
 -71.926743   41.333256
 -71.933228   41.333496
 -71.933464   41.335896
 -71.937790   41.337582
 -71.953400   41.332535
 -71.956039   41.327251
 -71.962997   41.331818
 -71.964439   41.325813
 -71.969490   41.320534
 -71.970924   41.325333
 -71.978851   41.328938
 -71.980934   41.327068
 -71.988213   41.320534
 -71.988937   41.315727
 -71.992294   41.320293
 -71.999733   41.317169
 -72.002617   41.319328
 -72.005501   41.306126
 -72.011505   41.306843
 -72.014626   41.313328
 -72.025429   41.316448
 -72.028549   41.315968
 -72.029991   41.311890
 -72.045601   41.318367
 -72.048958   41.318607
 -72.053528   41.315247
 -72.056412   41.317169
 -72.064087   41.314770
 -72.068886   41.319088
 -72.082756   41.318352
 -72.084274   41.318272
 -72.090820   41.316200
 -72.094627   41.313438
 -72.094971   41.309299
 -72.103577   41.304237
 -72.112572   41.298946
 -72.120155   41.300671
 -72.133614   41.298603
 -72.144653   41.302399
 -72.151550   41.312061
 -72.156036   41.313438
 -72.160873   41.312752
 -72.162247   41.305847
 -72.165703   41.303780
 -72.174332   41.309643
 -72.172943   41.313438
 -72.178123   41.321720
 -72.180046   41.322281
 -72.186401   41.324135
 -72.201584   41.316200
 -72.203659   41.312405
 -72.203659   41.285835
 -72.206413   41.284111
 -72.211250   41.284801
 -72.215736   41.292393
 -72.226433   41.293083
 -72.235741   41.299984
 -72.240921   41.299641
 -72.248779   41.297428
 -72.251961   41.296532
 -72.251961   41.289288
 -72.255760   41.288944
 -72.261971   41.282040
 -72.279915   41.283421
 -72.299919   41.277901
 -72.323387   41.277210
 -72.333717   41.272095
 -72.333939   41.271984
 -72.334000   41.272099
 -72.341125   41.278648
 -72.350021   41.296204
 -72.349594   41.324394
 -72.358307   41.335037
 -72.369797   41.342300
 -72.378159   41.346367
 -72.379875   41.349648
 -72.375397   41.373825
 -72.383064   41.382385
 -72.387650   41.385956
 -72.422142   41.390472
 -72.426155   41.395645
 -72.426132   41.400707
 -72.425949   41.411560
 -72.434181   41.423897
 -72.403587   41.424763
 -72.306007   41.436184
 -72.313011   41.478313
 -72.315720   41.477993
 -72.323410   41.518021
 -72.323875   41.534153
 -72.431297   41.524464
 -72.467201   41.583801
 -72.417702   41.590500
 -72.411102   41.601700
 -72.400902   41.595001
 -72.385307   41.588902
 -72.376595   41.601494
 -72.371864   41.599434
 -72.362335   41.601086
 -72.356331   41.597515
 -72.344017   41.599152
 -72.328568   41.605373
 -72.324982   41.618473
 -72.334702   41.643501
 -72.304146   41.653870
 -72.279152   41.671879
 -72.268898   41.671040
 -72.266846   41.677639
 -72.274887   41.692867
 -72.266624   41.690731
 -72.261635   41.698586
 -72.255547   41.700443
 -72.250786   41.699284
 -72.251877   41.703213
 -72.244675   41.705040
 -72.248398   41.708057
 -72.243820   41.711948
 -72.245201   41.713936

Tolland
CT
75
 -72.509666   42.034046
 -72.458656   42.033970
 -72.397903   42.032993
 -72.367546   42.032612
 -72.271080   42.031586
 -72.205559   42.030975
 -72.199242   42.030933
 -72.136169   42.030151
 -72.102646   42.028709
 -72.099709   41.958851
 -72.152000   41.959209
 -72.217453   41.958065
 -72.218201   41.835087
 -72.165039   41.834816
 -72.156662   41.753319
 -72.163895   41.749622
 -72.168945   41.752045
 -72.172089   41.748348
 -72.174591   41.751038
 -72.176842   41.749813
 -72.178352   41.755272
 -72.188133   41.755085
 -72.186211   41.751816
 -72.189728   41.750309
 -72.189529   41.747017
 -72.196121   41.739513
 -72.191498   41.731552
 -72.195770   41.730019
 -72.198997   41.731647
 -72.198608   41.728081
 -72.253227   41.728104
 -72.253395   41.724854
 -72.247070   41.722805
 -72.244720   41.716824
 -72.240044   41.714092
 -72.245201   41.713936
 -72.243820   41.711948
 -72.248398   41.708057
 -72.244675   41.705040
 -72.251877   41.703213
 -72.250786   41.699284
 -72.255547   41.700443
 -72.261635   41.698586
 -72.266624   41.690731
 -72.274887   41.692867
 -72.266846   41.677639
 -72.268898   41.671040
 -72.279152   41.671879
 -72.304146   41.653870
 -72.334702   41.643501
 -72.324982   41.618473
 -72.328568   41.605373
 -72.344017   41.599152
 -72.356331   41.597515
 -72.362335   41.601086
 -72.371864   41.599434
 -72.376595   41.601494
 -72.385307   41.588902
 -72.400902   41.595001
 -72.411102   41.601700
 -72.410103   41.630901
 -72.429901   41.662201
 -72.448601   41.671799
 -72.452705   41.688702
 -72.460602   41.727200
 -72.464203   41.745499
 -72.473984   41.798401
 -72.476501   41.812901
 -72.508003   41.809601
 -72.505905   41.820202
 -72.497398   41.860100
 -72.518799   41.856800
 -72.517799   41.869801
 -72.513802   41.945301
 -72.493202   41.947399

Windham
CT
51
 -72.102646   42.028709
 -72.100288   42.028629
 -71.993584   42.026833
 -71.963501   42.026127
 -71.883789   42.024212
 -71.805153   42.023407
 -71.801132   42.023472
 -71.799728   42.007969
 -71.798386   41.932285
 -71.798264   41.928455
 -71.797310   41.904346
 -71.795166   41.854313
 -71.791740   41.774399
 -71.790169   41.724636
 -71.787483   41.655891
 -71.788361   41.639816
 -71.858398   41.644127
 -71.884903   41.641109
 -71.955467   41.634701
 -71.975739   41.638020
 -72.031578   41.647125
 -72.062592   41.652153
 -72.120811   41.661827
 -72.153870   41.665543
 -72.158028   41.657528
 -72.240044   41.714092
 -72.244720   41.716824
 -72.247070   41.722805
 -72.253395   41.724854
 -72.253227   41.728104
 -72.198608   41.728081
 -72.198997   41.731647
 -72.195770   41.730019
 -72.191498   41.731552
 -72.196121   41.739513
 -72.189529   41.747017
 -72.189728   41.750309
 -72.186211   41.751816
 -72.188133   41.755085
 -72.178352   41.755272
 -72.176842   41.749813
 -72.174591   41.751038
 -72.172089   41.748348
 -72.168945   41.752045
 -72.163895   41.749622
 -72.156662   41.753319
 -72.165039   41.834816
 -72.218201   41.835087
 -72.217453   41.958065
 -72.152000   41.959209
 -72.099709   41.958851

