 -77.120201   38.791401
 -76.909706   38.994400
1

District of Columbia
DC
25
 -77.120201   38.934200
 -77.042305   38.994400
 -77.036400   38.991402
 -77.008301   38.969601
 -76.909706   38.892700
 -77.038902   38.791401
 -77.036102   38.814800
 -77.040703   38.821602
 -77.039505   38.832100
 -77.045197   38.834599
 -77.046303   38.841202
 -77.033104   38.841599
 -77.031998   38.850399
 -77.038101   38.861801
 -77.042908   38.863400
 -77.039200   38.865700
 -77.040901   38.871101
 -77.045708   38.875099
 -77.046600   38.871201
 -77.049400   38.870602
 -77.054398   38.879002
 -77.058556   38.879955
 -77.068504   38.899700
 -77.090508   38.904099
 -77.101501   38.910999

