 -96.639389   40.375458
 -90.139938   43.500713
99

Adair
IA
5
 -94.700188   41.504143
 -94.241272   41.503574
 -94.241348   41.157101
 -94.470367   41.157543
 -94.700333   41.158100

Adams
IA
5
 -94.927330   41.158375
 -94.700333   41.158100
 -94.470367   41.157543
 -94.470726   40.899422
 -94.928391   40.900688

Allamakee
IA
35
 -91.610748   43.500561
 -91.217575   43.500576
 -91.215904   43.481167
 -91.220261   43.471333
 -91.232109   43.460045
 -91.233231   43.455196
 -91.228615   43.445564
 -91.205414   43.422977
 -91.201096   43.415928
 -91.197533   43.395359
 -91.205940   43.375000
 -91.214928   43.367126
 -91.206490   43.352547
 -91.201721   43.349129
 -91.180984   43.345951
 -91.132690   43.328053
 -91.107109   43.313667
 -91.085526   43.291893
 -91.073586   43.274769
 -91.072517   43.262154
 -91.059624   43.259094
 -91.057793   43.255386
 -91.066269   43.239315
 -91.122040   43.197277
 -91.124298   43.187908
 -91.138519   43.170013
 -91.146072   43.152424
 -91.156075   43.142963
 -91.175125   43.134686
 -91.178123   43.125000
 -91.175064   43.103786
 -91.177094   43.080265
 -91.605164   43.081676
 -91.603851   43.342075
 -91.610741   43.342163

Appanoose
IA
6
 -93.097389   40.898449
 -92.638985   40.898884
 -92.637703   40.590832
 -92.714172   40.589413
 -92.943352   40.587780
 -93.097092   40.584003

Audubon
IA
8
 -95.092667   41.863396
 -94.744560   41.862431
 -94.743874   41.602165
 -94.700424   41.602200
 -94.700188   41.504143
 -95.040604   41.504700
 -95.040565   41.602058
 -95.092422   41.601990

Benton
IA
6
 -92.064583   42.297268
 -91.830864   42.298950
 -91.835106   42.036880
 -91.831406   41.861767
 -92.297981   41.862785
 -92.298607   42.297428

Black Hawk
IA
10
 -92.554634   42.642365
 -92.081703   42.642075
 -92.081284   42.468006
 -92.063858   42.468006
 -92.064583   42.297268
 -92.298607   42.297428
 -92.533470   42.297096
 -92.532990   42.469505
 -92.553314   42.469521
 -92.553360   42.555794

Boone
IA
6
 -94.164337   42.209930
 -93.931503   42.210117
 -93.698242   42.209389
 -93.697906   41.863487
 -93.815712   41.863533
 -94.163902   41.863258

Bremer
IA
4
 -92.554222   42.907166
 -92.081573   42.907028
 -92.081703   42.642075
 -92.554634   42.642365

Buchanan
IA
9
 -92.081703   42.642075
 -91.606834   42.643940
 -91.608345   42.469139
 -91.597260   42.469101
 -91.596764   42.296253
 -91.830864   42.298950
 -92.064583   42.297268
 -92.063858   42.468006
 -92.081284   42.468006

Buena Vista
IA
4
 -95.387894   42.909866
 -94.913857   42.909866
 -94.914459   42.560207
 -95.387772   42.561760

Butler
IA
5
 -93.024727   42.907776
 -92.554222   42.907166
 -92.554634   42.642365
 -92.553360   42.555794
 -93.026573   42.556633

Calhoun
IA
9
 -94.914459   42.560207
 -94.442696   42.558903
 -94.442787   42.473423
 -94.397423   42.473328
 -94.397324   42.209103
 -94.628593   42.209415
 -94.858238   42.209644
 -94.856613   42.474037
 -94.914490   42.474335

Carroll
IA
6
 -95.090767   42.210220
 -94.858238   42.209644
 -94.628593   42.209415
 -94.628448   41.862778
 -94.744560   41.862431
 -95.092667   41.863396

Cass
IA
6
 -95.154587   41.505180
 -95.040604   41.504700
 -94.700188   41.504143
 -94.700333   41.158100
 -94.927330   41.158375
 -95.155579   41.159359

Cedar
IA
6
 -91.365677   41.947227
 -90.898415   41.946064
 -90.898224   41.771366
 -90.899750   41.597107
 -91.366226   41.598354
 -91.365913   41.859989

Cerro Gordo
IA
5
 -93.497330   43.255436
 -93.023918   43.255562
 -93.023743   43.212849
 -93.024727   42.907776
 -93.498421   42.908478

Cherokee
IA
5
 -95.859390   42.909206
 -95.387894   42.909866
 -95.387772   42.561760
 -95.741325   42.561298
 -95.859894   42.560966

Chickasaw
IA
5
 -92.554153   43.212883
 -92.080727   43.212971
 -92.080978   43.082821
 -92.081573   42.907028
 -92.554222   42.907166

Clarke
IA
8
 -93.788834   41.161900
 -93.557144   41.161343
 -93.556442   40.898140
 -93.795036   40.899284
 -93.904503   40.896675
 -94.014580   40.897038
 -94.013962   41.156773
 -93.898422   41.156353

Clay
IA
4
 -95.387833   43.255150
 -94.913597   43.255100
 -94.913857   42.909866
 -95.387894   42.909866

Clayton
IA
38
 -91.605164   43.081676
 -91.177094   43.080265
 -91.179329   43.067444
 -91.174561   43.038727
 -91.156677   42.988186
 -91.156433   42.978241
 -91.145302   42.958229
 -91.149750   42.941967
 -91.143669   42.922894
 -91.145432   42.907997
 -91.143250   42.904682
 -91.117279   42.895851
 -91.100441   42.883091
 -91.097527   42.859882
 -91.091270   42.849873
 -91.093933   42.830826
 -91.082642   42.829987
 -91.078537   42.827686
 -91.077965   42.806538
 -91.069427   42.769642
 -91.060135   42.761856
 -91.061302   42.757984
 -91.065369   42.757092
 -91.064926   42.751347
 -91.056168   42.747353
 -91.053612   42.738247
 -91.035286   42.737347
 -91.026657   42.724236
 -91.017113   42.719578
 -91.009445   42.720131
 -90.995407   42.713711
 -90.976181   42.696003
 -90.941437   42.683853
 -90.921036   42.685413
 -90.896828   42.675087
 -90.897285   42.645721
 -91.132629   42.645851
 -91.606834   42.643940

Clinton
IA
103
 -90.898232   42.033531
 -90.154099   42.033047
 -90.139938   42.003227
 -90.146095   41.981304
 -90.153702   41.974091
 -90.164009   41.956154
 -90.163719   41.944908
 -90.152534   41.933033
 -90.151855   41.928890
 -90.153458   41.906590
 -90.169914   41.876411
 -90.172882   41.857376
 -90.183640   41.836212
 -90.181847   41.807041
 -90.187843   41.803135
 -90.216759   41.795303
 -90.242256   41.782936
 -90.283424   41.764355
 -90.309692   41.743294
 -90.316002   41.728741
 -90.328766   41.734386
 -90.333740   41.739372
 -90.339813   41.740494
 -90.347603   41.730019
 -90.356544   41.731846
 -90.357391   41.727753
 -90.364876   41.727909
 -90.374573   41.734402
 -90.388199   41.737099
 -90.389458   41.730541
 -90.395866   41.733788
 -90.407799   41.729263
 -90.410454   41.732399
 -90.406120   41.735645
 -90.410912   41.737679
 -90.412376   41.741089
 -90.427879   41.736588
 -90.422966   41.740540
 -90.427330   41.744427
 -90.424072   41.750526
 -90.436310   41.760593
 -90.440681   41.758694
 -90.450272   41.764797
 -90.458328   41.758232
 -90.463821   41.758507
 -90.468010   41.762390
 -90.467125   41.768841
 -90.471596   41.773571
 -90.486954   41.766708
 -90.495651   41.765858
 -90.507401   41.769447
 -90.512901   41.765331
 -90.516197   41.770000
 -90.526917   41.772541
 -90.527832   41.775284
 -90.537209   41.776409
 -90.542007   41.766232
 -90.549858   41.768913
 -90.549736   41.763443
 -90.564636   41.765800
 -90.565277   41.762440
 -90.570442   41.763535
 -90.578995   41.759102
 -90.584000   41.763241
 -90.588493   41.763786
 -90.589050   41.769917
 -90.591644   41.770660
 -90.599945   41.762959
 -90.611130   41.763939
 -90.615395   41.756527
 -90.622604   41.763157
 -90.630547   41.765327
 -90.634605   41.761303
 -90.642242   41.761513
 -90.646065   41.756618
 -90.651741   41.755455
 -90.655952   41.757607
 -90.657295   41.764057
 -90.661026   41.765362
 -90.675499   41.761681
 -90.676048   41.755852
 -90.678528   41.754864
 -90.686829   41.756836
 -90.686737   41.752445
 -90.694199   41.748901
 -90.691505   41.743099
 -90.697403   41.743000
 -90.703430   41.737202
 -90.707108   41.740299
 -90.711594   41.739548
 -90.713760   41.734550
 -90.722198   41.736969
 -90.726051   41.742287
 -90.732140   41.737358
 -90.736008   41.740547
 -90.748787   41.744125
 -90.754875   41.756588
 -90.761162   41.762375
 -90.772942   41.767757
 -90.784584   41.768559
 -90.786072   41.771343
 -90.898224   41.771366
 -90.898415   41.946064

Crawford
IA
6
 -95.670799   42.211273
 -95.323219   42.210819
 -95.090767   42.210220
 -95.092667   41.863396
 -95.556999   41.863461
 -95.672455   41.863209

Dallas
IA
11
 -94.163902   41.863258
 -93.815712   41.863533
 -93.814102   41.600399
 -93.790398   41.600300
 -93.790276   41.511826
 -93.861763   41.506100
 -93.896584   41.503109
 -94.241272   41.503574
 -94.241119   41.600983
 -94.279808   41.601322
 -94.280190   41.863045

Davis
IA
5
 -92.638985   40.898884
 -92.178818   40.899700
 -92.179604   40.600498
 -92.350594   40.597248
 -92.637703   40.590832

Decatur
IA
7
 -94.014580   40.897038
 -93.904503   40.896675
 -93.795036   40.899284
 -93.556442   40.898140
 -93.556679   40.580227
 -93.774117   40.577545
 -94.015266   40.573917

Delaware
IA
10
 -91.606834   42.643940
 -91.132629   42.645851
 -91.134254   42.496460
 -91.134026   42.471050
 -91.130753   42.471027
 -91.129936   42.295700
 -91.362991   42.296249
 -91.596764   42.296253
 -91.597260   42.469101
 -91.608345   42.469139

Des Moines
IA
54
 -91.370598   41.074123
 -90.949242   41.072678
 -90.948845   41.070217
 -90.942116   41.034668
 -90.945808   41.006458
 -90.958000   40.979733
 -90.952087   40.954014
 -90.962776   40.924919
 -90.968857   40.919090
 -90.998360   40.908085
 -91.009392   40.900528
 -91.021416   40.883984
 -91.044510   40.868320
 -91.056290   40.848347
 -91.092850   40.821041
 -91.097504   40.805534
 -91.092110   40.792873
 -91.091560   40.779667
 -91.097961   40.763195
 -91.108627   40.750000
 -91.115593   40.725128
 -91.110954   40.708244
 -91.112320   40.696259
 -91.119293   40.699966
 -91.131516   40.698257
 -91.145523   40.706223
 -91.150490   40.706165
 -91.160995   40.717007
 -91.162415   40.722679
 -91.167595   40.719723
 -91.176376   40.721050
 -91.180840   40.713074
 -91.178230   40.709873
 -91.179893   40.708263
 -91.191940   40.713612
 -91.196671   40.719185
 -91.209396   40.713951
 -91.206955   40.721077
 -91.215607   40.731056
 -91.233307   40.737507
 -91.247566   40.750195
 -91.263779   40.754162
 -91.281677   40.753647
 -91.286598   40.766533
 -91.293243   40.772541
 -91.311531   40.772106
 -91.318695   40.779884
 -91.346680   40.786434
 -91.350594   40.793606
 -91.364967   40.790913
 -91.391647   40.807739
 -91.406219   40.808678
 -91.409164   40.812649
 -91.371941   40.812603

Dickinson
IA
4
 -95.387573   43.500275
 -94.914642   43.500492
 -94.913597   43.255100
 -95.387833   43.255150

Dubuque
IA
36
 -91.132629   42.645851
 -90.897285   42.645721
 -90.896828   42.675087
 -90.843781   42.663074
 -90.769371   42.651447
 -90.720078   42.640762
 -90.709084   42.636082
 -90.702545   42.630760
 -90.693871   42.614513
 -90.685364   42.589615
 -90.676926   42.579216
 -90.661400   42.568001
 -90.653999   42.549900
 -90.645508   42.544102
 -90.636597   42.518700
 -90.636803   42.513199
 -90.640800   42.508301
 -90.656403   42.489201
 -90.653908   42.478500
 -90.646599   42.471901
 -90.624199   42.458900
 -90.606201   42.451500
 -90.567841   42.440384
 -90.560310   42.432892
 -90.554886   42.416134
 -90.506706   42.398785
 -90.487022   42.385132
 -90.477814   42.384144
 -90.473671   42.381447
 -90.664902   42.382198
 -90.665413   42.294704
 -90.897888   42.295227
 -91.129936   42.295700
 -91.130753   42.471027
 -91.134026   42.471050
 -91.134254   42.496460

Emmet
IA
5
 -94.854179   43.500637
 -94.442581   43.500629
 -94.442818   43.255047
 -94.913597   43.255100
 -94.914642   43.500492

Fayette
IA
5
 -92.080978   43.082821
 -91.605164   43.081676
 -91.606834   42.643940
 -92.081703   42.642075
 -92.081573   42.907028

Floyd
IA
4
 -93.023743   43.212849
 -92.554153   43.212883
 -92.554222   42.907166
 -93.024727   42.907776

Franklin
IA
4
 -93.498421   42.908478
 -93.024727   42.907776
 -93.026573   42.556633
 -93.499252   42.557514

Fremont
IA
32
 -95.813187   40.901691
 -95.384697   40.901554
 -95.384995   40.728378
 -95.370354   40.728245
 -95.373634   40.580505
 -95.765366   40.585209
 -95.752869   40.592838
 -95.748352   40.603355
 -95.750999   40.609055
 -95.768646   40.621265
 -95.771049   40.639393
 -95.775978   40.647465
 -95.795219   40.662384
 -95.822632   40.667240
 -95.842522   40.677498
 -95.852333   40.702259
 -95.859093   40.708057
 -95.882896   40.717579
 -95.886299   40.724636
 -95.888412   40.736294
 -95.881248   40.750610
 -95.869705   40.759644
 -95.842545   40.771091
 -95.836624   40.776478
 -95.833839   40.783783
 -95.845062   40.811325
 -95.836906   40.835346
 -95.848312   40.861061
 -95.842239   40.870270
 -95.824303   40.875160
 -95.813736   40.881809
 -95.809097   40.893280

Greene
IA
6
 -94.397324   42.209103
 -94.164337   42.209930
 -94.163902   41.863258
 -94.280190   41.863045
 -94.628448   41.862778
 -94.628593   42.209415

Grundy
IA
10
 -93.026573   42.556633
 -92.553360   42.555794
 -92.553314   42.469521
 -92.532990   42.469505
 -92.533470   42.297096
 -92.767899   42.296631
 -92.767273   42.210114
 -93.001328   42.209236
 -93.002594   42.470741
 -93.026909   42.470863

Guthrie
IA
9
 -94.628448   41.862778
 -94.280190   41.863045
 -94.279808   41.601322
 -94.241119   41.600983
 -94.241272   41.503574
 -94.700188   41.504143
 -94.700424   41.602200
 -94.743874   41.602165
 -94.744560   41.862431

Hamilton
IA
9
 -93.971359   42.558018
 -93.499252   42.557514
 -93.498886   42.470966
 -93.462433   42.470821
 -93.462822   42.209267
 -93.698242   42.209389
 -93.931503   42.210117
 -93.931602   42.472103
 -93.971458   42.472118

Hancock
IA
4
 -93.970200   43.255222
 -93.497330   43.255436
 -93.498421   42.908478
 -93.971352   42.907730

Hardin
IA
9
 -93.499252   42.557514
 -93.026573   42.556633
 -93.026909   42.470863
 -93.002594   42.470741
 -93.001328   42.209236
 -93.231438   42.208900
 -93.462822   42.209267
 -93.462433   42.470821
 -93.498886   42.470966

Harrison
IA
57
 -95.672455   41.863209
 -95.556999   41.863461
 -95.557808   41.602261
 -95.497803   41.602299
 -95.498001   41.505997
 -95.995895   41.506901
 -95.992310   41.514179
 -95.994499   41.526249
 -96.000870   41.541157
 -96.009735   41.545540
 -96.019402   41.545753
 -96.027000   41.541088
 -96.034019   41.512859
 -96.040405   41.507084
 -96.053398   41.508869
 -96.072777   41.525059
 -96.089424   41.531784
 -96.093803   41.539272
 -96.095558   41.550888
 -96.091530   41.561096
 -96.082115   41.571236
 -96.081551   41.580418
 -96.088394   41.587528
 -96.101212   41.591587
 -96.109093   41.596882
 -96.117813   41.613503
 -96.115944   41.621586
 -96.097443   41.639645
 -96.095131   41.652748
 -96.099541   41.661041
 -96.117828   41.674408
 -96.121429   41.682751
 -96.119865   41.691158
 -96.111679   41.697784
 -96.104836   41.699928
 -96.082138   41.698174
 -96.072777   41.705017
 -96.073090   41.710686
 -96.079391   41.717976
 -96.102318   41.728027
 -96.106133   41.737904
 -96.102478   41.746353
 -96.084381   41.753326
 -96.079620   41.757908
 -96.077255   41.777836
 -96.066116   41.788925
 -96.064377   41.794960
 -96.068794   41.802971
 -96.075256   41.807823
 -96.097977   41.814220
 -96.104858   41.818218
 -96.110519   41.828182
 -96.107613   41.840351
 -96.109955   41.848866
 -96.117088   41.855598
 -96.138809   41.866169
 -96.000000   41.863476

Henry
IA
8
 -91.715729   41.162804
 -91.485718   41.162369
 -91.370224   41.161243
 -91.370598   41.074123
 -91.371941   40.812603
 -91.409164   40.812649
 -91.718666   40.813385
 -91.718102   40.900780

Howard
IA
5
 -92.448776   43.500496
 -92.079788   43.500679
 -92.080727   43.212971
 -92.554153   43.212883
 -92.552986   43.500336

Humboldt
IA
4
 -94.442703   42.908104
 -93.971352   42.907730
 -93.971489   42.644604
 -94.442734   42.645069

Ida
IA
8
 -95.741325   42.561298
 -95.387772   42.561760
 -95.387344   42.474823
 -95.322136   42.474739
 -95.323219   42.210819
 -95.670799   42.211273
 -95.669495   42.474667
 -95.741913   42.474812

Iowa
IA
9
 -92.297981   41.862785
 -91.831406   41.861767
 -91.833832   41.686581
 -91.832901   41.600403
 -91.826889   41.600441
 -91.829208   41.511433
 -91.945869   41.510738
 -92.297279   41.509644
 -92.299957   41.659584

Jackson
IA
36
 -90.897888   42.295227
 -90.665413   42.294704
 -90.664902   42.382198
 -90.473671   42.381447
 -90.463928   42.368580
 -90.452599   42.359291
 -90.445038   42.356434
 -90.430412   42.336849
 -90.416405   42.325096
 -90.416069   42.321304
 -90.421059   42.315243
 -90.418785   42.308315
 -90.430908   42.282440
 -90.418755   42.253918
 -90.400528   42.239277
 -90.393021   42.227169
 -90.375000   42.214794
 -90.356834   42.205429
 -90.328140   42.201027
 -90.317070   42.193558
 -90.268951   42.174480
 -90.250000   42.171452
 -90.215973   42.156712
 -90.208138   42.150970
 -90.201279   42.130917
 -90.190331   42.125759
 -90.170837   42.125175
 -90.167412   42.122456
 -90.162094   42.114861
 -90.160995   42.104385
 -90.163277   42.087593
 -90.168236   42.075756
 -90.166725   42.054890
 -90.164207   42.041492
 -90.154099   42.033047
 -90.898232   42.033531

Jasper
IA
10
 -93.347725   41.863117
 -93.231667   41.862724
 -92.765884   41.862381
 -92.766418   41.601360
 -92.756882   41.601418
 -92.756317   41.508797
 -92.871178   41.508530
 -93.328407   41.507835
 -93.328407   41.601021
 -93.348343   41.600788

Jefferson
IA
6
 -92.179840   41.162601
 -91.945618   41.163471
 -91.838760   41.161495
 -91.715729   41.162804
 -91.718102   40.900780
 -92.178818   40.899700

Johnson
IA
25
 -91.831406   41.861767
 -91.365913   41.859989
 -91.366226   41.598354
 -91.368362   41.423302
 -91.483696   41.424126
 -91.490936   41.441063
 -91.502785   41.449364
 -91.498314   41.453396
 -91.499016   41.459438
 -91.515953   41.468384
 -91.512161   41.476383
 -91.502098   41.477337
 -91.501808   41.488720
 -91.503830   41.493134
 -91.510513   41.494667
 -91.508064   41.502464
 -91.513855   41.497425
 -91.518417   41.497253
 -91.519203   41.502525
 -91.527779   41.507744
 -91.520462   41.511005
 -91.829208   41.511433
 -91.826889   41.600441
 -91.832901   41.600403
 -91.833832   41.686581

Jones
IA
6
 -91.362991   42.296249
 -91.129936   42.295700
 -90.897888   42.295227
 -90.898232   42.033531
 -90.898415   41.946064
 -91.365677   41.947227

Keokuk
IA
6
 -92.297279   41.509644
 -91.945869   41.510738
 -91.945618   41.163471
 -92.179840   41.162601
 -92.409950   41.161777
 -92.411873   41.509483

Kossuth
IA
7
 -94.442581   43.500629
 -94.247475   43.500343
 -93.970528   43.499653
 -93.970200   43.255222
 -93.971352   42.907730
 -94.442703   42.908104
 -94.442818   43.255047

Lee
IA
89
 -91.718666   40.813385
 -91.409164   40.812649
 -91.406219   40.808678
 -91.391647   40.807739
 -91.364967   40.790913
 -91.350594   40.793606
 -91.346680   40.786434
 -91.318695   40.779884
 -91.311531   40.772106
 -91.293243   40.772541
 -91.286598   40.766533
 -91.281677   40.753647
 -91.263779   40.754162
 -91.247566   40.750195
 -91.233307   40.737507
 -91.215607   40.731056
 -91.206955   40.721077
 -91.209396   40.713951
 -91.196671   40.719185
 -91.191940   40.713612
 -91.179893   40.708263
 -91.178230   40.709873
 -91.180840   40.713074
 -91.176376   40.721050
 -91.167595   40.719723
 -91.162415   40.722679
 -91.160995   40.717007
 -91.150490   40.706165
 -91.145523   40.706223
 -91.131516   40.698257
 -91.119293   40.699966
 -91.112320   40.696259
 -91.123787   40.669113
 -91.185150   40.637764
 -91.197762   40.636066
 -91.218285   40.638397
 -91.251717   40.638073
 -91.308914   40.625397
 -91.353844   40.606510
 -91.379601   40.574409
 -91.401329   40.559418
 -91.406227   40.551792
 -91.403976   40.539085
 -91.384377   40.530907
 -91.368904   40.512493
 -91.364059   40.500000
 -91.366310   40.478828
 -91.377991   40.456352
 -91.381615   40.442513
 -91.373131   40.416451
 -91.372398   40.401157
 -91.375595   40.391834
 -91.384048   40.386387
 -91.396851   40.383083
 -91.412857   40.382233
 -91.419273   40.378220
 -91.425514   40.382446
 -91.441086   40.386211
 -91.452301   40.375458
 -91.463745   40.375614
 -91.465736   40.378319
 -91.463402   40.385506
 -91.480095   40.381741
 -91.484985   40.384544
 -91.490822   40.393440
 -91.488327   40.404278
 -91.497932   40.401882
 -91.524452   40.410725
 -91.526886   40.418171
 -91.518974   40.432781
 -91.528976   40.434231
 -91.533463   40.438278
 -91.531754   40.442688
 -91.523109   40.450020
 -91.524933   40.457806
 -91.552536   40.458729
 -91.574585   40.465626
 -91.581367   40.472836
 -91.590652   40.492252
 -91.612663   40.502335
 -91.621193   40.510033
 -91.617874   40.533993
 -91.619911   40.540779
 -91.625000   40.543461
 -91.670830   40.550900
 -91.685036   40.555058
 -91.691429   40.562183
 -91.686195   40.580841
 -91.716606   40.598495

Linn
IA
7
 -91.830864   42.298950
 -91.596764   42.296253
 -91.362991   42.296249
 -91.365677   41.947227
 -91.365913   41.859989
 -91.831406   41.861767
 -91.835106   42.036880

Louisa
IA
22
 -91.483696   41.424126
 -91.368362   41.423302
 -91.369179   41.336040
 -91.071899   41.333576
 -91.071930   41.333332
 -91.074699   41.305550
 -91.089066   41.291180
 -91.100990   41.267139
 -91.112633   41.252502
 -91.112907   41.239941
 -91.072830   41.207119
 -91.041389   41.166107
 -91.027069   41.163342
 -91.007439   41.166153
 -90.997757   41.162533
 -90.989517   41.155685
 -90.965759   41.119522
 -90.946487   41.096600
 -90.949242   41.072678
 -91.370598   41.074123
 -91.370224   41.161243
 -91.485718   41.162369

Lucas
IA
5
 -93.327576   41.160633
 -93.099007   41.160763
 -93.097389   40.898449
 -93.556442   40.898140
 -93.557144   41.161343

Lyon
IA
77
 -96.598610   43.500484
 -96.452736   43.500443
 -96.052650   43.500336
 -95.860855   43.500000
 -95.861847   43.257671
 -96.275383   43.257492
 -96.554649   43.260017
 -96.563850   43.260258
 -96.576485   43.268330
 -96.584908   43.268894
 -96.585999   43.274338
 -96.583214   43.276901
 -96.580582   43.274818
 -96.577271   43.278820
 -96.580971   43.288673
 -96.578773   43.293816
 -96.580086   43.295872
 -96.587227   43.292580
 -96.588577   43.295986
 -96.573242   43.299187
 -96.563972   43.294823
 -96.554207   43.296467
 -96.552765   43.292881
 -96.530075   43.300053
 -96.531578   43.304146
 -96.526474   43.305607
 -96.528915   43.309311
 -96.523651   43.311550
 -96.528343   43.314568
 -96.525467   43.318821
 -96.530571   43.320763
 -96.528557   43.324352
 -96.532784   43.328609
 -96.531219   43.332310
 -96.534592   43.336494
 -96.531364   43.338985
 -96.532272   43.343006
 -96.528984   43.342072
 -96.526825   43.344223
 -96.523972   43.347809
 -96.527199   43.348492
 -96.524902   43.353821
 -96.530373   43.368176
 -96.526154   43.368336
 -96.521011   43.374626
 -96.523987   43.379513
 -96.521255   43.385666
 -96.524010   43.395424
 -96.528831   43.397755
 -96.535355   43.395084
 -96.539520   43.397575
 -96.544914   43.396893
 -96.547508   43.403477
 -96.553291   43.404346
 -96.559990   43.412666
 -96.573257   43.419250
 -96.569901   43.428623
 -96.574867   43.431782
 -96.593056   43.433376
 -96.596008   43.442314
 -96.599045   43.442791
 -96.602287   43.449673
 -96.599464   43.451069
 -96.599716   43.457104
 -96.592972   43.459461
 -96.594139   43.462524
 -96.590088   43.463120
 -96.588455   43.466824
 -96.586853   43.464745
 -96.582176   43.467007
 -96.586037   43.478275
 -96.580673   43.481407
 -96.586830   43.484722
 -96.585953   43.491123
 -96.590126   43.494324
 -96.594398   43.493340
 -96.598068   43.495098

Madison
IA
8
 -94.241272   41.503574
 -93.896584   41.503109
 -93.861763   41.506100
 -93.790276   41.511826
 -93.788834   41.161900
 -93.898422   41.156353
 -94.013962   41.156773
 -94.241348   41.157101

Mahaska
IA
6
 -92.756317   41.508797
 -92.411873   41.509483
 -92.409950   41.161777
 -92.640167   41.161293
 -92.869598   41.160847
 -92.871178   41.508530

Marion
IA
6
 -93.328407   41.507835
 -92.871178   41.508530
 -92.869598   41.160847
 -93.099007   41.160763
 -93.327576   41.160633
 -93.328201   41.491901

Marshall
IA
5
 -93.001328   42.209236
 -92.767273   42.210114
 -92.765884   41.862381
 -93.231667   41.862724
 -93.231438   42.208900

Mills
IA
23
 -95.880997   41.159901
 -95.383003   41.159000
 -95.384697   40.901554
 -95.813187   40.901691
 -95.832764   40.917244
 -95.839462   40.932781
 -95.837662   40.950619
 -95.829544   40.963860
 -95.828789   40.975689
 -95.835152   40.984184
 -95.859833   40.995243
 -95.866661   41.001083
 -95.869202   41.009399
 -95.859634   41.025406
 -95.859367   41.035694
 -95.879204   41.053299
 -95.882004   41.058731
 -95.881088   41.065205
 -95.865173   41.080368
 -95.862305   41.088402
 -95.865601   41.117901
 -95.881798   41.144001
 -95.883202   41.154900

Mitchell
IA
5
 -93.024231   43.499611
 -92.552986   43.500336
 -92.554153   43.212883
 -93.023743   43.212849
 -93.023918   43.255562

Monona
IA
50
 -96.356255   42.215012
 -96.019669   42.211697
 -95.670799   42.211273
 -95.672455   41.863209
 -96.000000   41.863476
 -96.138809   41.866169
 -96.145790   41.875000
 -96.148537   41.888145
 -96.160805   41.900562
 -96.161697   41.905563
 -96.157547   41.910908
 -96.141968   41.915394
 -96.136452   41.920841
 -96.136322   41.927181
 -96.144287   41.941555
 -96.129684   41.962654
 -96.130066   41.972878
 -96.142418   41.978504
 -96.157753   41.980289
 -96.176903   41.976341
 -96.185966   41.977432
 -96.191849   41.984474
 -96.183273   42.000000
 -96.187767   42.006336
 -96.194260   42.008675
 -96.205788   42.009281
 -96.214928   42.006718
 -96.225166   41.994747
 -96.236191   41.996441
 -96.241737   42.000923
 -96.241631   42.006981
 -96.238564   42.012329
 -96.223312   42.022663
 -96.221436   42.026215
 -96.223526   42.033360
 -96.238098   42.041100
 -96.260834   42.038986
 -96.268333   42.042328
 -96.272575   42.047253
 -96.279037   42.070293
 -96.276459   42.081429
 -96.267334   42.096188
 -96.268600   42.113602
 -96.278908   42.123493
 -96.307121   42.130714
 -96.321548   42.148670
 -96.343819   42.162102
 -96.350037   42.175556
 -96.347763   42.194756
 -96.359459   42.209850

Monroe
IA
5
 -92.869598   41.160847
 -92.640167   41.161293
 -92.638985   40.898884
 -93.097389   40.898449
 -93.099007   41.160763

Montgomery
IA
5
 -95.383003   41.159000
 -95.155579   41.159359
 -94.927330   41.158375
 -94.928391   40.900688
 -95.384697   40.901554

Muscatine
IA
19
 -91.366226   41.598354
 -90.899750   41.597107
 -90.783661   41.596478
 -90.786133   41.452862
 -90.837273   41.455593
 -90.853455   41.453880
 -90.900330   41.431126
 -90.929871   41.421375
 -90.949646   41.424137
 -90.977791   41.434200
 -90.985733   41.433659
 -91.005051   41.426418
 -91.027641   41.423576
 -91.045746   41.414055
 -91.051430   41.385258
 -91.066078   41.366341
 -91.071899   41.333576
 -91.369179   41.336040
 -91.368362   41.423302

O'Brien
IA
5
 -95.861847   43.257671
 -95.626640   43.258438
 -95.387833   43.255150
 -95.387894   42.909866
 -95.859390   42.909206

Osceola
IA
6
 -95.454163   43.500679
 -95.387573   43.500275
 -95.387833   43.255150
 -95.626640   43.258438
 -95.861847   43.257671
 -95.860855   43.500000

Page
IA
9
 -95.384697   40.901554
 -94.928391   40.900688
 -94.928268   40.727402
 -94.912872   40.727413
 -94.914650   40.575081
 -95.202171   40.578461
 -95.373634   40.580505
 -95.370354   40.728245
 -95.384995   40.728378

Palo Alto
IA
4
 -94.913597   43.255100
 -94.442818   43.255047
 -94.442703   42.908104
 -94.913857   42.909866

Plymouth
IA
136
 -96.538025   42.908951
 -95.859390   42.909206
 -95.859894   42.560966
 -96.498253   42.560951
 -96.498398   42.570877
 -96.489021   42.570808
 -96.485741   42.575569
 -96.495148   42.579479
 -96.490990   42.587044
 -96.500725   42.589252
 -96.499870   42.594112
 -96.509773   42.613224
 -96.517380   42.616623
 -96.525360   42.609322
 -96.529587   42.610439
 -96.531036   42.616573
 -96.518761   42.619034
 -96.515167   42.628544
 -96.521446   42.634899
 -96.525223   42.635040
 -96.526459   42.641193
 -96.535461   42.644669
 -96.537987   42.649124
 -96.537567   42.655437
 -96.542648   42.661106
 -96.559380   42.658161
 -96.559593   42.662823
 -96.555939   42.664406
 -96.566994   42.676361
 -96.571953   42.670780
 -96.578270   42.672085
 -96.573997   42.673893
 -96.571983   42.678211
 -96.578339   42.678005
 -96.574532   42.681114
 -96.575607   42.682945
 -96.586113   42.683517
 -96.586700   42.690125
 -96.590736   42.690990
 -96.592194   42.687172
 -96.599289   42.686920
 -96.599007   42.688999
 -96.593521   42.690166
 -96.596344   42.691811
 -96.593712   42.694168
 -96.599480   42.698967
 -96.604530   42.695126
 -96.609856   42.694572
 -96.610611   42.697887
 -96.604622   42.698235
 -96.605614   42.701935
 -96.609428   42.702324
 -96.614944   42.698620
 -96.619225   42.700195
 -96.623878   42.707623
 -96.625534   42.704235
 -96.630302   42.705883
 -96.624138   42.714298
 -96.627785   42.717888
 -96.624390   42.720978
 -96.624390   42.725506
 -96.634354   42.724636
 -96.630623   42.730507
 -96.639389   42.737076
 -96.630585   42.735378
 -96.635605   42.741783
 -96.629402   42.743858
 -96.632034   42.745163
 -96.630173   42.750385
 -96.619186   42.754795
 -96.622223   42.758457
 -96.626694   42.754589
 -96.632278   42.761776
 -96.635963   42.765041
 -96.631989   42.765564
 -96.631958   42.767551
 -96.635864   42.769772
 -96.631828   42.770866
 -96.629601   42.768513
 -96.626640   42.775166
 -96.621719   42.777203
 -96.619705   42.783627
 -96.615768   42.785023
 -96.614616   42.782352
 -96.612320   42.784615
 -96.610115   42.782627
 -96.608223   42.784344
 -96.604248   42.783039
 -96.602264   42.788597
 -96.604721   42.791771
 -96.594978   42.792988
 -96.599449   42.798637
 -96.593948   42.798290
 -96.590446   42.808266
 -96.595352   42.810432
 -96.595695   42.815052
 -96.585396   42.818047
 -96.585480   42.823856
 -96.577621   42.827652
 -96.582069   42.833664
 -96.580856   42.837940
 -96.578163   42.837830
 -96.578033   42.834763
 -96.574333   42.837830
 -96.568497   42.837849
 -96.569588   42.834900
 -96.563004   42.828224
 -96.560265   42.839378
 -96.553680   42.836044
 -96.549889   42.838009
 -96.548584   42.840775
 -96.553894   42.843655
 -96.555847   42.849346
 -96.550537   42.847656
 -96.549545   42.851109
 -96.545189   42.849964
 -96.541153   42.857693
 -96.542389   42.859730
 -96.546249   42.857281
 -96.545937   42.861145
 -96.550125   42.863178
 -96.546494   42.863888
 -96.545654   42.866722
 -96.549355   42.869579
 -96.547012   42.873718
 -96.537544   42.878483
 -96.543106   42.883926
 -96.537415   42.886944
 -96.539810   42.889687
 -96.525070   42.891830
 -96.529510   42.894325
 -96.528580   42.897961
 -96.535698   42.900913
 -96.539085   42.899975
 -96.542534   42.903748
 -96.536255   42.905666

Pocahontas
IA
5
 -94.913857   42.909866
 -94.442703   42.908104
 -94.442734   42.645069
 -94.442696   42.558903
 -94.914459   42.560207

Polk
IA
38
 -93.815712   41.863533
 -93.697906   41.863487
 -93.347725   41.863117
 -93.348343   41.600788
 -93.328407   41.601021
 -93.328407   41.507835
 -93.328201   41.491901
 -93.342598   41.481800
 -93.347000   41.483101
 -93.354225   41.497433
 -93.357819   41.496414
 -93.363007   41.485863
 -93.373199   41.485989
 -93.376015   41.493549
 -93.382767   41.494453
 -93.389641   41.491974
 -93.392754   41.487919
 -93.403709   41.486408
 -93.404152   41.490471
 -93.396683   41.495602
 -93.397339   41.500000
 -93.402893   41.502052
 -93.411354   41.493393
 -93.415413   41.492031
 -93.421173   41.493427
 -93.421341   41.496567
 -93.415031   41.500690
 -93.413162   41.505611
 -93.419777   41.511021
 -93.423882   41.509968
 -93.427040   41.505390
 -93.438126   41.502247
 -93.441521   41.504253
 -93.441154   41.507603
 -93.548706   41.511501
 -93.790276   41.511826
 -93.790398   41.600300
 -93.814102   41.600399

Pottawattamie
IA
55
 -95.995895   41.506901
 -95.498001   41.505997
 -95.154587   41.505180
 -95.155579   41.159359
 -95.383003   41.159000
 -95.880997   41.159901
 -95.870300   41.168701
 -95.852501   41.165401
 -95.845901   41.166698
 -95.841003   41.174999
 -95.843803   41.180599
 -95.849907   41.184799
 -95.864502   41.188301
 -95.909401   41.184399
 -95.917999   41.186699
 -95.922905   41.191002
 -95.927200   41.202202
 -95.924599   41.211201
 -95.912308   41.227001
 -95.910599   41.234001
 -95.921204   41.259800
 -95.920105   41.268398
 -95.913704   41.271400
 -95.928398   41.281399
 -95.927200   41.298401
 -95.919998   41.301102
 -95.903999   41.299599
 -95.903999   41.293499
 -95.912201   41.279499
 -95.902199   41.273399
 -95.876602   41.285099
 -95.871201   41.295799
 -95.874397   41.307098
 -95.882797   41.316700
 -95.899002   41.321201
 -95.913506   41.320202
 -95.925400   41.322201
 -95.939003   41.328899
 -95.952797   41.339901
 -95.956398   41.345501
 -95.954597   41.351799
 -95.935204   41.360600
 -95.928505   41.370098
 -95.937202   41.393101
 -95.929436   41.411335
 -95.932877   41.429436
 -95.921547   41.442066
 -95.919991   41.451572
 -95.925423   41.459389
 -95.936516   41.465195
 -95.946175   41.466171
 -95.962044   41.462814
 -95.975861   41.468189
 -96.008545   41.474045
 -96.019531   41.488037

Poweshiek
IA
8
 -92.765884   41.862381
 -92.297981   41.862785
 -92.299957   41.659584
 -92.297279   41.509644
 -92.411873   41.509483
 -92.756317   41.508797
 -92.756882   41.601418
 -92.766418   41.601360

Ringgold
IA
5
 -94.470726   40.899422
 -94.014580   40.897038
 -94.015266   40.573917
 -94.232010   40.571907
 -94.470978   40.570835

Sac
IA
9
 -95.387772   42.561760
 -94.914459   42.560207
 -94.914490   42.474335
 -94.856613   42.474037
 -94.858238   42.209644
 -95.090767   42.210220
 -95.323219   42.210819
 -95.322136   42.474739
 -95.387344   42.474823

Scott
IA
113
 -90.898224   41.771366
 -90.786072   41.771343
 -90.784584   41.768559
 -90.772942   41.767757
 -90.761162   41.762375
 -90.754875   41.756588
 -90.748787   41.744125
 -90.736008   41.740547
 -90.732140   41.737358
 -90.726051   41.742287
 -90.722198   41.736969
 -90.713760   41.734550
 -90.711594   41.739548
 -90.707108   41.740299
 -90.703430   41.737202
 -90.697403   41.743000
 -90.691505   41.743099
 -90.694199   41.748901
 -90.686737   41.752445
 -90.686829   41.756836
 -90.678528   41.754864
 -90.676048   41.755852
 -90.675499   41.761681
 -90.661026   41.765362
 -90.657295   41.764057
 -90.655952   41.757607
 -90.651741   41.755455
 -90.646065   41.756618
 -90.642242   41.761513
 -90.634605   41.761303
 -90.630547   41.765327
 -90.622604   41.763157
 -90.615395   41.756527
 -90.611130   41.763939
 -90.599945   41.762959
 -90.591644   41.770660
 -90.589050   41.769917
 -90.588493   41.763786
 -90.584000   41.763241
 -90.578995   41.759102
 -90.570442   41.763535
 -90.565277   41.762440
 -90.564636   41.765800
 -90.549736   41.763443
 -90.549858   41.768913
 -90.542007   41.766232
 -90.537209   41.776409
 -90.527832   41.775284
 -90.526917   41.772541
 -90.516197   41.770000
 -90.512901   41.765331
 -90.507401   41.769447
 -90.495651   41.765858
 -90.486954   41.766708
 -90.471596   41.773571
 -90.467125   41.768841
 -90.468010   41.762390
 -90.463821   41.758507
 -90.458328   41.758232
 -90.450272   41.764797
 -90.440681   41.758694
 -90.436310   41.760593
 -90.424072   41.750526
 -90.427330   41.744427
 -90.422966   41.740540
 -90.427879   41.736588
 -90.412376   41.741089
 -90.410912   41.737679
 -90.406120   41.735645
 -90.410454   41.732399
 -90.407799   41.729263
 -90.395866   41.733788
 -90.389458   41.730541
 -90.388199   41.737099
 -90.374573   41.734402
 -90.364876   41.727909
 -90.357391   41.727753
 -90.356544   41.731846
 -90.347603   41.730019
 -90.339813   41.740494
 -90.333740   41.739372
 -90.328766   41.734386
 -90.316002   41.728741
 -90.317482   41.720192
 -90.312767   41.707497
 -90.313301   41.698051
 -90.317184   41.691639
 -90.334396   41.679527
 -90.336601   41.664501
 -90.343323   41.646927
 -90.339401   41.598598
 -90.343102   41.587799
 -90.363998   41.579601
 -90.397797   41.572201
 -90.412704   41.565300
 -90.422104   41.554199
 -90.432602   41.549500
 -90.461304   41.523499
 -90.474197   41.519699
 -90.500504   41.518002
 -90.540802   41.526100
 -90.556107   41.524200
 -90.567101   41.517502
 -90.590904   41.512798
 -90.601997   41.506001
 -90.605797   41.494202
 -90.655701   41.462101
 -90.676308   41.460800
 -90.701019   41.454712
 -90.737396   41.450096
 -90.786133   41.452862
 -90.783661   41.596478
 -90.899750   41.597107

Shelby
IA
9
 -95.556999   41.863461
 -95.092667   41.863396
 -95.092422   41.601990
 -95.040565   41.602058
 -95.040604   41.504700
 -95.154587   41.505180
 -95.498001   41.505997
 -95.497803   41.602299
 -95.557808   41.602261

Sioux
IA
92
 -96.554649   43.260017
 -96.275383   43.257492
 -95.861847   43.257671
 -95.859390   42.909206
 -96.538025   42.908951
 -96.537582   42.917648
 -96.540909   42.919777
 -96.540794   42.924507
 -96.533760   42.923752
 -96.533974   42.927845
 -96.525223   42.935520
 -96.516579   42.932526
 -96.519691   42.939774
 -96.513733   42.944843
 -96.509163   42.945164
 -96.508720   42.953621
 -96.498657   42.957760
 -96.504723   42.970856
 -96.515617   42.972897
 -96.520462   42.980396
 -96.516579   42.980900
 -96.518341   42.984901
 -96.511925   42.985947
 -96.512573   42.991436
 -96.509682   42.995140
 -96.496391   42.998821
 -96.491364   43.009720
 -96.495010   43.015682
 -96.499062   43.016575
 -96.498878   43.019230
 -96.511429   43.025677
 -96.513611   43.030296
 -96.508835   43.037312
 -96.511299   43.039940
 -96.519615   43.037819
 -96.521484   43.039192
 -96.512695   43.041084
 -96.514473   43.044903
 -96.510567   43.049706
 -96.501442   43.048645
 -96.490059   43.050804
 -96.476601   43.062397
 -96.472855   43.063564
 -96.467896   43.061874
 -96.460541   43.064049
 -96.453751   43.083366
 -96.455032   43.088142
 -96.462326   43.089626
 -96.462296   43.092094
 -96.456345   43.097565
 -96.451813   43.098270
 -96.436279   43.120857
 -96.440498   43.123142
 -96.439873   43.128330
 -96.442398   43.128857
 -96.445213   43.136356
 -96.448174   43.136173
 -96.446808   43.138321
 -96.450050   43.142254
 -96.459663   43.143532
 -96.458702   43.147282
 -96.461510   43.149113
 -96.464790   43.147533
 -96.467880   43.151943
 -96.463547   43.155579
 -96.469101   43.158276
 -96.465576   43.161339
 -96.468857   43.169594
 -96.465294   43.171261
 -96.464584   43.182053
 -96.472076   43.185661
 -96.473518   43.189819
 -96.471779   43.196728
 -96.474464   43.202438
 -96.470314   43.207245
 -96.475945   43.212818
 -96.475601   43.221554
 -96.484711   43.224094
 -96.496147   43.223667
 -96.500854   43.220692
 -96.507767   43.221382
 -96.508453   43.217270
 -96.520111   43.217911
 -96.525986   43.223743
 -96.535423   43.227657
 -96.539780   43.225716
 -96.554626   43.226791
 -96.558594   43.222858
 -96.568192   43.231571
 -96.570877   43.238979
 -96.564934   43.244259
 -96.548706   43.246956

Story
IA
6
 -93.698242   42.209389
 -93.462822   42.209267
 -93.231438   42.208900
 -93.231667   41.862724
 -93.347725   41.863117
 -93.697906   41.863487

Tama
IA
6
 -92.533470   42.297096
 -92.298607   42.297428
 -92.297981   41.862785
 -92.765884   41.862381
 -92.767273   42.210114
 -92.767899   42.296631

Taylor
IA
7
 -94.928391   40.900688
 -94.470726   40.899422
 -94.470978   40.570835
 -94.631790   40.571201
 -94.914650   40.575081
 -94.912872   40.727413
 -94.928268   40.727402

Union
IA
5
 -94.470367   41.157543
 -94.241348   41.157101
 -94.013962   41.156773
 -94.014580   40.897038
 -94.470726   40.899422

Van Buren
IA
7
 -92.178818   40.899700
 -91.718102   40.900780
 -91.718666   40.813385
 -91.716606   40.598495
 -91.728951   40.613605
 -91.942947   40.605797
 -92.179604   40.600498

Wapello
IA
5
 -92.409950   41.161777
 -92.179840   41.162601
 -92.178818   40.899700
 -92.638985   40.898884
 -92.640167   41.161293

Warren
IA
33
 -93.790276   41.511826
 -93.548706   41.511501
 -93.441154   41.507603
 -93.441521   41.504253
 -93.438126   41.502247
 -93.427040   41.505390
 -93.423882   41.509968
 -93.419777   41.511021
 -93.413162   41.505611
 -93.415031   41.500690
 -93.421341   41.496567
 -93.421173   41.493427
 -93.415413   41.492031
 -93.411354   41.493393
 -93.402893   41.502052
 -93.397339   41.500000
 -93.396683   41.495602
 -93.404152   41.490471
 -93.403709   41.486408
 -93.392754   41.487919
 -93.389641   41.491974
 -93.382767   41.494453
 -93.376015   41.493549
 -93.373199   41.485989
 -93.363007   41.485863
 -93.357819   41.496414
 -93.354225   41.497433
 -93.347000   41.483101
 -93.342598   41.481800
 -93.328201   41.491901
 -93.327576   41.160633
 -93.557144   41.161343
 -93.788834   41.161900

Washington
IA
23
 -91.945869   41.510738
 -91.829208   41.511433
 -91.520462   41.511005
 -91.527779   41.507744
 -91.519203   41.502525
 -91.518417   41.497253
 -91.513855   41.497425
 -91.508064   41.502464
 -91.510513   41.494667
 -91.503830   41.493134
 -91.501808   41.488720
 -91.502098   41.477337
 -91.512161   41.476383
 -91.515953   41.468384
 -91.499016   41.459438
 -91.498314   41.453396
 -91.502785   41.449364
 -91.490936   41.441063
 -91.483696   41.424126
 -91.485718   41.162369
 -91.715729   41.162804
 -91.838760   41.161495
 -91.945618   41.163471

Wayne
IA
5
 -93.556442   40.898140
 -93.097389   40.898449
 -93.097092   40.584003
 -93.374176   40.580223
 -93.556679   40.580227

Webster
IA
11
 -94.442734   42.645069
 -93.971489   42.644604
 -93.971359   42.558018
 -93.971458   42.472118
 -93.931602   42.472103
 -93.931503   42.210117
 -94.164337   42.209930
 -94.397324   42.209103
 -94.397423   42.473328
 -94.442787   42.473423
 -94.442696   42.558903

Winnebago
IA
5
 -93.970528   43.499653
 -93.648422   43.499596
 -93.497192   43.499504
 -93.497330   43.255436
 -93.970200   43.255222

Winneshiek
IA
8
 -92.079788   43.500679
 -91.730209   43.500713
 -91.610748   43.500561
 -91.610741   43.342163
 -91.603851   43.342075
 -91.605164   43.081676
 -92.080978   43.082821
 -92.080727   43.212971

Woodbury
IA
42
 -95.859894   42.560966
 -95.741325   42.561298
 -95.741913   42.474812
 -95.669495   42.474667
 -95.670799   42.211273
 -96.019669   42.211697
 -96.356255   42.215012
 -96.336014   42.218933
 -96.322456   42.232571
 -96.329559   42.239758
 -96.327400   42.250000
 -96.331024   42.259441
 -96.341141   42.269123
 -96.356079   42.276489
 -96.367165   42.289467
 -96.371483   42.314178
 -96.383865   42.325878
 -96.407684   42.337418
 -96.417480   42.351456
 -96.416786   42.361450
 -96.408127   42.376099
 -96.414673   42.393448
 -96.413307   42.407902
 -96.387306   42.432499
 -96.380402   42.446400
 -96.380997   42.461700
 -96.385101   42.473099
 -96.395798   42.484100
 -96.409103   42.487598
 -96.443108   42.489498
 -96.456039   42.492485
 -96.467613   42.491093
 -96.476196   42.493599
 -96.473030   42.503544
 -96.477142   42.509598
 -96.489784   42.512447
 -96.492661   42.517288
 -96.490494   42.520336
 -96.479599   42.524200
 -96.476646   42.556084
 -96.494392   42.556751
 -96.498253   42.560951

Worth
IA
5
 -93.049110   43.499599
 -93.024231   43.499611
 -93.023918   43.255562
 -93.497330   43.255436
 -93.497192   43.499504

Wright
IA
5
 -93.971352   42.907730
 -93.498421   42.908478
 -93.499252   42.557514
 -93.971359   42.558018
 -93.971489   42.644604

