 -91.512817   36.970249
 -87.495491   42.508301
103

Adams
IL
31
 -91.505196   40.200439
 -90.911911   40.192936
 -90.913483   40.104408
 -90.916481   39.845028
 -90.915939   39.757118
 -91.250000   39.756935
 -91.364975   39.758678
 -91.365547   39.774864
 -91.361427   39.787502
 -91.367813   39.800362
 -91.377823   39.811230
 -91.432770   39.840508
 -91.446236   39.870350
 -91.447693   39.877907
 -91.443359   39.893539
 -91.420731   39.914822
 -91.418869   39.920265
 -91.421677   39.932926
 -91.435371   39.945175
 -91.443298   39.953632
 -91.458702   39.978973
 -91.465157   39.983952
 -91.469093   39.995285
 -91.494728   40.036407
 -91.489456   40.057392
 -91.510689   40.126091
 -91.511429   40.149223
 -91.508072   40.157619
 -91.512817   40.181015
 -91.510918   40.188747
 -91.504608   40.196693

Alexander
IL
122
 -89.485970   37.334782
 -89.248352   37.335072
 -89.244301   37.331497
 -89.222862   37.331963
 -89.215096   37.324074
 -89.207092   37.321716
 -89.208733   37.318420
 -89.204262   37.312996
 -89.202713   37.289448
 -89.210640   37.280155
 -89.220612   37.279259
 -89.228073   37.273056
 -89.237442   37.270947
 -89.241585   37.264881
 -89.245766   37.263756
 -89.249611   37.256981
 -89.247070   37.255264
 -89.251755   37.252361
 -89.248329   37.250687
 -89.251472   37.249500
 -89.250404   37.243328
 -89.256493   37.227509
 -89.261681   37.227100
 -89.258759   37.229870
 -89.261391   37.230968
 -89.263771   37.226318
 -89.267723   37.225864
 -89.266235   37.221817
 -89.261536   37.219891
 -89.264519   37.212181
 -89.259003   37.209545
 -89.263840   37.203663
 -89.259285   37.202133
 -89.262383   37.200848
 -89.258980   37.196087
 -89.257744   37.198467
 -89.252457   37.196110
 -89.255951   37.192791
 -89.251999   37.190548
 -89.258018   37.183979
 -89.266228   37.183048
 -89.265999   37.176044
 -89.263565   37.174831
 -89.266861   37.170757
 -89.262146   37.170319
 -89.261398   37.166729
 -89.269470   37.160526
 -89.268837   37.158905
 -89.260231   37.158810
 -89.256630   37.160591
 -89.260406   37.151211
 -89.257957   37.145100
 -89.267281   37.139519
 -89.268112   37.133751
 -89.272324   37.129181
 -89.273575   37.125675
 -89.268951   37.121670
 -89.269638   37.118305
 -89.262672   37.114025
 -89.263016   37.112419
 -89.265617   37.113041
 -89.265701   37.110477
 -89.258507   37.102650
 -89.254105   37.103195
 -89.253899   37.099342
 -89.244240   37.100609
 -89.242264   37.094727
 -89.240753   37.096764
 -89.237663   37.094566
 -89.239952   37.092461
 -89.235123   37.092693
 -89.232864   37.089901
 -89.224953   37.091507
 -89.202469   37.085564
 -89.201096   37.088402
 -89.195839   37.088699
 -89.197037   37.085655
 -89.185158   37.078949
 -89.180069   37.069199
 -89.173904   37.070023
 -89.172150   37.067673
 -89.182251   37.040623
 -89.178902   37.020878
 -89.166374   37.003288
 -89.132614   36.982147
 -89.169937   36.970249
 -89.185425   36.973469
 -89.192024   36.979942
 -89.194962   37.000000
 -89.200722   37.016113
 -89.233978   37.037228
 -89.254852   37.071964
 -89.259865   37.064018
 -89.307648   37.069603
 -89.310745   37.057850
 -89.307320   37.050385
 -89.301292   37.044933
 -89.277641   37.036091
 -89.259926   37.023239
 -89.257538   37.015450
 -89.266167   36.996250
 -89.278549   36.988621
 -89.292053   36.992142
 -89.312630   37.008919
 -89.331085   37.019890
 -89.362320   37.030109
 -89.381569   37.042961
 -89.385300   37.056137
 -89.375633   37.080456
 -89.378632   37.094536
 -89.387970   37.107433
 -89.411652   37.122456
 -89.425499   37.138184
 -89.456017   37.188072
 -89.467545   37.218151
 -89.458214   37.240318
 -89.458733   37.248611
 -89.470444   37.253307
 -89.488632   37.251408
 -89.509178   37.271324
 -89.518387   37.287266
 -89.510674   37.312695

Bond
IL
11
 -89.639343   38.999157
 -89.586067   38.999405
 -89.585999   39.028198
 -89.250374   39.028099
 -89.250290   38.998989
 -89.257324   38.999107
 -89.254166   38.741974
 -89.482048   38.740536
 -89.597321   38.743217
 -89.599586   38.874500
 -89.636810   38.874317

Boone
IL
5
 -88.776390   42.492004
 -88.707283   42.493572
 -88.705544   42.153538
 -88.939613   42.152321
 -88.940285   42.495033

Brown
IL
59
 -90.913483   40.104408
 -90.796257   40.105721
 -90.695755   40.103748
 -90.699799   40.094402
 -90.708466   40.093033
 -90.709030   40.090378
 -90.704384   40.087769
 -90.705399   40.084545
 -90.695511   40.079536
 -90.671867   40.080086
 -90.676636   40.065948
 -90.674675   40.062103
 -90.677437   40.059841
 -90.675362   40.057030
 -90.677917   40.051857
 -90.674942   40.045933
 -90.669319   40.043736
 -90.667114   40.046505
 -90.661400   40.046593
 -90.659615   40.041355
 -90.652000   40.040005
 -90.653763   40.033394
 -90.633827   40.029175
 -90.630264   40.023617
 -90.616562   40.026958
 -90.611534   40.032864
 -90.607124   40.029461
 -90.607155   40.020786
 -90.611168   40.017517
 -90.616791   40.020466
 -90.618904   40.015114
 -90.617889   40.012344
 -90.601822   40.003269
 -90.607010   39.981613
 -90.585426   39.978779
 -90.566307   39.983768
 -90.550217   39.983398
 -90.543472   39.980312
 -90.539185   39.983673
 -90.534019   39.982410
 -90.529823   39.985065
 -90.527832   39.982410
 -90.524734   39.982658
 -90.526459   39.987602
 -90.520599   39.988262
 -90.519798   39.985634
 -90.515579   39.984303
 -90.513626   39.987843
 -90.510994   39.967556
 -90.531982   39.945965
 -90.538513   39.917431
 -90.554153   39.901318
 -90.575455   39.891216
 -90.583405   39.876705
 -90.585968   39.871368
 -90.582314   39.854527
 -90.571632   39.839279
 -90.893517   39.840874
 -90.916481   39.845028

Bureau
IL
20
 -89.631378   41.584892
 -89.166428   41.584995
 -89.163628   41.310150
 -89.172455   41.308426
 -89.224770   41.313065
 -89.256355   41.322147
 -89.268768   41.321785
 -89.283379   41.312351
 -89.339661   41.298241
 -89.342316   41.292725
 -89.336990   41.281631
 -89.348282   41.258900
 -89.356583   41.233200
 -89.466446   41.233887
 -89.466331   41.148525
 -89.638496   41.148430
 -89.638771   41.233860
 -89.857750   41.234379
 -89.857338   41.517971
 -89.862320   41.583744

Calhoun
IL
74
 -90.936600   39.399464
 -90.822441   39.399609
 -90.613571   39.395729
 -90.620682   39.381111
 -90.622169   39.365044
 -90.611137   39.311169
 -90.602318   39.292652
 -90.609673   39.259766
 -90.605782   39.251316
 -90.597870   39.243282
 -90.591095   39.201084
 -90.598770   39.181469
 -90.609100   39.172119
 -90.613602   39.160095
 -90.614418   39.142242
 -90.603447   39.117542
 -90.603142   39.110649
 -90.589149   39.075989
 -90.581291   39.065632
 -90.589890   39.050632
 -90.587975   39.045700
 -90.578911   39.038944
 -90.574203   39.029739
 -90.576202   39.012764
 -90.573616   39.001217
 -90.567474   38.989681
 -90.542290   38.964336
 -90.529350   38.956661
 -90.519905   38.954327
 -90.487114   38.967682
 -90.467651   38.969158
 -90.450684   38.967716
 -90.472008   38.958794
 -90.482948   38.943024
 -90.482605   38.934666
 -90.486855   38.925934
 -90.507339   38.902721
 -90.516846   38.898769
 -90.543915   38.875000
 -90.564507   38.869099
 -90.583267   38.868980
 -90.625000   38.888603
 -90.639793   38.908222
 -90.657135   38.920219
 -90.665443   38.934128
 -90.675827   38.962093
 -90.678070   38.991802
 -90.711456   39.046749
 -90.713501   39.053928
 -90.702019   39.065521
 -90.700302   39.071739
 -90.682625   39.088299
 -90.680908   39.099445
 -90.685928   39.117737
 -90.702797   39.138699
 -90.707779   39.150810
 -90.710358   39.176319
 -90.717278   39.197369
 -90.716995   39.213863
 -90.721710   39.224060
 -90.721474   39.232685
 -90.729843   39.255848
 -90.738960   39.261848
 -90.751472   39.265385
 -90.767517   39.279980
 -90.775543   39.292763
 -90.790550   39.302860
 -90.793335   39.309452
 -90.816719   39.320450
 -90.847366   39.345222
 -90.893646   39.367294
 -90.904732   39.379356
 -90.928619   39.387501
 -90.933868   39.392078

Carroll
IL
29
 -89.919533   42.196285
 -89.688370   42.199093
 -89.684830   42.024933
 -89.686523   41.930634
 -89.909760   41.931641
 -90.151855   41.928890
 -90.152534   41.933033
 -90.163719   41.944908
 -90.164009   41.956154
 -90.153702   41.974091
 -90.146095   41.981304
 -90.139938   42.003227
 -90.154099   42.033047
 -90.164207   42.041492
 -90.166725   42.054890
 -90.168236   42.075756
 -90.163277   42.087593
 -90.160995   42.104385
 -90.162094   42.114861
 -90.167412   42.122456
 -90.170837   42.125175
 -90.190331   42.125759
 -90.201279   42.130917
 -90.208138   42.150970
 -90.215973   42.156712
 -90.250000   42.171452
 -90.268951   42.174480
 -90.317070   42.193558
 -90.107635   42.197136

Cass
IL
129
 -90.355072   40.124199
 -90.353912   40.119488
 -90.350578   40.120930
 -90.348183   40.117493
 -90.344246   40.118481
 -90.341850   40.116371
 -90.335808   40.122421
 -90.333542   40.118656
 -90.333900   40.121128
 -90.329056   40.120991
 -90.314194   40.115814
 -90.313797   40.107204
 -90.306343   40.092773
 -90.302513   40.092606
 -90.299995   40.083416
 -90.304665   40.081474
 -90.304947   40.077209
 -90.297646   40.076370
 -90.289619   40.069450
 -90.293953   40.063244
 -90.286682   40.063175
 -90.288994   40.059158
 -90.284950   40.058079
 -90.286369   40.054977
 -90.277206   40.057281
 -90.273232   40.054451
 -90.267426   40.062214
 -90.260300   40.062012
 -90.260559   40.058777
 -90.252686   40.056511
 -90.245766   40.059250
 -90.243126   40.057537
 -90.237213   40.059097
 -90.229614   40.057907
 -90.226563   40.050838
 -90.225639   40.055004
 -90.215050   40.056591
 -90.212585   40.059792
 -90.210854   40.054653
 -90.207230   40.060268
 -90.204636   40.052383
 -90.201569   40.053829
 -90.195129   40.052567
 -90.192169   40.059669
 -90.190315   40.058792
 -90.187042   40.061424
 -90.188499   40.065697
 -90.185501   40.063354
 -90.182030   40.066593
 -90.184265   40.062447
 -90.178841   40.064476
 -90.175018   40.059856
 -90.171928   40.062721
 -90.169281   40.059273
 -90.161942   40.060947
 -90.158325   40.064194
 -90.156250   40.060726
 -90.153824   40.066608
 -90.150299   40.065388
 -90.148827   40.067509
 -90.142281   40.064259
 -90.137779   40.066639
 -90.139267   40.063786
 -90.134399   40.061977
 -90.131325   40.066502
 -90.133881   40.069160
 -90.129662   40.068996
 -90.130035   40.073952
 -90.126419   40.077072
 -90.117149   40.077709
 -90.116547   40.080837
 -90.106453   40.077805
 -90.104034   40.081524
 -90.100861   40.077747
 -90.093842   40.081955
 -90.096931   40.078472
 -90.094620   40.077152
 -90.090263   40.081715
 -90.087196   40.079689
 -90.088455   40.084702
 -90.080109   40.080704
 -90.081177   40.085674
 -90.077354   40.085094
 -90.078758   40.087090
 -90.074097   40.090172
 -90.070068   40.089493
 -90.071732   40.093479
 -90.065163   40.092621
 -90.063843   40.101044
 -90.060394   40.098721
 -90.054420   40.099495
 -90.052269   40.097252
 -90.051147   40.103207
 -90.041550   40.109581
 -90.038017   40.101910
 -90.031342   40.110920
 -90.031532   40.104752
 -90.019958   40.105663
 -90.017418   40.101620
 -90.014793   40.104076
 -90.013054   40.099983
 -90.010574   40.103752
 -90.006371   40.103100
 -90.003716   40.109756
 -90.003136   40.104267
 -89.999214   40.102966
 -89.998283   40.113693
 -89.994606   40.108330
 -89.994385   39.902081
 -89.994339   39.872803
 -90.234306   39.873138
 -90.583405   39.876705
 -90.575455   39.891216
 -90.554153   39.901318
 -90.538513   39.917431
 -90.531982   39.945965
 -90.510994   39.967556
 -90.513626   39.987843
 -90.512100   39.992584
 -90.506294   39.996117
 -90.455147   40.010201
 -90.435730   40.020515
 -90.428825   40.042000
 -90.428513   40.060299
 -90.393311   40.078712
 -90.391174   40.084080
 -90.393303   40.091820
 -90.373627   40.121616
 -90.364632   40.125000

Champaign
IL
9
 -88.460281   40.398804
 -87.932831   40.399506
 -87.928993   40.225777
 -87.942307   40.225548
 -87.937592   39.879803
 -88.462296   39.879101
 -88.462738   40.223312
 -88.459938   40.223282
 -88.459602   40.281551

Christian
IL
57
 -89.217438   39.813183
 -89.210434   39.810875
 -89.208099   39.815083
 -89.187180   39.817459
 -89.157578   39.803616
 -89.141739   39.800720
 -89.138992   39.655205
 -89.025627   39.654087
 -89.025322   39.346077
 -89.139648   39.348976
 -89.530830   39.348724
 -89.533707   39.524544
 -89.534988   39.641087
 -89.478378   39.640701
 -89.478828   39.683922
 -89.424942   39.683743
 -89.425079   39.761990
 -89.419861   39.761097
 -89.417320   39.758236
 -89.419182   39.751396
 -89.409508   39.743626
 -89.404480   39.742588
 -89.394775   39.742641
 -89.384781   39.753521
 -89.380157   39.753490
 -89.373833   39.758598
 -89.371223   39.755013
 -89.368446   39.756836
 -89.362503   39.755764
 -89.358688   39.762138
 -89.359955   39.767471
 -89.354050   39.772049
 -89.346237   39.767380
 -89.328613   39.763500
 -89.324936   39.766979
 -89.328682   39.769291
 -89.322266   39.771816
 -89.312492   39.771259
 -89.303032   39.775772
 -89.297318   39.788864
 -89.291824   39.789738
 -89.292366   39.792507
 -89.283302   39.793808
 -89.281090   39.798965
 -89.273804   39.800274
 -89.265289   39.806381
 -89.263535   39.804127
 -89.255180   39.808235
 -89.255119   39.814991
 -89.248322   39.825726
 -89.240158   39.823322
 -89.239830   39.821358
 -89.236450   39.822067
 -89.236092   39.817608
 -89.231552   39.816376
 -89.234039   39.812988
 -89.225174   39.814911

Clark
IL
50
 -87.960266   39.481236
 -87.688683   39.487270
 -87.689133   39.476723
 -87.531639   39.477085
 -87.531624   39.347851
 -87.537247   39.352051
 -87.543991   39.352871
 -87.554375   39.340450
 -87.560669   39.338818
 -87.572113   39.341408
 -87.578300   39.340309
 -87.589066   39.333797
 -87.605896   39.311039
 -87.620567   39.307007
 -87.620911   39.303371
 -87.617760   39.301220
 -87.605331   39.303181
 -87.597923   39.299438
 -87.597519   39.296352
 -87.609741   39.284676
 -87.608521   39.277149
 -87.601372   39.274353
 -87.605553   39.262360
 -87.604118   39.259418
 -87.592369   39.247108
 -87.582413   39.254894
 -87.572479   39.254128
 -87.572273   39.248302
 -87.579208   39.242989
 -87.574593   39.223892
 -87.575577   39.213799
 -87.584953   39.205235
 -87.585701   39.200356
 -87.601608   39.192455
 -87.606270   39.185093
 -87.613037   39.184139
 -87.619576   39.185993
 -87.621407   39.181904
 -87.619591   39.170937
 -87.640411   39.166687
 -87.640831   39.159828
 -87.628700   39.157387
 -87.657005   39.157555
 -87.656776   39.172157
 -87.747070   39.172260
 -87.745842   39.179214
 -87.950378   39.174877
 -88.007729   39.173717
 -88.012222   39.378761
 -88.014168   39.480728

Clay
IL
59
 -88.693558   38.914631
 -88.559189   38.915134
 -88.361534   38.910934
 -88.361717   38.851906
 -88.258537   38.847477
 -88.257751   38.730808
 -88.283546   38.731754
 -88.284073   38.727589
 -88.286911   38.727955
 -88.282494   38.725712
 -88.285767   38.720177
 -88.281448   38.720516
 -88.286613   38.717384
 -88.285393   38.715664
 -88.282150   38.716557
 -88.285797   38.710835
 -88.282097   38.707790
 -88.285866   38.707520
 -88.284027   38.702621
 -88.286247   38.701546
 -88.281281   38.696072
 -88.285080   38.694473
 -88.281548   38.690166
 -88.285202   38.688679
 -88.281403   38.683762
 -88.284294   38.681496
 -88.277847   38.675293
 -88.279434   38.672279
 -88.279282   38.669617
 -88.276215   38.669384
 -88.272072   38.664330
 -88.276451   38.659592
 -88.273041   38.656845
 -88.290497   38.643959
 -88.286758   38.642700
 -88.293648   38.641445
 -88.297325   38.634418
 -88.288666   38.629681
 -88.291695   38.625854
 -88.286514   38.624577
 -88.283989   38.626385
 -88.280762   38.624519
 -88.285927   38.619068
 -88.278809   38.616962
 -88.278603   38.620625
 -88.277229   38.615475
 -88.273033   38.619320
 -88.270584   38.618954
 -88.271027   38.611671
 -88.266647   38.612427
 -88.263123   38.608284
 -88.259094   38.608833
 -88.260056   38.606426
 -88.251900   38.605164
 -88.248688   38.601456
 -88.253807   38.599457
 -88.584579   38.607380
 -88.698402   38.606174
 -88.695305   38.826248

Clinton
IL
144
 -89.597321   38.743217
 -89.482048   38.740536
 -89.254166   38.741974
 -89.138336   38.736313
 -89.143822   38.503040
 -89.257874   38.508305
 -89.260323   38.507229
 -89.264046   38.510204
 -89.272377   38.504372
 -89.272728   38.507095
 -89.275963   38.504787
 -89.276855   38.507576
 -89.279480   38.505451
 -89.279800   38.507759
 -89.284203   38.506458
 -89.284485   38.509319
 -89.289642   38.508427
 -89.288979   38.505222
 -89.292122   38.507740
 -89.294533   38.507168
 -89.293510   38.504860
 -89.298111   38.505684
 -89.297791   38.508907
 -89.301231   38.508266
 -89.299713   38.510834
 -89.307114   38.510326
 -89.307640   38.508747
 -89.311012   38.512295
 -89.315033   38.511379
 -89.316315   38.508587
 -89.323036   38.510605
 -89.322662   38.512707
 -89.325691   38.511448
 -89.325661   38.513306
 -89.328545   38.510326
 -89.333611   38.512203
 -89.338150   38.510921
 -89.338150   38.513325
 -89.342255   38.510231
 -89.345253   38.512405
 -89.345543   38.510117
 -89.345253   38.514465
 -89.351410   38.518559
 -89.354805   38.516430
 -89.358101   38.517757
 -89.356995   38.514874
 -89.360168   38.516472
 -89.358910   38.508949
 -89.363106   38.510342
 -89.365608   38.508465
 -89.360542   38.506496
 -89.367584   38.505169
 -89.364876   38.501186
 -89.368652   38.500431
 -89.366829   38.497952
 -89.370934   38.498730
 -89.372307   38.496780
 -89.371918   38.500397
 -89.375351   38.499344
 -89.379982   38.494293
 -89.379402   38.496876
 -89.382195   38.497288
 -89.384995   38.494316
 -89.387840   38.496948
 -89.388947   38.494179
 -89.398262   38.494663
 -89.395561   38.490223
 -89.400414   38.489082
 -89.401405   38.494209
 -89.405777   38.495579
 -89.410172   38.487370
 -89.417801   38.494415
 -89.428101   38.498856
 -89.434128   38.494438
 -89.434479   38.490688
 -89.448357   38.489223
 -89.455223   38.482677
 -89.455170   38.479679
 -89.467339   38.476017
 -89.469421   38.473206
 -89.480835   38.468624
 -89.483833   38.473289
 -89.489182   38.474545
 -89.489334   38.477036
 -89.492882   38.475456
 -89.489998   38.471642
 -89.507240   38.474728
 -89.512711   38.472557
 -89.519958   38.474781
 -89.524467   38.479240
 -89.527931   38.477207
 -89.528069   38.480820
 -89.531013   38.478970
 -89.538345   38.481121
 -89.541664   38.479336
 -89.540649   38.474396
 -89.546555   38.474625
 -89.549286   38.477005
 -89.552025   38.475655
 -89.551933   38.478191
 -89.557762   38.477577
 -89.559006   38.474968
 -89.560120   38.477551
 -89.568146   38.476089
 -89.565094   38.482815
 -89.568794   38.481213
 -89.573036   38.482517
 -89.573914   38.477848
 -89.577553   38.483112
 -89.580460   38.479542
 -89.593208   38.475533
 -89.613976   38.473034
 -89.622498   38.461334
 -89.625397   38.460423
 -89.625618   38.463696
 -89.628700   38.463627
 -89.627365   38.451984
 -89.629555   38.449787
 -89.634384   38.451691
 -89.632874   38.447662
 -89.638107   38.449909
 -89.637405   38.446316
 -89.639824   38.445354
 -89.646515   38.447735
 -89.643753   38.444077
 -89.645065   38.441746
 -89.665016   38.444885
 -89.668358   38.441704
 -89.667023   38.432346
 -89.674416   38.434200
 -89.672554   38.429371
 -89.677757   38.432030
 -89.677177   38.425163
 -89.685661   38.425163
 -89.683952   38.428207
 -89.686600   38.429741
 -89.689072   38.426468
 -89.696602   38.425186
 -89.692795   38.420498
 -89.694771   38.416744
 -89.700851   38.415874
 -89.704391   38.418415
 -89.706940   38.655106
 -89.595230   38.655872

Coles
IL
12
 -88.471954   39.651447
 -88.063400   39.652519
 -88.063431   39.681194
 -88.026070   39.681492
 -88.026070   39.684837
 -87.966568   39.685898
 -87.960266   39.481236
 -88.014168   39.480728
 -88.012222   39.378761
 -88.210770   39.374607
 -88.470879   39.374413
 -88.470406   39.447262

Cook
IL
42
 -88.238197   42.154099
 -88.199303   42.154202
 -87.760063   42.153355
 -87.741997   42.128601
 -87.724602   42.107700
 -87.682304   42.075699
 -87.676506   42.067001
 -87.669800   42.034302
 -87.657303   42.006302
 -87.628197   41.918598
 -87.613976   41.893612
 -87.616203   41.868900
 -87.609398   41.845200
 -87.598503   41.824402
 -87.580101   41.799599
 -87.576302   41.785999
 -87.560600   41.765999
 -87.530701   41.748199
 -87.528160   41.715168
 -87.524002   41.708302
 -87.523972   41.708279
 -87.525635   41.470081
 -87.790398   41.469898
 -87.790199   41.539799
 -87.792198   41.538300
 -87.792702   41.558601
 -87.909401   41.556702
 -87.912003   41.643902
 -88.027603   41.641499
 -88.029106   41.685501
 -87.966705   41.686798
 -87.955505   41.693600
 -87.948997   41.694801
 -87.942398   41.699200
 -87.942200   41.702999
 -87.940102   41.702301
 -87.914200   41.714802
 -87.920403   41.873001
 -87.920601   41.993999
 -88.262802   41.986198
 -88.263306   42.066601
 -88.237907   42.066898

Crawford
IL
71
 -87.950378   39.174877
 -87.745842   39.179214
 -87.747070   39.172260
 -87.656776   39.172157
 -87.657005   39.157555
 -87.628700   39.157387
 -87.627686   39.154869
 -87.632378   39.152916
 -87.637413   39.156734
 -87.642151   39.157055
 -87.652763   39.149395
 -87.658089   39.134895
 -87.643120   39.128525
 -87.642143   39.123173
 -87.634590   39.122047
 -87.632225   39.118664
 -87.636230   39.114277
 -87.651001   39.116402
 -87.654617   39.109074
 -87.647049   39.104229
 -87.638557   39.105858
 -87.615662   39.103275
 -87.614288   39.097736
 -87.620361   39.091480
 -87.620232   39.086533
 -87.614143   39.081745
 -87.596352   39.079601
 -87.572571   39.057243
 -87.572266   39.050549
 -87.580353   39.040665
 -87.575005   39.034019
 -87.569672   39.019371
 -87.579094   39.001564
 -87.576546   38.996983
 -87.560410   38.992386
 -87.563942   38.988762
 -87.574509   38.991474
 -87.578293   38.988743
 -87.575584   38.986122
 -87.548019   38.978458
 -87.527573   38.969788
 -87.524315   38.962921
 -87.512115   38.953770
 -87.514290   38.947796
 -87.521744   38.941074
 -87.516640   38.933437
 -87.518806   38.923161
 -87.527695   38.919189
 -87.527626   38.907642
 -87.524300   38.905151
 -87.516792   38.904499
 -87.522919   38.902348
 -87.533669   38.900913
 -87.536568   38.895523
 -87.534317   38.891251
 -87.535934   38.886948
 -87.539101   38.896076
 -87.544067   38.895046
 -87.544273   38.888908
 -87.538254   38.885757
 -87.534897   38.878834
 -87.547356   38.875572
 -87.543167   38.864174
 -87.553360   38.863300
 -87.550499   38.859516
 -87.531128   38.852463
 -87.684334   38.852093
 -87.786987   38.848812
 -87.907860   38.850258
 -87.945580   38.850262
 -87.946739   39.083847

Cumberland
IL
7
 -88.470879   39.374413
 -88.210770   39.374607
 -88.012222   39.378761
 -88.007729   39.173717
 -88.360626   39.170982
 -88.470894   39.171196
 -88.470917   39.214813

De Witt
IL
7
 -89.148682   40.281994
 -88.574982   40.281490
 -88.688339   40.142174
 -88.688454   40.098392
 -88.745659   40.098560
 -88.745552   40.054836
 -89.144577   40.048672

DeKalb
IL
11
 -88.705544   42.153538
 -88.588409   42.153587
 -88.588120   42.066498
 -88.601692   42.066444
 -88.601913   41.719578
 -88.602341   41.631348
 -88.818291   41.631023
 -88.938553   41.628166
 -88.941711   41.717136
 -88.941353   41.891750
 -88.939613   42.152321

Douglas
IL
12
 -88.462296   39.879101
 -87.937592   39.879803
 -87.936996   39.792332
 -87.968773   39.792168
 -87.966568   39.685898
 -88.026070   39.684837
 -88.026070   39.681492
 -88.063431   39.681194
 -88.063400   39.652519
 -88.471954   39.651447
 -88.473297   39.791714
 -88.462425   39.791668

DuPage
IL
14
 -88.262100   41.724499
 -88.262802   41.986198
 -87.920601   41.993999
 -87.920403   41.873001
 -87.914200   41.714802
 -87.940102   41.702301
 -87.942200   41.702999
 -87.942398   41.699200
 -87.948997   41.694801
 -87.955505   41.693600
 -87.966705   41.686798
 -88.029106   41.685501
 -88.030502   41.728901
 -88.261398   41.724499

Edgar
IL
14
 -87.937592   39.879803
 -87.615158   39.881596
 -87.617531   39.868462
 -87.557495   39.868683
 -87.581535   39.882256
 -87.533211   39.883091
 -87.532173   39.607239
 -87.531639   39.477085
 -87.689133   39.476723
 -87.688683   39.487270
 -87.960266   39.481236
 -87.966568   39.685898
 -87.968773   39.792168
 -87.936996   39.792332

Edwards
IL
109
 -88.147537   38.568874
 -87.954781   38.570454
 -87.958290   38.566635
 -87.958542   38.561600
 -87.952393   38.556866
 -87.954376   38.553246
 -87.950493   38.547134
 -87.952599   38.543655
 -87.943535   38.541367
 -87.944839   38.539558
 -87.939278   38.536308
 -87.941521   38.533978
 -87.938400   38.533493
 -87.937065   38.528137
 -87.941963   38.528114
 -87.946999   38.521706
 -87.952965   38.519577
 -87.955009   38.514996
 -87.948227   38.514336
 -87.953255   38.510807
 -87.952240   38.507420
 -87.949532   38.506367
 -87.948624   38.508545
 -87.947556   38.505844
 -87.953781   38.503895
 -87.952965   38.500717
 -87.956787   38.497051
 -87.953285   38.493092
 -87.955650   38.489613
 -87.950874   38.488537
 -87.951889   38.485310
 -87.948975   38.486225
 -87.953018   38.481995
 -87.952530   38.479446
 -87.948074   38.479038
 -87.947441   38.476257
 -87.950485   38.476273
 -87.948540   38.471348
 -87.944984   38.472515
 -87.947510   38.468304
 -87.944046   38.467342
 -87.948181   38.463470
 -87.941696   38.461575
 -87.947281   38.458485
 -87.943207   38.456425
 -87.948471   38.453262
 -87.942856   38.449581
 -87.946732   38.449078
 -87.944572   38.445755
 -87.948944   38.445507
 -87.944496   38.442909
 -87.948990   38.442051
 -87.947525   38.438213
 -87.950890   38.436703
 -87.952599   38.431999
 -87.951904   38.429985
 -87.947479   38.429394
 -87.950966   38.425865
 -87.955566   38.425201
 -87.950768   38.423233
 -87.952225   38.418060
 -87.959763   38.420029
 -87.965897   38.411194
 -87.970200   38.410595
 -87.970398   38.402172
 -87.975983   38.400566
 -87.972076   38.394958
 -87.965820   38.395283
 -87.964928   38.391026
 -87.973038   38.389305
 -87.976730   38.384224
 -87.977196   38.377792
 -87.967117   38.353279
 -87.957848   38.347630
 -87.954887   38.335136
 -87.958183   38.319405
 -87.954903   38.316818
 -87.949966   38.318672
 -87.950661   38.320114
 -87.947372   38.319317
 -87.946800   38.317139
 -87.949066   38.316845
 -87.946075   38.315239
 -87.948479   38.312817
 -87.947197   38.308052
 -87.954750   38.308167
 -87.957222   38.305603
 -87.952927   38.302994
 -87.957222   38.299629
 -87.951088   38.290565
 -87.960968   38.290951
 -87.968491   38.282799
 -87.970695   38.284794
 -87.974495   38.283901
 -87.975281   38.281380
 -87.977806   38.282410
 -87.975624   38.277832
 -87.977921   38.276688
 -87.973068   38.274353
 -87.978409   38.273849
 -87.979477   38.270920
 -87.984451   38.274281
 -87.988426   38.273685
 -87.988945   38.268967
 -87.991646   38.269768
 -87.990570   38.259666
 -88.027664   38.259724
 -88.027725   38.255630
 -88.150749   38.255978

Effingham
IL
8
 -88.805412   39.216255
 -88.470917   39.214813
 -88.470894   39.171196
 -88.360626   39.170982
 -88.361534   38.910934
 -88.559189   38.915134
 -88.693558   38.914631
 -88.806908   38.911777

Fayette
IL
14
 -89.139999   39.217819
 -89.026031   39.215698
 -88.805412   39.216255
 -88.806908   38.911777
 -88.693558   38.914631
 -88.695305   38.826248
 -89.030533   38.822830
 -89.138107   38.824200
 -89.138336   38.736313
 -89.254166   38.741974
 -89.257324   38.999107
 -89.250290   38.998989
 -89.250374   39.028099
 -89.250450   39.217403

Ford
IL
11
 -88.247139   40.994720
 -88.131760   40.997608
 -88.118507   40.586460
 -88.117973   40.488052
 -88.002953   40.488827
 -87.993294   40.485809
 -87.935493   40.486187
 -87.932831   40.399506
 -88.460281   40.398804
 -88.459358   40.617264
 -88.234825   40.618061

Franklin
IL
62
 -89.129189   38.124695
 -88.704826   38.125374
 -88.706711   37.906799
 -88.706810   37.863293
 -89.151093   37.861946
 -89.150749   37.950150
 -89.177719   37.950260
 -89.178169   37.952686
 -89.167671   37.956783
 -89.165047   37.955112
 -89.164299   37.957928
 -89.162125   37.957539
 -89.163422   37.961815
 -89.155449   37.967354
 -89.153679   37.977924
 -89.149315   37.979961
 -89.146538   37.988724
 -89.140404   37.995564
 -89.145126   38.008896
 -89.136505   38.017403
 -89.136909   38.021229
 -89.138176   38.025299
 -89.142952   38.025944
 -89.142342   38.029076
 -89.146797   38.031094
 -89.138954   38.033813
 -89.138924   38.037548
 -89.136375   38.039902
 -89.139786   38.043449
 -89.138779   38.046993
 -89.134865   38.044746
 -89.130348   38.047745
 -89.134003   38.048824
 -89.132484   38.054497
 -89.131393   38.052116
 -89.126816   38.053009
 -89.127304   38.055321
 -89.122604   38.056412
 -89.123215   38.058861
 -89.121071   38.057579
 -89.118149   38.059666
 -89.122177   38.060806
 -89.118416   38.061680
 -89.117722   38.064674
 -89.118446   38.062775
 -89.123459   38.063553
 -89.118820   38.066921
 -89.123024   38.070488
 -89.118340   38.069984
 -89.122459   38.082775
 -89.119385   38.081657
 -89.120750   38.084702
 -89.115280   38.085548
 -89.118927   38.090031
 -89.115112   38.093716
 -89.137291   38.104134
 -89.133522   38.105869
 -89.131294   38.103603
 -89.129234   38.109528
 -89.131523   38.112713
 -89.128853   38.116486
 -89.131866   38.117905

Fulton
IL
36
 -90.444153   40.714626
 -89.986122   40.712223
 -89.988991   40.625725
 -89.873390   40.624554
 -89.872353   40.513088
 -89.882538   40.504463
 -89.887817   40.474617
 -89.903160   40.459167
 -89.908432   40.445240
 -89.916702   40.438675
 -89.924568   40.435879
 -89.939262   40.430111
 -89.955063   40.420143
 -89.975243   40.404430
 -89.983643   40.392597
 -89.994797   40.390629
 -90.037834   40.375000
 -90.044670   40.367390
 -90.051537   40.352135
 -90.049736   40.337364
 -90.052994   40.327885
 -90.068588   40.313847
 -90.068626   40.296051
 -90.093948   40.268852
 -90.107178   40.260857
 -90.120613   40.232956
 -90.135880   40.223152
 -90.157837   40.219612
 -90.168472   40.213409
 -90.176178   40.199875
 -90.183510   40.194450
 -90.193405   40.192032
 -90.199440   40.183899
 -90.451378   40.188847
 -90.450195   40.276405
 -90.445374   40.627804

Gallatin
IL
48
 -88.374489   37.907631
 -88.374474   37.908386
 -88.136604   37.907543
 -88.136017   37.915981
 -88.113342   37.905712
 -88.103722   37.898952
 -88.101151   37.894154
 -88.097443   37.893311
 -88.097954   37.890083
 -88.092125   37.890903
 -88.078499   37.879070
 -88.065010   37.853127
 -88.053452   37.846272
 -88.031395   37.841160
 -88.025887   37.832653
 -88.031502   37.825047
 -88.043800   37.821480
 -88.060982   37.822971
 -88.076393   37.830196
 -88.081894   37.830635
 -88.090851   37.824425
 -88.090012   37.816727
 -88.077003   37.804947
 -88.068886   37.800941
 -88.059631   37.801151
 -88.037590   37.809818
 -88.029785   37.806232
 -88.028000   37.799179
 -88.035797   37.791870
 -88.042564   37.767075
 -88.059563   37.742565
 -88.072502   37.733238
 -88.085869   37.728542
 -88.101807   37.717991
 -88.122375   37.709641
 -88.134247   37.691452
 -88.146538   37.681347
 -88.158669   37.663437
 -88.160179   37.655926
 -88.157562   37.635357
 -88.142189   37.603691
 -88.139946   37.586403
 -88.133362   37.574188
 -88.152618   37.573708
 -88.157906   37.577255
 -88.164726   37.589821
 -88.179840   37.599117
 -88.375290   37.599518

Greene
IL
68
 -90.301682   39.520149
 -90.153633   39.520199
 -90.147942   39.261967
 -90.194595   39.261921
 -90.194542   39.258354
 -90.203499   39.258377
 -90.201668   39.225445
 -90.313957   39.225006
 -90.313416   39.174110
 -90.487373   39.175087
 -90.487747   39.164017
 -90.495682   39.160191
 -90.502678   39.164211
 -90.505707   39.172867
 -90.502747   39.180897
 -90.507393   39.185146
 -90.522888   39.187008
 -90.526695   39.192406
 -90.529106   39.191582
 -90.528351   39.188320
 -90.532631   39.187431
 -90.536865   39.192959
 -90.543274   39.183250
 -90.546127   39.184196
 -90.545685   39.190125
 -90.557678   39.188431
 -90.563965   39.184250
 -90.565262   39.187393
 -90.561775   39.190613
 -90.565559   39.193695
 -90.567703   39.191589
 -90.567154   39.183350
 -90.570305   39.182579
 -90.566292   39.179985
 -90.573334   39.177444
 -90.573227   39.184059
 -90.580467   39.184841
 -90.578575   39.179852
 -90.581985   39.176880
 -90.575783   39.173035
 -90.575081   39.167797
 -90.576401   39.164665
 -90.581635   39.164799
 -90.585251   39.161503
 -90.587097   39.154823
 -90.582680   39.144279
 -90.591408   39.138283
 -90.597839   39.136703
 -90.596954   39.127281
 -90.603447   39.117542
 -90.614418   39.142242
 -90.613602   39.160095
 -90.609100   39.172119
 -90.598770   39.181469
 -90.591095   39.201084
 -90.597870   39.243282
 -90.605782   39.251316
 -90.609673   39.259766
 -90.602318   39.292652
 -90.611137   39.311169
 -90.622169   39.365044
 -90.620682   39.381111
 -90.613571   39.395729
 -90.616676   39.423832
 -90.610374   39.457401
 -90.591965   39.486935
 -90.582077   39.510284
 -90.580925   39.521679

Grundy
IL
8
 -88.595757   41.457008
 -88.251999   41.462799
 -88.244293   41.201302
 -88.240982   41.114185
 -88.251587   41.113911
 -88.470474   41.108631
 -88.586121   41.107834
 -88.587418   41.238640

Hamilton
IL
6
 -88.702332   38.256603
 -88.370483   38.255077
 -88.374474   37.908386
 -88.374489   37.907631
 -88.706711   37.906799
 -88.704826   38.125374

Hancock
IL
39
 -91.185150   40.637764
 -91.022179   40.634876
 -90.904198   40.639202
 -90.909767   40.284336
 -90.911911   40.192936
 -91.505196   40.200439
 -91.507111   40.209293
 -91.504135   40.231667
 -91.506348   40.236259
 -91.497108   40.248718
 -91.489815   40.262295
 -91.492737   40.269878
 -91.490814   40.283321
 -91.471672   40.317295
 -91.463814   40.339554
 -91.444679   40.363129
 -91.426483   40.371944
 -91.419273   40.378220
 -91.412857   40.382233
 -91.396851   40.383083
 -91.384048   40.386387
 -91.375595   40.391834
 -91.372398   40.401157
 -91.373131   40.416451
 -91.381615   40.442513
 -91.377991   40.456352
 -91.366310   40.478828
 -91.364059   40.500000
 -91.368904   40.512493
 -91.384377   40.530907
 -91.403976   40.539085
 -91.406227   40.551792
 -91.401329   40.559418
 -91.379601   40.574409
 -91.353844   40.606510
 -91.308914   40.625397
 -91.251717   40.638073
 -91.218285   40.638397
 -91.197762   40.636066

Hardin
IL
38
 -88.412071   37.599865
 -88.375290   37.599518
 -88.179840   37.599117
 -88.164726   37.589821
 -88.157906   37.577255
 -88.152618   37.573708
 -88.133362   37.574188
 -88.105560   37.556133
 -88.088020   37.535076
 -88.072212   37.528782
 -88.063286   37.515709
 -88.061264   37.505184
 -88.066032   37.487698
 -88.062149   37.489010
 -88.064209   37.484501
 -88.068481   37.481873
 -88.069641   37.492374
 -88.072357   37.483517
 -88.087639   37.471012
 -88.091125   37.471668
 -88.088417   37.476261
 -88.095795   37.472977
 -88.127983   37.470459
 -88.135109   37.471577
 -88.196770   37.460510
 -88.255157   37.456696
 -88.281631   37.452545
 -88.311501   37.441036
 -88.323021   37.434040
 -88.333145   37.427158
 -88.348366   37.410675
 -88.358398   37.404808
 -88.365433   37.401611
 -88.371178   37.402679
 -88.377472   37.409775
 -88.397301   37.421593
 -88.408768   37.425163
 -88.415123   37.423691

Henderson
IL
27
 -90.948845   41.070217
 -90.785149   41.068710
 -90.789452   40.635685
 -90.904198   40.639202
 -91.022179   40.634876
 -91.185150   40.637764
 -91.123787   40.669113
 -91.112320   40.696259
 -91.110954   40.708244
 -91.115593   40.725128
 -91.108627   40.750000
 -91.097961   40.763195
 -91.091560   40.779667
 -91.092110   40.792873
 -91.097504   40.805534
 -91.092850   40.821041
 -91.056290   40.848347
 -91.044510   40.868320
 -91.021416   40.883984
 -91.009392   40.900528
 -90.998360   40.908085
 -90.968857   40.919090
 -90.962776   40.924919
 -90.952087   40.954014
 -90.958000   40.979733
 -90.945808   41.006458
 -90.942116   41.034668

Henry
IL
28
 -90.185486   41.584621
 -89.862320   41.583744
 -89.857338   41.517971
 -89.857750   41.234379
 -89.867691   41.234398
 -89.868271   41.148918
 -89.984444   41.149349
 -90.208771   41.152119
 -90.437531   41.151215
 -90.433746   41.326954
 -90.431801   41.456799
 -90.420998   41.457600
 -90.404106   41.464802
 -90.387199   41.476398
 -90.376404   41.478699
 -90.369301   41.496700
 -90.364105   41.502800
 -90.352104   41.508801
 -90.333817   41.514023
 -90.314697   41.509834
 -90.303917   41.518040
 -90.250000   41.522720
 -90.225723   41.529884
 -90.218895   41.537167
 -90.195198   41.540653
 -90.184875   41.555424
 -90.179207   41.572334
 -90.180145   41.578876

Iroquois
IL
10
 -88.131760   40.997608
 -87.526276   41.010311
 -87.526108   40.736916
 -87.526360   40.491539
 -87.647614   40.488564
 -87.935493   40.486187
 -87.993294   40.485809
 -88.002953   40.488827
 -88.117973   40.488052
 -88.118507   40.586460

Jackson
IL
50
 -89.594955   37.955261
 -89.177719   37.950260
 -89.150749   37.950150
 -89.151093   37.861946
 -89.153595   37.600422
 -89.250000   37.598392
 -89.452896   37.600147
 -89.447838   37.597694
 -89.449326   37.591484
 -89.454666   37.587318
 -89.453140   37.579144
 -89.467125   37.563179
 -89.474419   37.562172
 -89.482010   37.567093
 -89.502029   37.570503
 -89.500511   37.576023
 -89.502907   37.577602
 -89.510567   37.578461
 -89.521469   37.572109
 -89.520706   37.581108
 -89.517914   37.583912
 -89.488968   37.580269
 -89.479019   37.584339
 -89.475937   37.590176
 -89.478302   37.598820
 -89.506462   37.625000
 -89.517624   37.641167
 -89.516045   37.667923
 -89.511948   37.680935
 -89.514160   37.689873
 -89.525635   37.698391
 -89.566605   37.707142
 -89.583214   37.713211
 -89.596466   37.732838
 -89.615486   37.742298
 -89.617172   37.749668
 -89.626228   37.748997
 -89.633270   37.745731
 -89.649429   37.745449
 -89.663246   37.750000
 -89.667885   37.759434
 -89.661087   37.775681
 -89.660278   37.786243
 -89.674194   37.803089
 -89.680984   37.822376
 -89.672592   37.825329
 -89.668091   37.829536
 -89.664948   37.828644
 -89.657326   37.847198
 -89.656364   37.858685

Jasper
IL
9
 -88.007729   39.173717
 -87.950378   39.174877
 -87.946739   39.083847
 -87.945580   38.850262
 -88.150093   38.847004
 -88.258537   38.847477
 -88.361717   38.851906
 -88.361534   38.910934
 -88.360626   39.170982

Jefferson
IL
9
 -89.144226   38.473942
 -89.029961   38.474125
 -88.922455   38.476967
 -88.698944   38.474846
 -88.702332   38.256603
 -88.704826   38.125374
 -89.129189   38.124695
 -89.149666   38.124897
 -89.147346   38.212849

Jersey
IL
69
 -90.603447   39.117542
 -90.596954   39.127281
 -90.597839   39.136703
 -90.591408   39.138283
 -90.582680   39.144279
 -90.587097   39.154823
 -90.585251   39.161503
 -90.581635   39.164799
 -90.576401   39.164665
 -90.575081   39.167797
 -90.575783   39.173035
 -90.581985   39.176880
 -90.578575   39.179852
 -90.580467   39.184841
 -90.573227   39.184059
 -90.573334   39.177444
 -90.566292   39.179985
 -90.570305   39.182579
 -90.567154   39.183350
 -90.567703   39.191589
 -90.565559   39.193695
 -90.561775   39.190613
 -90.565262   39.187393
 -90.563965   39.184250
 -90.557678   39.188431
 -90.545685   39.190125
 -90.546127   39.184196
 -90.543274   39.183250
 -90.536865   39.192959
 -90.532631   39.187431
 -90.528351   39.188320
 -90.529106   39.191582
 -90.526695   39.192406
 -90.522888   39.187008
 -90.507393   39.185146
 -90.502747   39.180897
 -90.505707   39.172867
 -90.502678   39.164211
 -90.495682   39.160191
 -90.487747   39.164017
 -90.487373   39.175087
 -90.313416   39.174110
 -90.313957   39.225006
 -90.201668   39.225445
 -90.203499   39.258377
 -90.194542   39.258354
 -90.194595   39.261921
 -90.147942   39.261967
 -90.145622   39.000000
 -90.273598   38.999298
 -90.275703   38.923500
 -90.309341   38.924072
 -90.395706   38.959988
 -90.450684   38.967716
 -90.467651   38.969158
 -90.487114   38.967682
 -90.519905   38.954327
 -90.529350   38.956661
 -90.542290   38.964336
 -90.567474   38.989681
 -90.573616   39.001217
 -90.576202   39.012764
 -90.574203   39.029739
 -90.578911   39.038944
 -90.587975   39.045700
 -90.589890   39.050632
 -90.581291   39.065632
 -90.589149   39.075989
 -90.603142   39.110649

Jo Daviess
IL
34
 -90.640800   42.508301
 -90.426247   42.507072
 -90.073547   42.508270
 -89.926361   42.505779
 -89.919533   42.196285
 -90.107635   42.197136
 -90.317070   42.193558
 -90.328140   42.201027
 -90.356834   42.205429
 -90.375000   42.214794
 -90.393021   42.227169
 -90.400528   42.239277
 -90.418755   42.253918
 -90.430908   42.282440
 -90.418785   42.308315
 -90.421059   42.315243
 -90.416069   42.321304
 -90.416405   42.325096
 -90.430412   42.336849
 -90.445038   42.356434
 -90.452599   42.359291
 -90.463928   42.368580
 -90.473671   42.381447
 -90.477814   42.384144
 -90.487022   42.385132
 -90.506706   42.398785
 -90.554886   42.416134
 -90.560310   42.432892
 -90.567841   42.440384
 -90.606201   42.451500
 -90.624199   42.458900
 -90.646599   42.471901
 -90.653908   42.478500
 -90.656403   42.489201

Johnson
IL
24
 -89.041328   37.596527
 -88.850304   37.597198
 -88.818832   37.600628
 -88.708488   37.599228
 -88.710602   37.337040
 -88.728348   37.335159
 -88.908546   37.335541
 -88.897141   37.329609
 -88.898018   37.317181
 -88.929062   37.302612
 -88.942413   37.303905
 -88.955414   37.297436
 -88.959503   37.298782
 -88.961136   37.297401
 -88.961952   37.299061
 -88.963112   37.297432
 -88.965157   37.302643
 -88.992569   37.309780
 -88.997955   37.307648
 -89.004791   37.310997
 -89.018143   37.309055
 -89.033539   37.297478
 -89.044968   37.293774
 -89.044708   37.329796

Kane
IL
9
 -88.588409   42.153587
 -88.238197   42.154099
 -88.237907   42.066898
 -88.263306   42.066601
 -88.262802   41.986198
 -88.262100   41.724499
 -88.601913   41.719578
 -88.601692   42.066444
 -88.588120   42.066498

Kankakee
IL
10
 -88.244293   41.201302
 -88.011726   41.205566
 -88.013847   41.292236
 -87.526733   41.298145
 -87.526588   41.166027
 -87.526276   41.010311
 -88.131760   40.997608
 -88.247139   40.994720
 -88.251587   41.113911
 -88.240982   41.114185

Kendall
IL
6
 -88.262100   41.724499
 -88.261398   41.724499
 -88.251999   41.462799
 -88.595757   41.457008
 -88.602341   41.631348
 -88.601913   41.719578

Knox
IL
7
 -90.437531   41.151215
 -90.208771   41.152119
 -89.984444   41.149349
 -89.985497   40.974686
 -89.986122   40.712223
 -90.444153   40.714626
 -90.439278   41.063980

LaSalle
IL
15
 -88.938553   41.628166
 -88.818291   41.631023
 -88.602341   41.631348
 -88.595757   41.457008
 -88.587418   41.238640
 -88.586121   41.107834
 -88.930946   41.105747
 -88.931343   40.927773
 -89.047508   40.925919
 -89.047539   41.104740
 -89.162071   41.104050
 -89.163628   41.310150
 -89.166428   41.584995
 -89.167114   41.628677
 -89.051735   41.626614

Lake
IL
15
 -88.200089   42.495998
 -87.802795   42.491814
 -87.797997   42.471699
 -87.805305   42.384701
 -87.810997   42.377499
 -87.815201   42.361500
 -87.822403   42.362701
 -87.825600   42.356701
 -87.831596   42.328499
 -87.833900   42.294300
 -87.825302   42.262199
 -87.800003   42.208000
 -87.760063   42.153355
 -88.199303   42.154202
 -88.197502   42.269501

Lawrence
IL
42
 -87.907860   38.850258
 -87.786987   38.848812
 -87.684334   38.852093
 -87.531128   38.852463
 -87.525871   38.848751
 -87.526672   38.838531
 -87.521828   38.828690
 -87.527321   38.818077
 -87.495491   38.784580
 -87.498566   38.776436
 -87.513123   38.773151
 -87.514839   38.770454
 -87.510315   38.767136
 -87.500473   38.769131
 -87.496887   38.766773
 -87.504021   38.748459
 -87.496025   38.739937
 -87.506149   38.733681
 -87.508499   38.725723
 -87.519493   38.710407
 -87.519592   38.697151
 -87.531204   38.683990
 -87.545517   38.677567
 -87.587662   38.669933
 -87.600159   38.662415
 -87.605789   38.646473
 -87.620094   38.639442
 -87.620361   38.634258
 -87.615562   38.625000
 -87.622353   38.618828
 -87.620514   38.612122
 -87.627426   38.606541
 -87.624123   38.596909
 -87.612419   38.594597
 -87.611938   38.589199
 -87.622871   38.586151
 -87.637604   38.592609
 -87.640228   38.589153
 -87.638885   38.574829
 -87.651505   38.568119
 -87.912018   38.570503
 -87.909561   38.590187

Lee
IL
21
 -89.629684   41.901726
 -89.481537   41.902176
 -89.476303   41.910137
 -89.465958   41.912491
 -89.423416   41.906734
 -89.419083   41.900906
 -89.429039   41.894897
 -89.412971   41.885971
 -89.411629   41.894882
 -89.407455   41.896351
 -89.403008   41.902245
 -89.398727   41.902805
 -89.360413   41.902611
 -89.360580   41.888039
 -88.941353   41.891750
 -88.941711   41.717136
 -88.938553   41.628166
 -89.051735   41.626614
 -89.167114   41.628677
 -89.166428   41.584995
 -89.631378   41.584892

Livingston
IL
13
 -88.586121   41.107834
 -88.470474   41.108631
 -88.251587   41.113911
 -88.247139   40.994720
 -88.234825   40.618061
 -88.459358   40.617264
 -88.574326   40.616440
 -88.575150   40.670498
 -88.582329   40.670563
 -88.584221   40.757519
 -88.929344   40.753246
 -88.931343   40.927773
 -88.930946   41.105747

Logan
IL
15
 -89.602806   40.319965
 -89.263763   40.325130
 -89.262650   40.280880
 -89.148682   40.281994
 -89.144577   40.048672
 -89.143211   39.917885
 -89.217712   39.917015
 -89.404877   39.918140
 -89.404846   39.932781
 -89.483322   39.933090
 -89.483643   39.976665
 -89.578323   39.976032
 -89.579117   40.092274
 -89.601013   40.092220
 -89.601501   40.122387

Macon
IL
17
 -89.144577   40.048672
 -88.745552   40.054836
 -88.745842   39.792023
 -88.758659   39.792049
 -88.757767   39.739765
 -88.812836   39.740528
 -88.810837   39.653107
 -89.025627   39.654087
 -89.138992   39.655205
 -89.141739   39.800720
 -89.157578   39.803616
 -89.187180   39.817459
 -89.208099   39.815083
 -89.210434   39.810875
 -89.217438   39.813183
 -89.217712   39.917015
 -89.143211   39.917885

Macoupin
IL
9
 -89.926071   39.522106
 -89.701706   39.523312
 -89.698997   39.348000
 -89.703598   39.347969
 -89.698479   38.998917
 -90.079163   38.998470
 -90.145622   39.000000
 -90.147942   39.261967
 -90.153633   39.520199

Madison
IL
29
 -89.698479   38.998917
 -89.639343   38.999157
 -89.636810   38.874317
 -89.599586   38.874500
 -89.597321   38.743217
 -89.595230   38.655872
 -89.706940   38.655106
 -90.181198   38.660301
 -90.186302   38.674702
 -90.209106   38.702702
 -90.211800   38.717899
 -90.205101   38.732101
 -90.183304   38.746799
 -90.176201   38.754398
 -90.175003   38.760201
 -90.166306   38.772598
 -90.123001   38.798000
 -90.117599   38.805698
 -90.109001   38.837399
 -90.109306   38.843498
 -90.113220   38.849258
 -90.166306   38.876301
 -90.197502   38.887600
 -90.225739   38.908875
 -90.253922   38.920441
 -90.275703   38.923500
 -90.273598   38.999298
 -90.145622   39.000000
 -90.079163   38.998470

Marion
IL
10
 -89.138336   38.736313
 -89.138107   38.824200
 -89.030533   38.822830
 -88.695305   38.826248
 -88.698402   38.606174
 -88.698944   38.474846
 -88.922455   38.476967
 -89.029961   38.474125
 -89.144226   38.473942
 -89.143822   38.503040

Marshall
IL
18
 -89.638496   41.148430
 -89.466331   41.148525
 -89.329185   41.147896
 -89.332954   41.139381
 -89.335808   41.117237
 -89.342163   41.111343
 -89.352333   41.108181
 -89.358513   41.103626
 -89.162071   41.104050
 -89.047539   41.104740
 -89.047508   40.925919
 -89.160202   40.926765
 -89.472237   40.921173
 -89.455215   40.935471
 -89.454979   40.946438
 -89.448036   40.959145
 -89.447601   40.973213
 -89.638641   40.973770

Mason
IL
247
 -89.924568   40.435879
 -89.828156   40.434361
 -89.717041   40.435616
 -89.714844   40.319099
 -89.602806   40.319965
 -89.601501   40.122387
 -89.604897   40.122063
 -89.605698   40.126465
 -89.610786   40.127285
 -89.609039   40.129166
 -89.613655   40.134537
 -89.620575   40.136543
 -89.622154   40.141811
 -89.627136   40.143673
 -89.627899   40.148773
 -89.631691   40.148148
 -89.634094   40.153370
 -89.637405   40.152111
 -89.638657   40.155106
 -89.646286   40.153557
 -89.649490   40.157612
 -89.651505   40.154781
 -89.655960   40.157001
 -89.659851   40.155582
 -89.668854   40.160622
 -89.671234   40.153896
 -89.680351   40.155380
 -89.680977   40.151161
 -89.683365   40.154808
 -89.685829   40.153599
 -89.686577   40.146740
 -89.694687   40.140667
 -89.698631   40.142315
 -89.704216   40.140583
 -89.709320   40.146980
 -89.711823   40.142838
 -89.715485   40.143501
 -89.719528   40.140163
 -89.722290   40.142448
 -89.728088   40.142281
 -89.729927   40.135574
 -89.733963   40.137627
 -89.733948   40.132706
 -89.754097   40.126621
 -89.761101   40.129684
 -89.769760   40.128403
 -89.773315   40.132179
 -89.780762   40.126862
 -89.783043   40.129444
 -89.791801   40.129356
 -89.791359   40.125938
 -89.794258   40.123760
 -89.797615   40.125416
 -89.802490   40.123608
 -89.809456   40.124550
 -89.809967   40.121166
 -89.817833   40.125340
 -89.820236   40.122627
 -89.823830   40.122887
 -89.823227   40.121262
 -89.824883   40.122856
 -89.827080   40.125629
 -89.833870   40.124367
 -89.839287   40.130749
 -89.843147   40.126324
 -89.853287   40.130260
 -89.865913   40.128159
 -89.872437   40.137371
 -89.877930   40.133675
 -89.880859   40.133762
 -89.881424   40.136265
 -89.885376   40.134796
 -89.885689   40.127956
 -89.891655   40.130501
 -89.898376   40.127750
 -89.908287   40.137745
 -89.906311   40.132519
 -89.909515   40.131721
 -89.916168   40.133484
 -89.921066   40.138779
 -89.924576   40.135792
 -89.926704   40.140041
 -89.931549   40.137287
 -89.941467   40.136703
 -89.936874   40.134121
 -89.937683   40.131763
 -89.942192   40.131523
 -89.943604   40.134338
 -89.946381   40.130295
 -89.948456   40.134361
 -89.950233   40.135681
 -89.951767   40.132000
 -89.956177   40.137108
 -89.958557   40.134235
 -89.962967   40.143005
 -89.970451   40.142052
 -89.969673   40.138119
 -89.974648   40.135376
 -89.971436   40.132904
 -89.976578   40.130325
 -89.973465   40.127323
 -89.978348   40.124916
 -89.981613   40.128216
 -89.986732   40.128712
 -89.984398   40.123898
 -89.988495   40.123562
 -89.988594   40.117748
 -89.982666   40.113873
 -89.992622   40.111668
 -89.994606   40.108330
 -89.998283   40.113693
 -89.999214   40.102966
 -90.003136   40.104267
 -90.003716   40.109756
 -90.006371   40.103100
 -90.010574   40.103752
 -90.013054   40.099983
 -90.014793   40.104076
 -90.017418   40.101620
 -90.019958   40.105663
 -90.031532   40.104752
 -90.031342   40.110920
 -90.038017   40.101910
 -90.041550   40.109581
 -90.051147   40.103207
 -90.052269   40.097252
 -90.054420   40.099495
 -90.060394   40.098721
 -90.063843   40.101044
 -90.065163   40.092621
 -90.071732   40.093479
 -90.070068   40.089493
 -90.074097   40.090172
 -90.078758   40.087090
 -90.077354   40.085094
 -90.081177   40.085674
 -90.080109   40.080704
 -90.088455   40.084702
 -90.087196   40.079689
 -90.090263   40.081715
 -90.094620   40.077152
 -90.096931   40.078472
 -90.093842   40.081955
 -90.100861   40.077747
 -90.104034   40.081524
 -90.106453   40.077805
 -90.116547   40.080837
 -90.117149   40.077709
 -90.126419   40.077072
 -90.130035   40.073952
 -90.129662   40.068996
 -90.133881   40.069160
 -90.131325   40.066502
 -90.134399   40.061977
 -90.139267   40.063786
 -90.137779   40.066639
 -90.142281   40.064259
 -90.148827   40.067509
 -90.150299   40.065388
 -90.153824   40.066608
 -90.156250   40.060726
 -90.158325   40.064194
 -90.161942   40.060947
 -90.169281   40.059273
 -90.171928   40.062721
 -90.175018   40.059856
 -90.178841   40.064476
 -90.184265   40.062447
 -90.182030   40.066593
 -90.185501   40.063354
 -90.188499   40.065697
 -90.187042   40.061424
 -90.190315   40.058792
 -90.192169   40.059669
 -90.195129   40.052567
 -90.201569   40.053829
 -90.204636   40.052383
 -90.207230   40.060268
 -90.210854   40.054653
 -90.212585   40.059792
 -90.215050   40.056591
 -90.225639   40.055004
 -90.226563   40.050838
 -90.229614   40.057907
 -90.237213   40.059097
 -90.243126   40.057537
 -90.245766   40.059250
 -90.252686   40.056511
 -90.260559   40.058777
 -90.260300   40.062012
 -90.267426   40.062214
 -90.273232   40.054451
 -90.277206   40.057281
 -90.286369   40.054977
 -90.284950   40.058079
 -90.288994   40.059158
 -90.286682   40.063175
 -90.293953   40.063244
 -90.289619   40.069450
 -90.297646   40.076370
 -90.304947   40.077209
 -90.304665   40.081474
 -90.299995   40.083416
 -90.302513   40.092606
 -90.306343   40.092773
 -90.313797   40.107204
 -90.314194   40.115814
 -90.329056   40.120991
 -90.333900   40.121128
 -90.333542   40.118656
 -90.335808   40.122421
 -90.341850   40.116371
 -90.344246   40.118481
 -90.348183   40.117493
 -90.350578   40.120930
 -90.353912   40.119488
 -90.355072   40.124199
 -90.347160   40.126472
 -90.335045   40.137196
 -90.307434   40.139904
 -90.268021   40.154514
 -90.257156   40.154739
 -90.225670   40.150009
 -90.213242   40.151245
 -90.202553   40.160645
 -90.199440   40.183899
 -90.193405   40.192032
 -90.183510   40.194450
 -90.176178   40.199875
 -90.168472   40.213409
 -90.157837   40.219612
 -90.135880   40.223152
 -90.120613   40.232956
 -90.107178   40.260857
 -90.093948   40.268852
 -90.068626   40.296051
 -90.068588   40.313847
 -90.052994   40.327885
 -90.049736   40.337364
 -90.051537   40.352135
 -90.044670   40.367390
 -90.037834   40.375000
 -89.994797   40.390629
 -89.983643   40.392597
 -89.975243   40.404430
 -89.955063   40.420143
 -89.939262   40.430111

Massac
IL
25
 -88.929062   37.302612
 -88.898018   37.317181
 -88.897141   37.329609
 -88.908546   37.335541
 -88.728348   37.335159
 -88.710602   37.337040
 -88.602364   37.247688
 -88.490295   37.159306
 -88.490044   37.068512
 -88.504395   37.065208
 -88.525887   37.066090
 -88.545357   37.069946
 -88.566185   37.080013
 -88.577507   37.086483
 -88.589157   37.099602
 -88.625839   37.119404
 -88.644821   37.122787
 -88.693939   37.141102
 -88.703995   37.142830
 -88.720177   37.140587
 -88.730438   37.143318
 -88.761925   37.159683
 -88.786888   37.178532
 -88.805038   37.188286
 -88.927963   37.226463

McDonough
IL
7
 -90.904198   40.639202
 -90.789452   40.635685
 -90.672882   40.631363
 -90.445374   40.627804
 -90.450195   40.276405
 -90.677734   40.278622
 -90.909767   40.284336

McHenry
IL
8
 -88.304604   42.494598
 -88.200089   42.495998
 -88.197502   42.269501
 -88.199303   42.154202
 -88.238197   42.154099
 -88.588409   42.153587
 -88.705544   42.153538
 -88.707283   42.493572

McLean
IL
21
 -88.929344   40.753246
 -88.584221   40.757519
 -88.582329   40.670563
 -88.575150   40.670498
 -88.574326   40.616440
 -88.459358   40.617264
 -88.460281   40.398804
 -88.459602   40.281551
 -88.574982   40.281490
 -89.148682   40.281994
 -89.262650   40.280880
 -89.263763   40.325130
 -89.269241   40.594234
 -89.133675   40.596699
 -89.134132   40.611469
 -89.101059   40.612289
 -89.101486   40.625000
 -89.043945   40.627403
 -89.045242   40.663727
 -88.984627   40.664921
 -88.986855   40.752323

Menard
IL
115
 -89.994606   40.108330
 -89.992622   40.111668
 -89.982666   40.113873
 -89.988594   40.117748
 -89.988495   40.123562
 -89.984398   40.123898
 -89.986732   40.128712
 -89.981613   40.128216
 -89.978348   40.124916
 -89.973465   40.127323
 -89.976578   40.130325
 -89.971436   40.132904
 -89.974648   40.135376
 -89.969673   40.138119
 -89.970451   40.142052
 -89.962967   40.143005
 -89.958557   40.134235
 -89.956177   40.137108
 -89.951767   40.132000
 -89.950233   40.135681
 -89.948456   40.134361
 -89.946381   40.130295
 -89.943604   40.134338
 -89.942192   40.131523
 -89.937683   40.131763
 -89.936874   40.134121
 -89.941467   40.136703
 -89.931549   40.137287
 -89.926704   40.140041
 -89.924576   40.135792
 -89.921066   40.138779
 -89.916168   40.133484
 -89.909515   40.131721
 -89.906311   40.132519
 -89.908287   40.137745
 -89.898376   40.127750
 -89.891655   40.130501
 -89.885689   40.127956
 -89.885376   40.134796
 -89.881424   40.136265
 -89.880859   40.133762
 -89.877930   40.133675
 -89.872437   40.137371
 -89.865913   40.128159
 -89.853287   40.130260
 -89.843147   40.126324
 -89.839287   40.130749
 -89.833870   40.124367
 -89.827080   40.125629
 -89.824883   40.122856
 -89.823227   40.121262
 -89.823830   40.122887
 -89.820236   40.122627
 -89.817833   40.125340
 -89.809967   40.121166
 -89.809456   40.124550
 -89.802490   40.123608
 -89.797615   40.125416
 -89.794258   40.123760
 -89.791359   40.125938
 -89.791801   40.129356
 -89.783043   40.129444
 -89.780762   40.126862
 -89.773315   40.132179
 -89.769760   40.128403
 -89.761101   40.129684
 -89.754097   40.126621
 -89.733948   40.132706
 -89.733963   40.137627
 -89.729927   40.135574
 -89.728088   40.142281
 -89.722290   40.142448
 -89.719528   40.140163
 -89.715485   40.143501
 -89.711823   40.142838
 -89.709320   40.146980
 -89.704216   40.140583
 -89.698631   40.142315
 -89.694687   40.140667
 -89.686577   40.146740
 -89.685829   40.153599
 -89.683365   40.154808
 -89.680977   40.151161
 -89.680351   40.155380
 -89.671234   40.153896
 -89.668854   40.160622
 -89.659851   40.155582
 -89.655960   40.157001
 -89.651505   40.154781
 -89.649490   40.157612
 -89.646286   40.153557
 -89.638657   40.155106
 -89.637405   40.152111
 -89.634094   40.153370
 -89.631691   40.148148
 -89.627899   40.148773
 -89.627136   40.143673
 -89.622154   40.141811
 -89.620575   40.136543
 -89.613655   40.134537
 -89.609039   40.129166
 -89.610786   40.127285
 -89.605698   40.126465
 -89.604897   40.122063
 -89.601501   40.122387
 -89.601013   40.092220
 -89.579117   40.092274
 -89.578323   39.976032
 -89.698151   39.975292
 -89.697510   39.938465
 -89.702232   39.938545
 -89.701851   39.916798
 -89.769218   39.916290
 -89.769127   39.902367
 -89.994385   39.902081

Mercer
IL
22
 -91.071930   41.333332
 -90.733826   41.328724
 -90.433746   41.326954
 -90.437531   41.151215
 -90.439278   41.063980
 -90.550354   41.064003
 -90.785149   41.068710
 -90.948845   41.070217
 -90.949242   41.072678
 -90.946487   41.096600
 -90.965759   41.119522
 -90.989517   41.155685
 -90.997757   41.162533
 -91.007439   41.166153
 -91.027069   41.163342
 -91.041389   41.166107
 -91.072830   41.207119
 -91.112907   41.239941
 -91.112633   41.252502
 -91.100990   41.267139
 -91.089066   41.291180
 -91.074699   41.305550

Monroe
IL
49
 -90.343002   38.385399
 -90.295197   38.426701
 -90.285103   38.443401
 -90.279106   38.472401
 -90.263702   38.520500
 -90.145401   38.426498
 -90.145508   38.412102
 -90.035965   38.323303
 -90.035912   38.308800
 -89.913116   38.307781
 -89.904839   38.297527
 -89.907135   38.293465
 -89.901855   38.287506
 -89.902740   38.282230
 -89.907707   38.276752
 -89.913879   38.276745
 -89.918732   38.279877
 -89.912491   38.282227
 -89.912163   38.285175
 -89.919334   38.286121
 -89.925385   38.272751
 -89.921280   38.272251
 -89.923882   38.268562
 -89.914520   38.258804
 -89.913712   38.254539
 -89.917297   38.251514
 -89.909355   38.245461
 -89.906715   38.240509
 -89.908585   38.237473
 -89.897324   38.231152
 -89.898331   38.228493
 -89.904510   38.227303
 -89.899391   38.220707
 -90.036278   38.223076
 -90.035889   38.135578
 -90.206566   38.087917
 -90.242996   38.112617
 -90.252548   38.127762
 -90.274811   38.157558
 -90.290649   38.170399
 -90.322235   38.181541
 -90.334137   38.189880
 -90.353783   38.213799
 -90.363808   38.236301
 -90.373810   38.281799
 -90.372398   38.323299
 -90.368103   38.340199
 -90.356201   38.360298
 -90.349625   38.377556

Montgomery
IL
13
 -89.701706   39.523312
 -89.533707   39.524544
 -89.530830   39.348724
 -89.139648   39.348976
 -89.139999   39.217819
 -89.250450   39.217403
 -89.250374   39.028099
 -89.585999   39.028198
 -89.586067   38.999405
 -89.639343   38.999157
 -89.698479   38.998917
 -89.703598   39.347969
 -89.698997   39.348000

Morgan
IL
24
 -90.583405   39.876705
 -90.234306   39.873138
 -89.994339   39.872803
 -89.993645   39.785278
 -89.985420   39.785316
 -89.984833   39.718029
 -89.923851   39.558628
 -89.926071   39.522106
 -90.153633   39.520199
 -90.301682   39.520149
 -90.300545   39.636513
 -90.337914   39.636673
 -90.337685   39.665535
 -90.372849   39.665737
 -90.371124   39.753345
 -90.483261   39.753387
 -90.482933   39.789196
 -90.598976   39.790016
 -90.576599   39.818813
 -90.566849   39.826839
 -90.566475   39.833115
 -90.571632   39.839279
 -90.582314   39.854527
 -90.585968   39.871368

Moultrie
IL
19
 -88.745842   39.792023
 -88.473297   39.791714
 -88.471954   39.651447
 -88.470406   39.447262
 -88.584251   39.447468
 -88.584457   39.476761
 -88.603073   39.476974
 -88.603355   39.491528
 -88.622177   39.491837
 -88.622520   39.506489
 -88.641571   39.506428
 -88.641411   39.520798
 -88.716820   39.520981
 -88.717468   39.579262
 -88.809280   39.580158
 -88.810837   39.653107
 -88.812836   39.740528
 -88.757767   39.739765
 -88.758659   39.792049

Ogle
IL
23
 -89.688370   42.199093
 -89.396133   42.202126
 -89.172508   42.204224
 -89.172928   42.150272
 -88.939613   42.152321
 -88.941353   41.891750
 -89.360580   41.888039
 -89.360413   41.902611
 -89.398727   41.902805
 -89.403008   41.902245
 -89.407455   41.896351
 -89.411629   41.894882
 -89.412971   41.885971
 -89.429039   41.894897
 -89.419083   41.900906
 -89.423416   41.906734
 -89.465958   41.912491
 -89.476303   41.910137
 -89.481537   41.902176
 -89.629684   41.901726
 -89.629044   41.930027
 -89.686523   41.930634
 -89.684830   42.024933

Peoria
IL
43
 -89.985497   40.974686
 -89.638641   40.973770
 -89.447601   40.973213
 -89.448036   40.959145
 -89.454979   40.946438
 -89.455215   40.935471
 -89.472237   40.921173
 -89.475136   40.912704
 -89.488373   40.899265
 -89.499481   40.875000
 -89.524879   40.849201
 -89.528191   40.835583
 -89.544861   40.814945
 -89.554176   40.808830
 -89.561363   40.795589
 -89.563797   40.784000
 -89.555603   40.764702
 -89.554901   40.747601
 -89.546402   40.720100
 -89.555199   40.702702
 -89.592201   40.684898
 -89.615303   40.664398
 -89.616203   40.657299
 -89.610237   40.651951
 -89.611359   40.647873
 -89.621216   40.635487
 -89.658401   40.601521
 -89.659958   40.596352
 -89.654190   40.579742
 -89.654503   40.573002
 -89.657906   40.567402
 -89.675301   40.553902
 -89.682716   40.552608
 -89.691742   40.560478
 -89.698898   40.561569
 -89.707710   40.557201
 -89.740387   40.550865
 -89.774391   40.552872
 -89.812355   40.541069
 -89.872353   40.513088
 -89.873390   40.624554
 -89.988991   40.625725
 -89.986122   40.712223

Perry
IL
62
 -89.592712   38.219151
 -89.407379   38.214561
 -89.147346   38.212849
 -89.149666   38.124897
 -89.129189   38.124695
 -89.131866   38.117905
 -89.128853   38.116486
 -89.131523   38.112713
 -89.129234   38.109528
 -89.131294   38.103603
 -89.133522   38.105869
 -89.137291   38.104134
 -89.115112   38.093716
 -89.118927   38.090031
 -89.115280   38.085548
 -89.120750   38.084702
 -89.119385   38.081657
 -89.122459   38.082775
 -89.118340   38.069984
 -89.123024   38.070488
 -89.118820   38.066921
 -89.123459   38.063553
 -89.118446   38.062775
 -89.117722   38.064674
 -89.118416   38.061680
 -89.122177   38.060806
 -89.118149   38.059666
 -89.121071   38.057579
 -89.123215   38.058861
 -89.122604   38.056412
 -89.127304   38.055321
 -89.126816   38.053009
 -89.131393   38.052116
 -89.132484   38.054497
 -89.134003   38.048824
 -89.130348   38.047745
 -89.134865   38.044746
 -89.138779   38.046993
 -89.139786   38.043449
 -89.136375   38.039902
 -89.138924   38.037548
 -89.138954   38.033813
 -89.146797   38.031094
 -89.142342   38.029076
 -89.142952   38.025944
 -89.138176   38.025299
 -89.136909   38.021229
 -89.136505   38.017403
 -89.145126   38.008896
 -89.140404   37.995564
 -89.146538   37.988724
 -89.149315   37.979961
 -89.153679   37.977924
 -89.155449   37.967354
 -89.163422   37.961815
 -89.162125   37.957539
 -89.164299   37.957928
 -89.165047   37.955112
 -89.167671   37.956783
 -89.178169   37.952686
 -89.177719   37.950260
 -89.594955   37.955261

Piatt
IL
12
 -88.574982   40.281490
 -88.459602   40.281551
 -88.459938   40.223282
 -88.462738   40.223312
 -88.462296   39.879101
 -88.462425   39.791668
 -88.473297   39.791714
 -88.745842   39.792023
 -88.745552   40.054836
 -88.745659   40.098560
 -88.688454   40.098392
 -88.688339   40.142174

Pike
IL
55
 -90.916481   39.845028
 -90.893517   39.840874
 -90.571632   39.839279
 -90.566475   39.833115
 -90.566849   39.826839
 -90.576599   39.818813
 -90.598976   39.790016
 -90.606812   39.776333
 -90.607513   39.763828
 -90.628296   39.729439
 -90.640854   39.717381
 -90.645981   39.698242
 -90.633369   39.672962
 -90.608749   39.640247
 -90.604759   39.619713
 -90.591965   39.596638
 -90.576492   39.559486
 -90.572166   39.539120
 -90.581642   39.525837
 -90.580925   39.521679
 -90.582077   39.510284
 -90.591965   39.486935
 -90.610374   39.457401
 -90.616676   39.423832
 -90.613571   39.395729
 -90.822441   39.399609
 -90.936600   39.399464
 -90.944809   39.406200
 -90.967346   39.411903
 -90.977486   39.418243
 -91.003563   39.427555
 -91.038139   39.448391
 -91.061035   39.471333
 -91.064171   39.494595
 -91.079636   39.507683
 -91.100166   39.538647
 -91.148132   39.545753
 -91.158463   39.553005
 -91.168282   39.564884
 -91.174088   39.591927
 -91.177872   39.598152
 -91.185783   39.605072
 -91.229179   39.620808
 -91.241081   39.630020
 -91.248642   39.640835
 -91.260330   39.648979
 -91.274796   39.664749
 -91.301453   39.679024
 -91.306541   39.684818
 -91.347107   39.710438
 -91.368271   39.729691
 -91.369804   39.744995
 -91.364975   39.758678
 -91.250000   39.756935
 -90.915939   39.757118

Pope
IL
31
 -88.708488   37.599228
 -88.412071   37.599865
 -88.415123   37.423691
 -88.450089   37.411667
 -88.470184   37.396206
 -88.476555   37.386826
 -88.486488   37.340363
 -88.514725   37.290466
 -88.514168   37.279469
 -88.510094   37.275883
 -88.506821   37.265091
 -88.503891   37.264858
 -88.509285   37.262077
 -88.511986   37.263805
 -88.511482   37.261562
 -88.488266   37.245155
 -88.471710   37.220100
 -88.458717   37.213486
 -88.447731   37.203472
 -88.433746   37.164017
 -88.424370   37.152370
 -88.443497   37.109135
 -88.441643   37.108013
 -88.444565   37.098545
 -88.458900   37.073738
 -88.476089   37.068169
 -88.483582   37.066914
 -88.490044   37.068512
 -88.490295   37.159306
 -88.602364   37.247688
 -88.710602   37.337040

Pulaski
IL
113
 -89.248352   37.335072
 -89.099213   37.333508
 -89.044708   37.329796
 -89.044968   37.293774
 -89.033539   37.297478
 -89.018143   37.309055
 -89.004791   37.310997
 -88.997955   37.307648
 -88.992569   37.309780
 -88.965157   37.302643
 -88.963112   37.297432
 -88.961952   37.299061
 -88.961136   37.297401
 -88.959503   37.298782
 -88.955414   37.297436
 -88.942413   37.303905
 -88.929062   37.302612
 -88.927963   37.226463
 -88.942047   37.228760
 -88.933319   37.224953
 -88.963257   37.225845
 -88.972878   37.228474
 -88.966095   37.230068
 -88.983192   37.228634
 -89.000900   37.224346
 -89.013939   37.216042
 -89.029915   37.211094
 -89.086716   37.165352
 -89.109482   37.122120
 -89.112411   37.121048
 -89.125000   37.108765
 -89.134857   37.103230
 -89.141251   37.093815
 -89.154434   37.088856
 -89.172150   37.067673
 -89.173904   37.070023
 -89.180069   37.069199
 -89.185158   37.078949
 -89.197037   37.085655
 -89.195839   37.088699
 -89.201096   37.088402
 -89.202469   37.085564
 -89.224953   37.091507
 -89.232864   37.089901
 -89.235123   37.092693
 -89.239952   37.092461
 -89.237663   37.094566
 -89.240753   37.096764
 -89.242264   37.094727
 -89.244240   37.100609
 -89.253899   37.099342
 -89.254105   37.103195
 -89.258507   37.102650
 -89.265701   37.110477
 -89.265617   37.113041
 -89.263016   37.112419
 -89.262672   37.114025
 -89.269638   37.118305
 -89.268951   37.121670
 -89.273575   37.125675
 -89.272324   37.129181
 -89.268112   37.133751
 -89.267281   37.139519
 -89.257957   37.145100
 -89.260406   37.151211
 -89.256630   37.160591
 -89.260231   37.158810
 -89.268837   37.158905
 -89.269470   37.160526
 -89.261398   37.166729
 -89.262146   37.170319
 -89.266861   37.170757
 -89.263565   37.174831
 -89.265999   37.176044
 -89.266228   37.183048
 -89.258018   37.183979
 -89.251999   37.190548
 -89.255951   37.192791
 -89.252457   37.196110
 -89.257744   37.198467
 -89.258980   37.196087
 -89.262383   37.200848
 -89.259285   37.202133
 -89.263840   37.203663
 -89.259003   37.209545
 -89.264519   37.212181
 -89.261536   37.219891
 -89.266235   37.221817
 -89.267723   37.225864
 -89.263771   37.226318
 -89.261391   37.230968
 -89.258759   37.229870
 -89.261681   37.227100
 -89.256493   37.227509
 -89.250404   37.243328
 -89.251472   37.249500
 -89.248329   37.250687
 -89.251755   37.252361
 -89.247070   37.255264
 -89.249611   37.256981
 -89.245766   37.263756
 -89.241585   37.264881
 -89.237442   37.270947
 -89.228073   37.273056
 -89.220612   37.279259
 -89.210640   37.280155
 -89.202713   37.289448
 -89.204262   37.312996
 -89.208733   37.318420
 -89.207092   37.321716
 -89.215096   37.324074
 -89.222862   37.331963
 -89.244301   37.331497

Pulaski
IL
4
 -89.109482   37.122120
 -89.111122   37.118999
 -89.115509   37.115730
 -89.109482   37.122120

Putnam
IL
20
 -89.466331   41.148525
 -89.466446   41.233887
 -89.356583   41.233200
 -89.348282   41.258900
 -89.336990   41.281631
 -89.342316   41.292725
 -89.339661   41.298241
 -89.283379   41.312351
 -89.268768   41.321785
 -89.256355   41.322147
 -89.224770   41.313065
 -89.172455   41.308426
 -89.163628   41.310150
 -89.162071   41.104050
 -89.358513   41.103626
 -89.352333   41.108181
 -89.342163   41.111343
 -89.335808   41.117237
 -89.332954   41.139381
 -89.329185   41.147896

Randolph
IL
57
 -89.899391   38.220707
 -89.703156   38.219273
 -89.592712   38.219151
 -89.594955   37.955261
 -89.656364   37.858685
 -89.657326   37.847198
 -89.664948   37.828644
 -89.668091   37.829536
 -89.672592   37.825329
 -89.680984   37.822376
 -89.674194   37.803089
 -89.717377   37.825672
 -89.739769   37.846882
 -89.753998   37.846310
 -89.765121   37.851730
 -89.774200   37.852074
 -89.781929   37.855042
 -89.786263   37.851685
 -89.797409   37.862034
 -89.800255   37.868576
 -89.797577   37.874153
 -89.799232   37.881470
 -89.842545   37.905144
 -89.850945   37.903927
 -89.861687   37.897587
 -89.879402   37.880863
 -89.901726   37.869774
 -89.919380   37.870003
 -89.938278   37.874439
 -89.953056   37.884010
 -89.973534   37.917606
 -89.974808   37.926666
 -89.962364   37.933899
 -89.959534   37.940144
 -89.947319   37.940285
 -89.932358   37.947445
 -89.925278   37.954079
 -89.924973   37.959969
 -89.935776   37.959530
 -89.941994   37.970070
 -89.978806   37.962742
 -90.000000   37.964512
 -90.008240   37.970127
 -90.032295   37.995209
 -90.051247   38.003532
 -90.057159   38.014313
 -90.064934   38.016823
 -90.088142   38.015720
 -90.114120   38.029007
 -90.126083   38.040653
 -90.126282   38.054844
 -90.130669   38.062286
 -90.158417   38.074684
 -90.172104   38.069584
 -90.206566   38.087917
 -90.035889   38.135578
 -90.036278   38.223076

Richland
IL
60
 -87.945580   38.850262
 -87.907860   38.850258
 -87.909561   38.590187
 -87.912018   38.570503
 -87.954781   38.570454
 -88.147537   38.568874
 -88.148010   38.597939
 -88.253807   38.599457
 -88.248688   38.601456
 -88.251900   38.605164
 -88.260056   38.606426
 -88.259094   38.608833
 -88.263123   38.608284
 -88.266647   38.612427
 -88.271027   38.611671
 -88.270584   38.618954
 -88.273033   38.619320
 -88.277229   38.615475
 -88.278603   38.620625
 -88.278809   38.616962
 -88.285927   38.619068
 -88.280762   38.624519
 -88.283989   38.626385
 -88.286514   38.624577
 -88.291695   38.625854
 -88.288666   38.629681
 -88.297325   38.634418
 -88.293648   38.641445
 -88.286758   38.642700
 -88.290497   38.643959
 -88.273041   38.656845
 -88.276451   38.659592
 -88.272072   38.664330
 -88.276215   38.669384
 -88.279282   38.669617
 -88.279434   38.672279
 -88.277847   38.675293
 -88.284294   38.681496
 -88.281403   38.683762
 -88.285202   38.688679
 -88.281548   38.690166
 -88.285080   38.694473
 -88.281281   38.696072
 -88.286247   38.701546
 -88.284027   38.702621
 -88.285866   38.707520
 -88.282097   38.707790
 -88.285797   38.710835
 -88.282150   38.716557
 -88.285393   38.715664
 -88.286613   38.717384
 -88.281448   38.720516
 -88.285767   38.720177
 -88.282494   38.725712
 -88.286911   38.727955
 -88.284073   38.727589
 -88.283546   38.731754
 -88.257751   38.730808
 -88.258537   38.847477
 -88.150093   38.847004

Rock Island
IL
106
 -90.316002   41.728741
 -90.309692   41.743294
 -90.283424   41.764355
 -90.242256   41.782936
 -90.247040   41.762581
 -90.239998   41.764935
 -90.236649   41.762569
 -90.242622   41.759930
 -90.246582   41.754726
 -90.247795   41.746849
 -90.243042   41.744293
 -90.244141   41.740353
 -90.239304   41.742455
 -90.236382   41.740715
 -90.234573   41.736080
 -90.238541   41.727238
 -90.233963   41.724979
 -90.239746   41.706612
 -90.245590   41.703506
 -90.237030   41.699535
 -90.236511   41.696281
 -90.231033   41.695728
 -90.231934   41.691853
 -90.226547   41.692497
 -90.225975   41.686901
 -90.226730   41.683445
 -90.236053   41.679462
 -90.229622   41.675343
 -90.189186   41.663223
 -90.173576   41.654926
 -90.170166   41.648663
 -90.164658   41.647655
 -90.161110   41.643894
 -90.163696   41.639183
 -90.173790   41.640038
 -90.173119   41.637371
 -90.162346   41.635494
 -90.159760   41.630463
 -90.160568   41.617836
 -90.166008   41.609779
 -90.165009   41.595711
 -90.170303   41.591728
 -90.183556   41.590157
 -90.185486   41.584621
 -90.180145   41.578876
 -90.179207   41.572334
 -90.184875   41.555424
 -90.195198   41.540653
 -90.218895   41.537167
 -90.225723   41.529884
 -90.250000   41.522720
 -90.303917   41.518040
 -90.314697   41.509834
 -90.333817   41.514023
 -90.352104   41.508801
 -90.364105   41.502800
 -90.369301   41.496700
 -90.376404   41.478699
 -90.387199   41.476398
 -90.404106   41.464802
 -90.420998   41.457600
 -90.431801   41.456799
 -90.433746   41.326954
 -90.733826   41.328724
 -91.071930   41.333332
 -91.071899   41.333576
 -91.066078   41.366341
 -91.051430   41.385258
 -91.045746   41.414055
 -91.027641   41.423576
 -91.005051   41.426418
 -90.985733   41.433659
 -90.977791   41.434200
 -90.949646   41.424137
 -90.929871   41.421375
 -90.900330   41.431126
 -90.853455   41.453880
 -90.837273   41.455593
 -90.786133   41.452862
 -90.737396   41.450096
 -90.701019   41.454712
 -90.676308   41.460800
 -90.655701   41.462101
 -90.605797   41.494202
 -90.601997   41.506001
 -90.590904   41.512798
 -90.567101   41.517502
 -90.556107   41.524200
 -90.540802   41.526100
 -90.500504   41.518002
 -90.474197   41.519699
 -90.461304   41.523499
 -90.432602   41.549500
 -90.422104   41.554199
 -90.412704   41.565300
 -90.397797   41.572201
 -90.363998   41.579601
 -90.343102   41.587799
 -90.339401   41.598598
 -90.343323   41.646927
 -90.336601   41.664501
 -90.334396   41.679527
 -90.317184   41.691639
 -90.313301   41.698051
 -90.312767   41.707497
 -90.317482   41.720192

Saline
IL
6
 -88.706711   37.906799
 -88.374489   37.907631
 -88.375290   37.599518
 -88.412071   37.599865
 -88.708488   37.599228
 -88.706810   37.863293

Sangamon
IL
67
 -89.578323   39.976032
 -89.483643   39.976665
 -89.483322   39.933090
 -89.404846   39.932781
 -89.404877   39.918140
 -89.217712   39.917015
 -89.217438   39.813183
 -89.225174   39.814911
 -89.234039   39.812988
 -89.231552   39.816376
 -89.236092   39.817608
 -89.236450   39.822067
 -89.239830   39.821358
 -89.240158   39.823322
 -89.248322   39.825726
 -89.255119   39.814991
 -89.255180   39.808235
 -89.263535   39.804127
 -89.265289   39.806381
 -89.273804   39.800274
 -89.281090   39.798965
 -89.283302   39.793808
 -89.292366   39.792507
 -89.291824   39.789738
 -89.297318   39.788864
 -89.303032   39.775772
 -89.312492   39.771259
 -89.322266   39.771816
 -89.328682   39.769291
 -89.324936   39.766979
 -89.328613   39.763500
 -89.346237   39.767380
 -89.354050   39.772049
 -89.359955   39.767471
 -89.358688   39.762138
 -89.362503   39.755764
 -89.368446   39.756836
 -89.371223   39.755013
 -89.373833   39.758598
 -89.380157   39.753490
 -89.384781   39.753521
 -89.394775   39.742641
 -89.404480   39.742588
 -89.409508   39.743626
 -89.419182   39.751396
 -89.417320   39.758236
 -89.419861   39.761097
 -89.425079   39.761990
 -89.424942   39.683743
 -89.478828   39.683922
 -89.478378   39.640701
 -89.534988   39.641087
 -89.533707   39.524544
 -89.701706   39.523312
 -89.926071   39.522106
 -89.923851   39.558628
 -89.984833   39.718029
 -89.985420   39.785316
 -89.993645   39.785278
 -89.994339   39.872803
 -89.994385   39.902081
 -89.769127   39.902367
 -89.769218   39.916290
 -89.701851   39.916798
 -89.702232   39.938545
 -89.697510   39.938465
 -89.698151   39.975292

Schuyler
IL
74
 -90.909767   40.284336
 -90.677734   40.278622
 -90.450195   40.276405
 -90.451378   40.188847
 -90.199440   40.183899
 -90.202553   40.160645
 -90.213242   40.151245
 -90.225670   40.150009
 -90.257156   40.154739
 -90.268021   40.154514
 -90.307434   40.139904
 -90.335045   40.137196
 -90.347160   40.126472
 -90.355072   40.124199
 -90.364632   40.125000
 -90.373627   40.121616
 -90.393303   40.091820
 -90.391174   40.084080
 -90.393311   40.078712
 -90.428513   40.060299
 -90.428825   40.042000
 -90.435730   40.020515
 -90.455147   40.010201
 -90.506294   39.996117
 -90.512100   39.992584
 -90.513626   39.987843
 -90.515579   39.984303
 -90.519798   39.985634
 -90.520599   39.988262
 -90.526459   39.987602
 -90.524734   39.982658
 -90.527832   39.982410
 -90.529823   39.985065
 -90.534019   39.982410
 -90.539185   39.983673
 -90.543472   39.980312
 -90.550217   39.983398
 -90.566307   39.983768
 -90.585426   39.978779
 -90.607010   39.981613
 -90.601822   40.003269
 -90.617889   40.012344
 -90.618904   40.015114
 -90.616791   40.020466
 -90.611168   40.017517
 -90.607155   40.020786
 -90.607124   40.029461
 -90.611534   40.032864
 -90.616562   40.026958
 -90.630264   40.023617
 -90.633827   40.029175
 -90.653763   40.033394
 -90.652000   40.040005
 -90.659615   40.041355
 -90.661400   40.046593
 -90.667114   40.046505
 -90.669319   40.043736
 -90.674942   40.045933
 -90.677917   40.051857
 -90.675362   40.057030
 -90.677437   40.059841
 -90.674675   40.062103
 -90.676636   40.065948
 -90.671867   40.080086
 -90.695511   40.079536
 -90.705399   40.084545
 -90.704384   40.087769
 -90.709030   40.090378
 -90.708466   40.093033
 -90.699799   40.094402
 -90.695755   40.103748
 -90.796257   40.105721
 -90.913483   40.104408
 -90.911911   40.192936

Scott
IL
22
 -90.580925   39.521679
 -90.581642   39.525837
 -90.572166   39.539120
 -90.576492   39.559486
 -90.591965   39.596638
 -90.604759   39.619713
 -90.608749   39.640247
 -90.633369   39.672962
 -90.645981   39.698242
 -90.640854   39.717381
 -90.628296   39.729439
 -90.607513   39.763828
 -90.606812   39.776333
 -90.598976   39.790016
 -90.482933   39.789196
 -90.483261   39.753387
 -90.371124   39.753345
 -90.372849   39.665737
 -90.337685   39.665535
 -90.337914   39.636673
 -90.300545   39.636513
 -90.301682   39.520149

Shelby
IL
21
 -89.025627   39.654087
 -88.810837   39.653107
 -88.809280   39.580158
 -88.717468   39.579262
 -88.716820   39.520981
 -88.641411   39.520798
 -88.641571   39.506428
 -88.622520   39.506489
 -88.622177   39.491837
 -88.603355   39.491528
 -88.603073   39.476974
 -88.584457   39.476761
 -88.584251   39.447468
 -88.470406   39.447262
 -88.470879   39.374413
 -88.470917   39.214813
 -88.805412   39.216255
 -89.026031   39.215698
 -89.139999   39.217819
 -89.139648   39.348976
 -89.025322   39.346077

St. Clair
IL
39
 -90.181198   38.660301
 -89.706940   38.655106
 -89.704391   38.418415
 -89.703156   38.219273
 -89.899391   38.220707
 -89.904510   38.227303
 -89.898331   38.228493
 -89.897324   38.231152
 -89.908585   38.237473
 -89.906715   38.240509
 -89.909355   38.245461
 -89.917297   38.251514
 -89.913712   38.254539
 -89.914520   38.258804
 -89.923882   38.268562
 -89.921280   38.272251
 -89.925385   38.272751
 -89.919334   38.286121
 -89.912163   38.285175
 -89.912491   38.282227
 -89.918732   38.279877
 -89.913879   38.276745
 -89.907707   38.276752
 -89.902740   38.282230
 -89.901855   38.287506
 -89.907135   38.293465
 -89.904839   38.297527
 -89.913116   38.307781
 -90.035912   38.308800
 -90.035965   38.323303
 -90.145508   38.412102
 -90.145401   38.426498
 -90.263702   38.520500
 -90.257301   38.531799
 -90.246902   38.548401
 -90.224106   38.575001
 -90.202400   38.588600
 -90.188103   38.604900
 -90.177902   38.633701

Stark
IL
8
 -89.984444   41.149349
 -89.868271   41.148918
 -89.867691   41.234398
 -89.857750   41.234379
 -89.638771   41.233860
 -89.638496   41.148430
 -89.638641   40.973770
 -89.985497   40.974686

Stephenson
IL
6
 -89.926361   42.505779
 -89.837494   42.505669
 -89.401321   42.500423
 -89.396133   42.202126
 -89.688370   42.199093
 -89.919533   42.196285

Tazewell
IL
38
 -89.554901   40.747601
 -89.330078   40.748287
 -89.327240   40.615353
 -89.269852   40.616058
 -89.269241   40.594234
 -89.263763   40.325130
 -89.602806   40.319965
 -89.714844   40.319099
 -89.717041   40.435616
 -89.828156   40.434361
 -89.924568   40.435879
 -89.916702   40.438675
 -89.908432   40.445240
 -89.903160   40.459167
 -89.887817   40.474617
 -89.882538   40.504463
 -89.872353   40.513088
 -89.812355   40.541069
 -89.774391   40.552872
 -89.740387   40.550865
 -89.707710   40.557201
 -89.698898   40.561569
 -89.691742   40.560478
 -89.682716   40.552608
 -89.675301   40.553902
 -89.657906   40.567402
 -89.654503   40.573002
 -89.654190   40.579742
 -89.659958   40.596352
 -89.658401   40.601521
 -89.621216   40.635487
 -89.611359   40.647873
 -89.610237   40.651951
 -89.616203   40.657299
 -89.615303   40.664398
 -89.592201   40.684898
 -89.555199   40.702702
 -89.546402   40.720100

Union
IL
32
 -89.153595   37.600422
 -89.041328   37.596527
 -89.044708   37.329796
 -89.099213   37.333508
 -89.248352   37.335072
 -89.485970   37.334782
 -89.474480   37.338116
 -89.451218   37.339546
 -89.434227   37.345577
 -89.428093   37.356110
 -89.421234   37.392029
 -89.439682   37.437153
 -89.450882   37.450020
 -89.475433   37.471340
 -89.493462   37.496429
 -89.502823   37.517818
 -89.516350   37.535507
 -89.521759   37.566162
 -89.521469   37.572109
 -89.510567   37.578461
 -89.502907   37.577602
 -89.500511   37.576023
 -89.502029   37.570503
 -89.482010   37.567093
 -89.474419   37.562172
 -89.467125   37.563179
 -89.453140   37.579144
 -89.454666   37.587318
 -89.449326   37.591484
 -89.447838   37.597694
 -89.452896   37.600147
 -89.250000   37.598392

Vermilion
IL
14
 -87.935493   40.486187
 -87.647614   40.488564
 -87.526360   40.491539
 -87.526482   40.477123
 -87.531425   40.147991
 -87.533211   39.883091
 -87.581535   39.882256
 -87.557495   39.868683
 -87.617531   39.868462
 -87.615158   39.881596
 -87.937592   39.879803
 -87.942307   40.225548
 -87.928993   40.225777
 -87.932831   40.399506

Wabash
IL
167
 -87.954781   38.570454
 -87.912018   38.570503
 -87.651505   38.568119
 -87.650681   38.556190
 -87.665405   38.549900
 -87.670097   38.544659
 -87.656120   38.521622
 -87.649986   38.517681
 -87.645096   38.511063
 -87.652344   38.503174
 -87.660927   38.502045
 -87.671875   38.507565
 -87.682297   38.494572
 -87.693161   38.487991
 -87.714027   38.479832
 -87.739998   38.479176
 -87.750000   38.471378
 -87.756149   38.462494
 -87.755905   38.455830
 -87.735703   38.452942
 -87.730103   38.446472
 -87.730675   38.442860
 -87.741013   38.435532
 -87.743668   38.414341
 -87.750000   38.402981
 -87.779022   38.371597
 -87.786064   38.367603
 -87.806046   38.363094
 -87.822693   38.346867
 -87.832695   38.324806
 -87.831497   38.296680
 -87.836464   38.285439
 -87.843422   38.278130
 -87.851105   38.275078
 -87.856575   38.275475
 -87.862999   38.280128
 -87.866219   38.289936
 -87.860420   38.305328
 -87.864243   38.310658
 -87.870506   38.312176
 -87.879356   38.306461
 -87.887817   38.285252
 -87.897041   38.280087
 -87.910088   38.268063
 -87.917061   38.269657
 -87.919441   38.274502
 -87.908493   38.290913
 -87.909508   38.296017
 -87.914787   38.298962
 -87.921394   38.299297
 -87.934814   38.295101
 -87.940254   38.281021
 -87.950264   38.276749
 -87.952095   38.273716
 -87.951248   38.268703
 -87.942574   38.263302
 -87.942039   38.259251
 -87.957573   38.250000
 -87.960190   38.237072
 -87.968933   38.237343
 -87.972221   38.246990
 -87.981842   38.256401
 -87.987877   38.256912
 -87.990570   38.259666
 -87.991646   38.269768
 -87.988945   38.268967
 -87.988426   38.273685
 -87.984451   38.274281
 -87.979477   38.270920
 -87.978409   38.273849
 -87.973068   38.274353
 -87.977921   38.276688
 -87.975624   38.277832
 -87.977806   38.282410
 -87.975281   38.281380
 -87.974495   38.283901
 -87.970695   38.284794
 -87.968491   38.282799
 -87.960968   38.290951
 -87.951088   38.290565
 -87.957222   38.299629
 -87.952927   38.302994
 -87.957222   38.305603
 -87.954750   38.308167
 -87.947197   38.308052
 -87.948479   38.312817
 -87.946075   38.315239
 -87.949066   38.316845
 -87.946800   38.317139
 -87.947372   38.319317
 -87.950661   38.320114
 -87.949966   38.318672
 -87.954903   38.316818
 -87.958183   38.319405
 -87.954887   38.335136
 -87.957848   38.347630
 -87.967117   38.353279
 -87.977196   38.377792
 -87.976730   38.384224
 -87.973038   38.389305
 -87.964928   38.391026
 -87.965820   38.395283
 -87.972076   38.394958
 -87.975983   38.400566
 -87.970398   38.402172
 -87.970200   38.410595
 -87.965897   38.411194
 -87.959763   38.420029
 -87.952225   38.418060
 -87.950768   38.423233
 -87.955566   38.425201
 -87.950966   38.425865
 -87.947479   38.429394
 -87.951904   38.429985
 -87.952599   38.431999
 -87.950890   38.436703
 -87.947525   38.438213
 -87.948990   38.442051
 -87.944496   38.442909
 -87.948944   38.445507
 -87.944572   38.445755
 -87.946732   38.449078
 -87.942856   38.449581
 -87.948471   38.453262
 -87.943207   38.456425
 -87.947281   38.458485
 -87.941696   38.461575
 -87.948181   38.463470
 -87.944046   38.467342
 -87.947510   38.468304
 -87.944984   38.472515
 -87.948540   38.471348
 -87.950485   38.476273
 -87.947441   38.476257
 -87.948074   38.479038
 -87.952530   38.479446
 -87.953018   38.481995
 -87.948975   38.486225
 -87.951889   38.485310
 -87.950874   38.488537
 -87.955650   38.489613
 -87.953285   38.493092
 -87.956787   38.497051
 -87.952965   38.500717
 -87.953781   38.503895
 -87.947556   38.505844
 -87.948624   38.508545
 -87.949532   38.506367
 -87.952240   38.507420
 -87.953255   38.510807
 -87.948227   38.514336
 -87.955009   38.514996
 -87.952965   38.519577
 -87.946999   38.521706
 -87.941963   38.528114
 -87.937065   38.528137
 -87.938400   38.533493
 -87.941521   38.533978
 -87.939278   38.536308
 -87.944839   38.539558
 -87.943535   38.541367
 -87.952599   38.543655
 -87.950493   38.547134
 -87.954376   38.553246
 -87.952393   38.556866
 -87.958542   38.561600
 -87.958290   38.566635

Warren
IL
7
 -90.785149   41.068710
 -90.550354   41.064003
 -90.439278   41.063980
 -90.444153   40.714626
 -90.445374   40.627804
 -90.672882   40.631363
 -90.789452   40.635685

Washington
IL
143
 -89.143822   38.503040
 -89.144226   38.473942
 -89.147346   38.212849
 -89.407379   38.214561
 -89.592712   38.219151
 -89.703156   38.219273
 -89.704391   38.418415
 -89.700851   38.415874
 -89.694771   38.416744
 -89.692795   38.420498
 -89.696602   38.425186
 -89.689072   38.426468
 -89.686600   38.429741
 -89.683952   38.428207
 -89.685661   38.425163
 -89.677177   38.425163
 -89.677757   38.432030
 -89.672554   38.429371
 -89.674416   38.434200
 -89.667023   38.432346
 -89.668358   38.441704
 -89.665016   38.444885
 -89.645065   38.441746
 -89.643753   38.444077
 -89.646515   38.447735
 -89.639824   38.445354
 -89.637405   38.446316
 -89.638107   38.449909
 -89.632874   38.447662
 -89.634384   38.451691
 -89.629555   38.449787
 -89.627365   38.451984
 -89.628700   38.463627
 -89.625618   38.463696
 -89.625397   38.460423
 -89.622498   38.461334
 -89.613976   38.473034
 -89.593208   38.475533
 -89.580460   38.479542
 -89.577553   38.483112
 -89.573914   38.477848
 -89.573036   38.482517
 -89.568794   38.481213
 -89.565094   38.482815
 -89.568146   38.476089
 -89.560120   38.477551
 -89.559006   38.474968
 -89.557762   38.477577
 -89.551933   38.478191
 -89.552025   38.475655
 -89.549286   38.477005
 -89.546555   38.474625
 -89.540649   38.474396
 -89.541664   38.479336
 -89.538345   38.481121
 -89.531013   38.478970
 -89.528069   38.480820
 -89.527931   38.477207
 -89.524467   38.479240
 -89.519958   38.474781
 -89.512711   38.472557
 -89.507240   38.474728
 -89.489998   38.471642
 -89.492882   38.475456
 -89.489334   38.477036
 -89.489182   38.474545
 -89.483833   38.473289
 -89.480835   38.468624
 -89.469421   38.473206
 -89.467339   38.476017
 -89.455170   38.479679
 -89.455223   38.482677
 -89.448357   38.489223
 -89.434479   38.490688
 -89.434128   38.494438
 -89.428101   38.498856
 -89.417801   38.494415
 -89.410172   38.487370
 -89.405777   38.495579
 -89.401405   38.494209
 -89.400414   38.489082
 -89.395561   38.490223
 -89.398262   38.494663
 -89.388947   38.494179
 -89.387840   38.496948
 -89.384995   38.494316
 -89.382195   38.497288
 -89.379402   38.496876
 -89.379982   38.494293
 -89.375351   38.499344
 -89.371918   38.500397
 -89.372307   38.496780
 -89.370934   38.498730
 -89.366829   38.497952
 -89.368652   38.500431
 -89.364876   38.501186
 -89.367584   38.505169
 -89.360542   38.506496
 -89.365608   38.508465
 -89.363106   38.510342
 -89.358910   38.508949
 -89.360168   38.516472
 -89.356995   38.514874
 -89.358101   38.517757
 -89.354805   38.516430
 -89.351410   38.518559
 -89.345253   38.514465
 -89.345543   38.510117
 -89.345253   38.512405
 -89.342255   38.510231
 -89.338150   38.513325
 -89.338150   38.510921
 -89.333611   38.512203
 -89.328545   38.510326
 -89.325661   38.513306
 -89.325691   38.511448
 -89.322662   38.512707
 -89.323036   38.510605
 -89.316315   38.508587
 -89.315033   38.511379
 -89.311012   38.512295
 -89.307640   38.508747
 -89.307114   38.510326
 -89.299713   38.510834
 -89.301231   38.508266
 -89.297791   38.508907
 -89.298111   38.505684
 -89.293510   38.504860
 -89.294533   38.507168
 -89.292122   38.507740
 -89.288979   38.505222
 -89.289642   38.508427
 -89.284485   38.509319
 -89.284203   38.506458
 -89.279800   38.507759
 -89.279480   38.505451
 -89.276855   38.507576
 -89.275963   38.504787
 -89.272728   38.507095
 -89.272377   38.504372
 -89.264046   38.510204
 -89.260323   38.507229
 -89.257874   38.508305

Wayne
IL
10
 -88.698402   38.606174
 -88.584579   38.607380
 -88.253807   38.599457
 -88.148010   38.597939
 -88.147537   38.568874
 -88.150749   38.255978
 -88.250000   38.257053
 -88.370483   38.255077
 -88.702332   38.256603
 -88.698944   38.474846

White
IL
85
 -87.990570   38.259666
 -87.987877   38.256912
 -87.979759   38.241615
 -87.983704   38.230309
 -87.985596   38.217949
 -87.982735   38.206661
 -87.969833   38.191738
 -87.937134   38.172146
 -87.933731   38.164307
 -87.934608   38.156704
 -87.925934   38.159294
 -87.925201   38.170589
 -87.921700   38.173759
 -87.917267   38.174126
 -87.913055   38.171486
 -87.911011   38.162148
 -87.917686   38.155846
 -87.927872   38.151600
 -87.925781   38.143589
 -87.935104   38.139385
 -87.945442   38.126572
 -87.954834   38.132580
 -87.966362   38.132462
 -87.972969   38.125000
 -87.976028   38.109528
 -87.983040   38.107101
 -87.998192   38.108513
 -88.015083   38.101364
 -88.016777   38.095673
 -88.014122   38.088779
 -88.011360   38.084644
 -88.006691   38.083881
 -87.960197   38.099850
 -87.956635   38.086155
 -87.967201   38.067059
 -87.978706   38.059772
 -88.001305   38.051498
 -88.029999   38.052101
 -88.037804   38.050201
 -88.042107   38.046299
 -88.041504   38.037300
 -88.034103   38.032001
 -88.017601   38.034698
 -88.007904   38.030800
 -88.008598   38.027500
 -88.016907   38.023998
 -88.021004   38.019299
 -88.025803   38.007198
 -88.012543   37.977016
 -88.012894   37.966499
 -88.020844   37.959309
 -88.036758   37.956749
 -88.036095   37.942699
 -88.030312   37.931015
 -88.034035   37.926117
 -88.044960   37.925060
 -88.057098   37.934109
 -88.067528   37.930168
 -88.069435   37.925659
 -88.062210   37.917850
 -88.020790   37.913712
 -88.013329   37.894810
 -88.014320   37.891872
 -88.020256   37.888008
 -88.031250   37.892921
 -88.055344   37.891193
 -88.071419   37.895767
 -88.086205   37.905666
 -88.092621   37.906151
 -88.097725   37.903980
 -88.097855   37.901470
 -88.092125   37.890903
 -88.097954   37.890083
 -88.097443   37.893311
 -88.101151   37.894154
 -88.103722   37.898952
 -88.113342   37.905712
 -88.136017   37.915981
 -88.136604   37.907543
 -88.374474   37.908386
 -88.370483   38.255077
 -88.250000   38.257053
 -88.150749   38.255978
 -88.027725   38.255630
 -88.027664   38.259724

Whiteside
IL
55
 -90.151855   41.928890
 -89.909760   41.931641
 -89.686523   41.930634
 -89.629044   41.930027
 -89.629684   41.901726
 -89.631378   41.584892
 -89.862320   41.583744
 -90.185486   41.584621
 -90.183556   41.590157
 -90.170303   41.591728
 -90.165009   41.595711
 -90.166008   41.609779
 -90.160568   41.617836
 -90.159760   41.630463
 -90.162346   41.635494
 -90.173119   41.637371
 -90.173790   41.640038
 -90.163696   41.639183
 -90.161110   41.643894
 -90.164658   41.647655
 -90.170166   41.648663
 -90.173576   41.654926
 -90.189186   41.663223
 -90.229622   41.675343
 -90.236053   41.679462
 -90.226730   41.683445
 -90.225975   41.686901
 -90.226547   41.692497
 -90.231934   41.691853
 -90.231033   41.695728
 -90.236511   41.696281
 -90.237030   41.699535
 -90.245590   41.703506
 -90.239746   41.706612
 -90.233963   41.724979
 -90.238541   41.727238
 -90.234573   41.736080
 -90.236382   41.740715
 -90.239304   41.742455
 -90.244141   41.740353
 -90.243042   41.744293
 -90.247795   41.746849
 -90.246582   41.754726
 -90.242622   41.759930
 -90.236649   41.762569
 -90.239998   41.764935
 -90.247040   41.762581
 -90.242256   41.782936
 -90.216759   41.795303
 -90.187843   41.803135
 -90.181847   41.807041
 -90.183640   41.836212
 -90.172882   41.857376
 -90.169914   41.876411
 -90.153458   41.906590

Will
IL
16
 -88.261398   41.724499
 -88.030502   41.728901
 -88.029106   41.685501
 -88.027603   41.641499
 -87.912003   41.643902
 -87.909401   41.556702
 -87.792702   41.558601
 -87.792198   41.538300
 -87.790199   41.539799
 -87.790398   41.469898
 -87.525635   41.470081
 -87.526733   41.298145
 -88.013847   41.292236
 -88.011726   41.205566
 -88.244293   41.201302
 -88.251999   41.462799

Williamson
IL
7
 -89.151093   37.861946
 -88.706810   37.863293
 -88.708488   37.599228
 -88.818832   37.600628
 -88.850304   37.597198
 -89.041328   37.596527
 -89.153595   37.600422

Winnebago
IL
7
 -89.401321   42.500423
 -89.365921   42.500263
 -88.940285   42.495033
 -88.939613   42.152321
 -89.172928   42.150272
 -89.172508   42.204224
 -89.396133   42.202126

Woodford
IL
28
 -89.047508   40.925919
 -88.931343   40.927773
 -88.929344   40.753246
 -88.986855   40.752323
 -88.984627   40.664921
 -89.045242   40.663727
 -89.043945   40.627403
 -89.101486   40.625000
 -89.101059   40.612289
 -89.134132   40.611469
 -89.133675   40.596699
 -89.269241   40.594234
 -89.269852   40.616058
 -89.327240   40.615353
 -89.330078   40.748287
 -89.554901   40.747601
 -89.555603   40.764702
 -89.563797   40.784000
 -89.561363   40.795589
 -89.554176   40.808830
 -89.544861   40.814945
 -89.528191   40.835583
 -89.524879   40.849201
 -89.499481   40.875000
 -89.488373   40.899265
 -89.475136   40.912704
 -89.472237   40.921173
 -89.160202   40.926765

