 -88.097855   37.771702
 -84.785172   41.760723
92

Adams
IN
5
 -85.073906   40.917801
 -84.802979   40.922329
 -84.802162   40.728115
 -84.802307   40.572166
 -85.068512   40.568195

Allen
IN
11
 -85.192131   41.264236
 -84.803627   41.271027
 -84.803535   41.252480
 -84.803352   40.989159
 -84.802979   40.922329
 -85.073906   40.917801
 -85.335999   40.917000
 -85.335304   41.005299
 -85.338577   41.179073
 -85.309860   41.179211
 -85.307777   41.264023

Bartholomew
IN
24
 -85.952019   39.347221
 -85.684761   39.349796
 -85.686890   39.130581
 -85.799858   39.128845
 -85.799057   39.068241
 -85.804489   39.070480
 -85.812241   39.070873
 -85.812820   39.068493
 -85.817551   39.070435
 -85.820137   39.068352
 -85.823776   39.069157
 -85.828529   39.063389
 -85.842239   39.062904
 -85.847664   39.059174
 -85.847305   39.055149
 -85.852913   39.055202
 -85.857758   39.049881
 -85.862473   39.048866
 -85.859116   39.043060
 -85.861099   39.040787
 -86.079926   39.035851
 -86.080292   39.050220
 -86.079445   39.112640
 -86.085609   39.344139

Benton
IN
7
 -87.267319   40.736477
 -87.098572   40.736504
 -87.095230   40.562855
 -87.093666   40.475712
 -87.526482   40.477123
 -87.526360   40.491539
 -87.526108   40.736916

Blackford
IN
7
 -85.447037   40.566662
 -85.201241   40.567047
 -85.200867   40.479450
 -85.206520   40.479359
 -85.206734   40.379223
 -85.219925   40.379131
 -85.444359   40.379101

Boone
IN
6
 -86.695801   40.178619
 -86.430023   40.176968
 -86.242302   40.180740
 -86.240707   39.925900
 -86.326302   39.924000
 -86.695198   39.922779

Brown
IN
9
 -86.251694   39.341625
 -86.085609   39.344139
 -86.079445   39.112640
 -86.080292   39.050220
 -86.318146   39.048759
 -86.370071   39.048328
 -86.372398   39.251026
 -86.379944   39.251160
 -86.381401   39.339703

Carroll
IN
27
 -86.771286   40.562050
 -86.774452   40.663986
 -86.758286   40.664246
 -86.756897   40.669338
 -86.745438   40.674583
 -86.742256   40.679558
 -86.744232   40.682438
 -86.751228   40.677505
 -86.758575   40.676941
 -86.762169   40.679485
 -86.748695   40.688370
 -86.754356   40.689732
 -86.755821   40.695194
 -86.761925   40.700054
 -86.758682   40.710163
 -86.747261   40.717106
 -86.757515   40.723721
 -86.752663   40.733829
 -86.747749   40.737499
 -86.581734   40.735725
 -86.525047   40.735405
 -86.525101   40.692341
 -86.373520   40.692558
 -86.374268   40.561287
 -86.375771   40.431816
 -86.694603   40.431980
 -86.695343   40.561840

Cass
IN
9
 -86.581520   40.910904
 -86.468506   40.909805
 -86.169075   40.909603
 -86.165085   40.562675
 -86.374268   40.561287
 -86.373520   40.692558
 -86.525101   40.692341
 -86.525047   40.735405
 -86.581734   40.735725

Clark
IN
70
 -85.570038   38.606194
 -85.496674   38.606812
 -85.496429   38.592255
 -85.478745   38.592442
 -85.478798   38.586117
 -85.428177   38.586300
 -85.416214   38.564888
 -85.415642   38.546280
 -85.423119   38.531521
 -85.433174   38.523853
 -85.462563   38.512539
 -85.472267   38.506214
 -85.482933   38.485641
 -85.498901   38.468182
 -85.536583   38.456020
 -85.580429   38.452297
 -85.603874   38.442032
 -85.620560   38.423038
 -85.638000   38.380482
 -85.638817   38.361378
 -85.653679   38.327042
 -85.675056   38.301247
 -85.683601   38.295399
 -85.744904   38.267101
 -85.761101   38.272499
 -85.766602   38.277599
 -85.765999   38.280399
 -85.773399   38.286098
 -85.791603   38.288502
 -85.791153   38.298176
 -85.796303   38.306599
 -85.788101   38.308601
 -85.794197   38.313400
 -85.783501   38.321301
 -85.794601   38.325100
 -85.796783   38.333408
 -85.783218   38.331856
 -85.783684   38.335281
 -85.789520   38.337360
 -85.789780   38.339329
 -85.783806   38.338558
 -85.779999   38.342384
 -85.769730   38.343712
 -85.768082   38.346863
 -85.760780   38.350208
 -85.781235   38.374065
 -85.783745   38.372719
 -85.808929   38.400578
 -85.808418   38.404350
 -85.966911   38.403393
 -85.967041   38.410786
 -85.994659   38.410881
 -85.994690   38.418289
 -85.993347   38.488480
 -85.956223   38.488895
 -85.957130   38.501888
 -85.884811   38.503407
 -85.884735   38.518093
 -85.866295   38.518364
 -85.866379   38.547035
 -85.847618   38.547081
 -85.847931   38.561207
 -85.821190   38.561359
 -85.821495   38.575394
 -85.812195   38.575493
 -85.812378   38.582851
 -85.803024   38.582951
 -85.803177   38.590206
 -85.793655   38.590279
 -85.793610   38.604767

Clay
IN
11
 -87.198997   39.607101
 -87.012909   39.604733
 -87.014931   39.473717
 -86.939964   39.473305
 -86.942467   39.341999
 -87.053673   39.342579
 -87.054565   39.168045
 -87.240723   39.171734
 -87.240372   39.258961
 -87.238853   39.520508
 -87.200089   39.519695

Clinton
IN
12
 -86.694603   40.431980
 -86.375771   40.431816
 -86.309502   40.431637
 -86.309326   40.388321
 -86.280838   40.388317
 -86.280846   40.373791
 -86.242996   40.373833
 -86.242722   40.215813
 -86.242302   40.180740
 -86.430023   40.176968
 -86.695801   40.178619
 -86.695770   40.214336

Crawford
IN
99
 -86.308693   38.422817
 -86.254883   38.422623
 -86.264732   38.410866
 -86.251938   38.406532
 -86.251656   38.395107
 -86.254417   38.394306
 -86.260117   38.397953
 -86.261314   38.394287
 -86.245628   38.388103
 -86.252304   38.383160
 -86.258438   38.389572
 -86.261086   38.381241
 -86.258018   38.366867
 -86.248344   38.363365
 -86.252739   38.355350
 -86.247108   38.349747
 -86.251167   38.348717
 -86.253784   38.352402
 -86.261864   38.356113
 -86.265083   38.361977
 -86.271248   38.361015
 -86.273666   38.355934
 -86.281776   38.349644
 -86.275475   38.349594
 -86.271461   38.341949
 -86.276573   38.339752
 -86.273735   38.329655
 -86.277115   38.326889
 -86.273445   38.321484
 -86.277023   38.320339
 -86.280746   38.322426
 -86.285469   38.331924
 -86.287537   38.329132
 -86.283295   38.324642
 -86.289604   38.316338
 -86.276245   38.308643
 -86.278511   38.302418
 -86.275871   38.300514
 -86.269447   38.307953
 -86.259628   38.306324
 -86.264954   38.303078
 -86.264839   38.295181
 -86.254906   38.296413
 -86.253082   38.292103
 -86.257561   38.283775
 -86.265800   38.286228
 -86.269089   38.278515
 -86.276863   38.286442
 -86.280350   38.284927
 -86.274841   38.280235
 -86.276756   38.234020
 -86.276985   38.227135
 -86.283600   38.220982
 -86.292824   38.224644
 -86.297791   38.221874
 -86.297935   38.218857
 -86.288971   38.213566
 -86.290215   38.210773
 -86.295471   38.209057
 -86.290192   38.202003
 -86.293701   38.201321
 -86.296631   38.203701
 -86.307854   38.201595
 -86.310730   38.189373
 -86.318245   38.188202
 -86.309906   38.182011
 -86.310638   38.179611
 -86.315071   38.177860
 -86.325714   38.182640
 -86.329933   38.181515
 -86.345955   38.193913
 -86.360550   38.198601
 -86.373749   38.193325
 -86.378571   38.181938
 -86.376907   38.170361
 -86.369202   38.163597
 -86.341019   38.159069
 -86.324051   38.152813
 -86.321449   38.146412
 -86.323479   38.138969
 -86.332588   38.130070
 -86.343819   38.128014
 -86.375343   38.130566
 -86.379799   38.129211
 -86.387238   38.124569
 -86.396240   38.107723
 -86.401680   38.105331
 -86.405090   38.105736
 -86.416977   38.116840
 -86.433426   38.126534
 -86.449814   38.127159
 -86.462341   38.120007
 -86.460449   38.206764
 -86.571671   38.207474
 -86.570152   38.266270
 -86.679520   38.263027
 -86.681435   38.394711
 -86.500000   38.396507
 -86.308891   38.394009

Daviess
IN
200
 -87.098763   38.903927
 -87.031425   38.902470
 -86.904190   38.904163
 -86.904221   38.817463
 -86.922935   38.817192
 -86.924179   38.504559
 -86.936592   38.504211
 -86.940208   38.499660
 -86.939774   38.494972
 -86.949966   38.490318
 -86.955963   38.492111
 -86.955887   38.502941
 -86.964691   38.504539
 -86.977989   38.502335
 -86.995216   38.513504
 -87.002411   38.508492
 -87.012329   38.512207
 -87.023422   38.507175
 -87.033142   38.512131
 -87.045074   38.510815
 -87.055008   38.502247
 -87.061203   38.500652
 -87.064774   38.502491
 -87.072365   38.514652
 -87.083145   38.511864
 -87.086693   38.512794
 -87.081833   38.520622
 -87.092491   38.522594
 -87.097038   38.531044
 -87.107658   38.537655
 -87.118271   38.535175
 -87.118980   38.527359
 -87.123215   38.525051
 -87.135490   38.531872
 -87.139107   38.526222
 -87.135361   38.519104
 -87.149956   38.515568
 -87.156151   38.518715
 -87.153946   38.525974
 -87.155975   38.528599
 -87.162338   38.532383
 -87.170273   38.531792
 -87.173683   38.541611
 -87.182465   38.547531
 -87.205490   38.552044
 -87.220940   38.538780
 -87.235466   38.544930
 -87.242058   38.544888
 -87.237427   38.552341
 -87.248322   38.559490
 -87.239204   38.560078
 -87.237251   38.563076
 -87.245277   38.568352
 -87.247757   38.570896
 -87.239655   38.573425
 -87.237381   38.579433
 -87.238777   38.582233
 -87.246124   38.582291
 -87.249046   38.585625
 -87.249069   38.590202
 -87.245087   38.595535
 -87.248573   38.599503
 -87.241035   38.600945
 -87.239304   38.604500
 -87.245369   38.603634
 -87.246910   38.607681
 -87.255119   38.612740
 -87.250000   38.615196
 -87.244347   38.610283
 -87.238815   38.610500
 -87.240822   38.618481
 -87.252945   38.631409
 -87.249046   38.635620
 -87.240753   38.632160
 -87.235970   38.635002
 -87.242058   38.637367
 -87.243500   38.644127
 -87.250000   38.645123
 -87.252243   38.648094
 -87.249138   38.652946
 -87.239143   38.647682
 -87.240715   38.653042
 -87.238655   38.658833
 -87.241676   38.660671
 -87.250717   38.654316
 -87.255257   38.654713
 -87.258751   38.661396
 -87.246895   38.673225
 -87.245972   38.677837
 -87.250000   38.678795
 -87.252312   38.676880
 -87.256966   38.665909
 -87.258881   38.666168
 -87.263145   38.674198
 -87.273407   38.681103
 -87.272446   38.683212
 -87.261078   38.686646
 -87.279404   38.692513
 -87.267342   38.700218
 -87.269615   38.708382
 -87.257034   38.718815
 -87.262329   38.728355
 -87.261665   38.733070
 -87.259109   38.733742
 -87.258347   38.729847
 -87.253883   38.729862
 -87.251534   38.725960
 -87.247711   38.726555
 -87.246994   38.728844
 -87.254601   38.732075
 -87.254471   38.735607
 -87.247986   38.742111
 -87.241280   38.740288
 -87.238091   38.742264
 -87.244911   38.744930
 -87.244919   38.748688
 -87.252953   38.756718
 -87.247887   38.758186
 -87.243858   38.750000
 -87.239029   38.749821
 -87.244583   38.758198
 -87.239281   38.766617
 -87.243141   38.768791
 -87.254593   38.764805
 -87.257759   38.770630
 -87.255539   38.778660
 -87.243355   38.779083
 -87.240112   38.782032
 -87.242714   38.797844
 -87.240875   38.801491
 -87.246582   38.807655
 -87.241447   38.817432
 -87.238922   38.819595
 -87.233871   38.816570
 -87.238708   38.813820
 -87.237160   38.810860
 -87.231445   38.813534
 -87.227287   38.812923
 -87.227264   38.804131
 -87.220741   38.811340
 -87.215546   38.811790
 -87.218872   38.821564
 -87.215919   38.823616
 -87.210983   38.820854
 -87.212639   38.807457
 -87.203072   38.815102
 -87.205330   38.820755
 -87.203659   38.825554
 -87.197929   38.824276
 -87.195351   38.815346
 -87.192230   38.814644
 -87.189789   38.823116
 -87.197182   38.826515
 -87.196960   38.830112
 -87.191536   38.830845
 -87.187965   38.825153
 -87.186028   38.834538
 -87.175919   38.829319
 -87.172417   38.829803
 -87.173332   38.839485
 -87.177063   38.842323
 -87.185089   38.843388
 -87.185913   38.845768
 -87.183624   38.847393
 -87.174751   38.844749
 -87.170708   38.846771
 -87.154793   38.843136
 -87.150185   38.838581
 -87.144691   38.839466
 -87.140556   38.843468
 -87.142281   38.847046
 -87.139519   38.850300
 -87.143402   38.853920
 -87.140999   38.860237
 -87.147224   38.866634
 -87.143700   38.867317
 -87.132797   38.859524
 -87.127113   38.858894
 -87.127434   38.862705
 -87.133163   38.863960
 -87.135483   38.872757
 -87.130951   38.875221
 -87.124107   38.869392
 -87.119873   38.873730
 -87.125000   38.882858
 -87.129906   38.884144
 -87.129295   38.889057
 -87.124390   38.890980
 -87.118103   38.886829
 -87.113853   38.887615
 -87.113960   38.890591
 -87.122978   38.895672
 -87.119576   38.899147
 -87.116142   38.898579
 -87.112709   38.893932
 -87.108398   38.894623
 -87.103722   38.901085
 -87.098381   38.897102
 -87.091637   38.897495
 -87.091362   38.901546

DeKalb
IN
5
 -85.193954   41.526676
 -84.804771   41.530182
 -84.804001   41.426079
 -84.803627   41.271027
 -85.192131   41.264236

Dearborn
IN
56
 -85.065659   39.307003
 -84.819504   39.305099
 -84.819397   39.305099
 -84.820206   39.105423
 -84.831245   39.101864
 -84.860733   39.078083
 -84.888924   39.066319
 -84.895256   39.060909
 -84.897224   39.052353
 -84.887970   39.039345
 -84.877914   39.030941
 -84.897675   39.013763
 -84.912865   39.018993
 -84.920845   39.014050
 -84.926155   39.014656
 -84.937134   39.005375
 -84.943161   39.008724
 -84.946678   39.006557
 -84.944496   39.000000
 -84.947258   39.002220
 -84.946472   38.998405
 -84.953415   38.998905
 -84.953918   38.994831
 -84.961220   38.994602
 -84.964294   38.997715
 -84.970184   38.992451
 -84.983704   38.997890
 -84.985199   38.994873
 -84.997513   38.996765
 -85.001991   38.987381
 -85.003616   38.975163
 -85.008652   38.979122
 -85.019585   38.982471
 -85.024719   38.974442
 -85.041565   38.975342
 -85.051247   38.966850
 -85.046120   38.956619
 -85.054527   38.959507
 -85.058250   38.958038
 -85.060158   38.947929
 -85.066666   38.949963
 -85.064606   38.954884
 -85.068130   38.957081
 -85.072083   38.948063
 -85.076889   38.948315
 -85.082687   38.952183
 -85.096397   38.935383
 -85.103722   38.940464
 -85.113770   38.936089
 -85.118805   38.937141
 -85.120918   38.944366
 -85.113403   38.952747
 -85.114136   38.956089
 -85.120956   38.955788
 -85.127693   38.949081
 -85.132553   38.948002

Decatur
IN
8
 -85.629700   39.452961
 -85.297623   39.453098
 -85.296577   39.268242
 -85.440086   39.195568
 -85.566353   39.132710
 -85.686890   39.130581
 -85.684761   39.349796
 -85.630653   39.350063

Delaware
IN
6
 -85.444359   40.379101
 -85.219925   40.379131
 -85.218796   40.306664
 -85.214424   40.076885
 -85.576202   40.077099
 -85.578537   40.379471

Dubois
IN
38
 -86.924179   38.504559
 -86.921280   38.498638
 -86.915817   38.496208
 -86.900589   38.501053
 -86.891075   38.495468
 -86.878929   38.494873
 -86.871109   38.505264
 -86.855705   38.509056
 -86.844437   38.514683
 -86.836441   38.522160
 -86.837608   38.526421
 -86.682365   38.526199
 -86.681435   38.394711
 -86.679520   38.263027
 -86.679008   38.248005
 -86.792160   38.249039
 -86.791504   38.205074
 -87.017418   38.203510
 -87.073143   38.203773
 -87.073067   38.232544
 -87.072365   38.514652
 -87.064774   38.502491
 -87.061203   38.500652
 -87.055008   38.502247
 -87.045074   38.510815
 -87.033142   38.512131
 -87.023422   38.507175
 -87.012329   38.512207
 -87.002411   38.508492
 -86.995216   38.513504
 -86.977989   38.502335
 -86.964691   38.504539
 -86.955887   38.502941
 -86.955963   38.492111
 -86.949966   38.490318
 -86.939774   38.494972
 -86.940208   38.499660
 -86.936592   38.504211

Elkhart
IN
8
 -85.791367   41.758999
 -85.659813   41.759048
 -85.654839   41.523327
 -85.653603   41.436810
 -85.817154   41.434841
 -86.058937   41.435764
 -86.059334   41.479046
 -86.062653   41.760544

Fayette
IN
7
 -85.301559   39.787483
 -85.221107   39.788422
 -85.183411   39.788334
 -85.184982   39.715450
 -85.034508   39.714531
 -85.036125   39.526165
 -85.298203   39.525311

Floyd
IN
50
 -86.032845   38.417835
 -85.994690   38.418289
 -85.994659   38.410881
 -85.967041   38.410786
 -85.966911   38.403393
 -85.808418   38.404350
 -85.808929   38.400578
 -85.783745   38.372719
 -85.781235   38.374065
 -85.760780   38.350208
 -85.768082   38.346863
 -85.769730   38.343712
 -85.779999   38.342384
 -85.783806   38.338558
 -85.789780   38.339329
 -85.789520   38.337360
 -85.783684   38.335281
 -85.783218   38.331856
 -85.796783   38.333408
 -85.794601   38.325100
 -85.783501   38.321301
 -85.794197   38.313400
 -85.788101   38.308601
 -85.796303   38.306599
 -85.791153   38.298176
 -85.791603   38.288502
 -85.816200   38.282902
 -85.829399   38.276699
 -85.838104   38.257301
 -85.839706   38.239700
 -85.845505   38.230202
 -85.851471   38.223122
 -85.880302   38.203300
 -85.894798   38.188400
 -85.900673   38.178288
 -85.900642   38.185631
 -85.922783   38.188511
 -85.957695   38.188686
 -85.957504   38.201969
 -85.955086   38.202000
 -85.955086   38.260433
 -85.973457   38.260609
 -85.973488   38.275200
 -85.992081   38.275311
 -85.992271   38.287937
 -85.995453   38.288063
 -85.995232   38.302353
 -86.014137   38.301586
 -86.014442   38.330666
 -86.032593   38.330597

Fountain
IN
48
 -87.092140   40.366398
 -87.092201   40.214767
 -87.091003   39.952969
 -87.420212   39.952415
 -87.421890   39.956303
 -87.430672   39.954807
 -87.440086   39.960644
 -87.431717   39.968651
 -87.427444   39.980171
 -87.427719   39.986664
 -87.433365   39.994152
 -87.435387   40.023472
 -87.431366   40.032887
 -87.424461   40.039303
 -87.431488   40.047710
 -87.420990   40.053875
 -87.417427   40.058647
 -87.412125   40.086472
 -87.413605   40.096355
 -87.407394   40.108669
 -87.406654   40.127472
 -87.406342   40.141159
 -87.432045   40.152351
 -87.438759   40.164421
 -87.419891   40.192219
 -87.403862   40.195995
 -87.392975   40.202690
 -87.358391   40.210495
 -87.353096   40.215889
 -87.347916   40.216763
 -87.344749   40.221676
 -87.334023   40.226864
 -87.329887   40.234108
 -87.319099   40.240437
 -87.314461   40.248276
 -87.295288   40.256287
 -87.280495   40.279312
 -87.249634   40.299000
 -87.244888   40.309216
 -87.234085   40.310703
 -87.205223   40.322617
 -87.187599   40.326359
 -87.170120   40.334797
 -87.154137   40.334682
 -87.134590   40.339233
 -87.106216   40.354660
 -87.104362   40.360367
 -87.097305   40.366318

Franklin
IN
11
 -85.298203   39.525311
 -85.036125   39.526165
 -85.022606   39.526070
 -85.022980   39.524349
 -84.815399   39.521900
 -84.819504   39.305099
 -85.065659   39.307003
 -85.065331   39.309864
 -85.217918   39.308426
 -85.296577   39.268242
 -85.297623   39.453098

Fulton
IN
10
 -86.467041   41.171577
 -86.077339   41.172829
 -86.075867   41.084846
 -86.018387   41.086121
 -86.018661   41.041832
 -85.945656   41.042820
 -85.946411   40.999157
 -86.168312   40.996246
 -86.169075   40.909603
 -86.468506   40.909805

Gibson
IN
148
 -87.743668   38.414341
 -87.735718   38.416840
 -87.721825   38.416348
 -87.708626   38.418613
 -87.680824   38.431717
 -87.674210   38.428852
 -87.664139   38.430828
 -87.662064   38.436668
 -87.671753   38.441105
 -87.673088   38.447632
 -87.664024   38.449020
 -87.657433   38.457520
 -87.650970   38.456463
 -87.655212   38.452179
 -87.652237   38.449261
 -87.644371   38.455124
 -87.638580   38.454857
 -87.637901   38.446083
 -87.633179   38.442688
 -87.623528   38.449024
 -87.611313   38.446659
 -87.599297   38.450676
 -87.590172   38.462418
 -87.589027   38.470097
 -87.580086   38.483562
 -87.587357   38.492123
 -87.584610   38.498680
 -87.580696   38.499680
 -87.573540   38.491032
 -87.558136   38.489811
 -87.540939   38.491848
 -87.540535   38.496872
 -87.549438   38.511600
 -87.546669   38.516312
 -87.540497   38.518349
 -87.533806   38.517181
 -87.529213   38.512600
 -87.533180   38.503513
 -87.531090   38.498688
 -87.516121   38.503765
 -87.501289   38.495983
 -87.494865   38.495770
 -87.490082   38.506390
 -87.478737   38.510082
 -87.469742   38.517467
 -87.478592   38.523823
 -87.479134   38.527431
 -87.476082   38.527969
 -87.468750   38.522400
 -87.462875   38.533470
 -87.462944   38.465267
 -87.444435   38.465351
 -87.444397   38.436077
 -87.407242   38.436275
 -87.407471   38.375443
 -87.402954   38.377193
 -87.403107   38.374660
 -87.398216   38.374580
 -87.397934   38.380390
 -87.396378   38.375927
 -87.393387   38.376255
 -87.393311   38.381596
 -87.387978   38.382847
 -87.388680   38.377163
 -87.385017   38.375484
 -87.385506   38.378448
 -87.381332   38.379459
 -87.379768   38.383354
 -87.376511   38.377090
 -87.372482   38.381523
 -87.371971   38.377251
 -87.369453   38.376965
 -87.368393   38.378948
 -87.364021   38.378956
 -87.364761   38.381569
 -87.362015   38.379860
 -87.357635   38.382366
 -87.356979   38.387634
 -87.353096   38.385483
 -87.347809   38.386189
 -87.349983   38.381771
 -87.344376   38.382320
 -87.339989   38.386887
 -87.337631   38.384151
 -87.340958   38.383831
 -87.341637   38.379738
 -87.339340   38.378754
 -87.338318   38.381798
 -87.333710   38.378986
 -87.330536   38.381626
 -87.327576   38.377930
 -87.323692   38.383381
 -87.322739   38.381069
 -87.325531   38.378662
 -87.320847   38.376991
 -87.319534   38.382648
 -87.315643   38.381432
 -87.317795   38.379120
 -87.315918   38.375000
 -87.316879   38.246029
 -87.317024   38.201710
 -87.466599   38.201180
 -87.467262   38.165421
 -87.688347   38.168423
 -87.688187   38.200954
 -87.799644   38.201900
 -87.799011   38.228470
 -87.983704   38.230309
 -87.979759   38.241615
 -87.987877   38.256912
 -87.981842   38.256401
 -87.972221   38.246990
 -87.968933   38.237343
 -87.960190   38.237072
 -87.957573   38.250000
 -87.942039   38.259251
 -87.942574   38.263302
 -87.951248   38.268703
 -87.952095   38.273716
 -87.950264   38.276749
 -87.940254   38.281021
 -87.934814   38.295101
 -87.921394   38.299297
 -87.914787   38.298962
 -87.909508   38.296017
 -87.908493   38.290913
 -87.919441   38.274502
 -87.917061   38.269657
 -87.910088   38.268063
 -87.897041   38.280087
 -87.887817   38.285252
 -87.879356   38.306461
 -87.870506   38.312176
 -87.864243   38.310658
 -87.860420   38.305328
 -87.866219   38.289936
 -87.862999   38.280128
 -87.856575   38.275475
 -87.851105   38.275078
 -87.843422   38.278130
 -87.836464   38.285439
 -87.831497   38.296680
 -87.832695   38.324806
 -87.822693   38.346867
 -87.806046   38.363094
 -87.786064   38.367603
 -87.779022   38.371597
 -87.750000   38.402981

Grant
IN
9
 -85.638626   40.652935
 -85.448853   40.653564
 -85.447037   40.566662
 -85.444359   40.379101
 -85.578537   40.379471
 -85.862312   40.378338
 -85.862251   40.406822
 -85.863861   40.565548
 -85.864830   40.651806

Greene
IN
11
 -87.240723   39.171734
 -87.054565   39.168045
 -86.682999   39.165699
 -86.682281   38.992355
 -86.682854   38.904648
 -86.904190   38.904163
 -87.031425   38.902470
 -87.098763   38.903927
 -87.129761   38.904636
 -87.129875   38.907269
 -87.240761   38.907818

Hamilton
IN
7
 -86.242722   40.215813
 -85.861961   40.218948
 -85.862503   39.943600
 -85.862396   39.928902
 -85.937599   39.927101
 -86.240707   39.925900
 -86.242302   40.180740

Hancock
IN
12
 -85.862503   39.943600
 -85.576385   39.945824
 -85.577019   39.872444
 -85.596703   39.872883
 -85.596901   39.786518
 -85.633522   39.786133
 -85.633324   39.698486
 -85.951599   39.696999
 -85.954002   39.869598
 -85.937904   39.869701
 -85.937599   39.927101
 -85.862396   39.928902

Harrison
IN
117
 -86.254883   38.422623
 -86.032845   38.417835
 -86.032593   38.330597
 -86.014442   38.330666
 -86.014137   38.301586
 -85.995232   38.302353
 -85.995453   38.288063
 -85.992271   38.287937
 -85.992081   38.275311
 -85.973488   38.275200
 -85.973457   38.260609
 -85.955086   38.260433
 -85.955086   38.202000
 -85.957504   38.201969
 -85.957695   38.188686
 -85.922783   38.188511
 -85.900642   38.185631
 -85.900673   38.178288
 -85.908798   38.161098
 -85.909508   38.139999
 -85.904602   38.100201
 -85.906197   38.086102
 -85.916672   38.064430
 -85.922432   38.028606
 -85.934669   38.014351
 -85.948578   38.006737
 -85.998802   37.999699
 -86.020691   37.996044
 -86.031723   37.990997
 -86.035347   37.982727
 -86.034393   37.964554
 -86.038223   37.959278
 -86.043297   37.957874
 -86.050812   37.960907
 -86.061768   37.971256
 -86.075424   37.996876
 -86.098602   38.010033
 -86.113213   38.014313
 -86.131271   38.015953
 -86.172218   38.009853
 -86.220398   38.027851
 -86.233086   38.039234
 -86.261307   38.052654
 -86.273605   38.067375
 -86.278748   38.089237
 -86.271019   38.132412
 -86.274330   38.141361
 -86.287804   38.157986
 -86.318306   38.173008
 -86.329933   38.181515
 -86.325714   38.182640
 -86.315071   38.177860
 -86.310638   38.179611
 -86.309906   38.182011
 -86.318245   38.188202
 -86.310730   38.189373
 -86.307854   38.201595
 -86.296631   38.203701
 -86.293701   38.201321
 -86.290192   38.202003
 -86.295471   38.209057
 -86.290215   38.210773
 -86.288971   38.213566
 -86.297935   38.218857
 -86.297791   38.221874
 -86.292824   38.224644
 -86.283600   38.220982
 -86.276985   38.227135
 -86.276756   38.234020
 -86.274841   38.280235
 -86.280350   38.284927
 -86.276863   38.286442
 -86.269089   38.278515
 -86.265800   38.286228
 -86.257561   38.283775
 -86.253082   38.292103
 -86.254906   38.296413
 -86.264839   38.295181
 -86.264954   38.303078
 -86.259628   38.306324
 -86.269447   38.307953
 -86.275871   38.300514
 -86.278511   38.302418
 -86.276245   38.308643
 -86.289604   38.316338
 -86.283295   38.324642
 -86.287537   38.329132
 -86.285469   38.331924
 -86.280746   38.322426
 -86.277023   38.320339
 -86.273445   38.321484
 -86.277115   38.326889
 -86.273735   38.329655
 -86.276573   38.339752
 -86.271461   38.341949
 -86.275475   38.349594
 -86.281776   38.349644
 -86.273666   38.355934
 -86.271248   38.361015
 -86.265083   38.361977
 -86.261864   38.356113
 -86.253784   38.352402
 -86.251167   38.348717
 -86.247108   38.349747
 -86.252739   38.355350
 -86.248344   38.363365
 -86.258018   38.366867
 -86.261086   38.381241
 -86.258438   38.389572
 -86.252304   38.383160
 -86.245628   38.388103
 -86.261314   38.394287
 -86.260117   38.397953
 -86.254417   38.394306
 -86.251656   38.395107
 -86.251938   38.406532
 -86.264732   38.410866

Hendricks
IN
18
 -86.695198   39.922779
 -86.326302   39.924000
 -86.325401   39.866001
 -86.328300   39.866001
 -86.326508   39.631802
 -86.465935   39.629990
 -86.465622   39.600822
 -86.656883   39.601124
 -86.653748   39.608082
 -86.650719   39.610756
 -86.647675   39.610046
 -86.647675   39.614647
 -86.642906   39.617805
 -86.644943   39.627480
 -86.641876   39.630016
 -86.687439   39.630280
 -86.686966   39.864765
 -86.695129   39.864826

Henry
IN
12
 -85.576202   40.077099
 -85.214424   40.076885
 -85.213539   40.004337
 -85.201515   40.004475
 -85.200981   39.873741
 -85.220695   39.873554
 -85.221107   39.788422
 -85.301559   39.787483
 -85.596901   39.786518
 -85.596703   39.872883
 -85.577019   39.872444
 -85.576385   39.945824

Howard
IN
11
 -86.165085   40.562675
 -85.863861   40.565548
 -85.862251   40.406822
 -86.242767   40.402882
 -86.242996   40.373833
 -86.280846   40.373791
 -86.280838   40.388317
 -86.309326   40.388321
 -86.309502   40.431637
 -86.375771   40.431816
 -86.374268   40.561287

Huntington
IN
6
 -85.643898   41.002205
 -85.335304   41.005299
 -85.335999   40.917000
 -85.334549   40.654369
 -85.448853   40.653564
 -85.638626   40.652935

Jackson
IN
137
 -86.318146   39.048759
 -86.080292   39.050220
 -86.079926   39.035851
 -85.861099   39.040787
 -85.859116   39.043060
 -85.862473   39.048866
 -85.857758   39.049881
 -85.852913   39.055202
 -85.847305   39.055149
 -85.847664   39.059174
 -85.842239   39.062904
 -85.828529   39.063389
 -85.823776   39.069157
 -85.820137   39.068352
 -85.817551   39.070435
 -85.812820   39.068493
 -85.812241   39.070873
 -85.804489   39.070480
 -85.799057   39.068241
 -85.795387   38.807453
 -85.807266   38.789333
 -85.804573   38.779858
 -85.810600   38.777363
 -85.811920   38.779675
 -85.819458   38.776447
 -85.822327   38.770519
 -85.829834   38.764179
 -85.832375   38.751774
 -85.836937   38.751568
 -85.837868   38.747868
 -85.843063   38.745235
 -85.841629   38.740410
 -85.848175   38.738232
 -85.847534   38.734844
 -85.851448   38.736240
 -85.858315   38.729965
 -85.861122   38.731865
 -85.870903   38.729481
 -85.869591   38.726116
 -85.879677   38.729340
 -85.878799   38.726570
 -85.881432   38.724972
 -85.884155   38.727993
 -85.882339   38.730598
 -85.886566   38.730446
 -85.885750   38.734768
 -85.888496   38.734337
 -85.890167   38.729939
 -85.894226   38.730148
 -85.891800   38.736191
 -85.900475   38.742146
 -85.896935   38.744137
 -85.898422   38.747501
 -85.896194   38.750000
 -85.900620   38.753761
 -85.908943   38.751102
 -85.908478   38.756096
 -85.911194   38.757149
 -85.912636   38.752045
 -85.909615   38.748760
 -85.911781   38.747253
 -85.918617   38.754128
 -85.919563   38.750496
 -85.915375   38.746704
 -85.917603   38.745831
 -85.928032   38.750603
 -85.927216   38.755917
 -85.936096   38.755344
 -85.936890   38.762852
 -85.944954   38.759235
 -85.945305   38.755116
 -85.948402   38.753578
 -85.952354   38.757244
 -85.950447   38.760792
 -85.957787   38.761314
 -85.960892   38.764133
 -85.966148   38.761131
 -85.967896   38.755062
 -85.977753   38.752659
 -85.979820   38.758610
 -85.985619   38.758198
 -85.985298   38.764854
 -85.982231   38.766689
 -85.984283   38.768059
 -85.993370   38.767231
 -85.997810   38.760845
 -86.004974   38.760567
 -86.009621   38.756908
 -86.016815   38.758026
 -86.015289   38.764530
 -86.019295   38.767262
 -86.026016   38.762043
 -86.026810   38.755680
 -86.031860   38.761269
 -86.042221   38.761658
 -86.049629   38.770340
 -86.062401   38.778278
 -86.074272   38.774368
 -86.080971   38.780457
 -86.092560   38.783409
 -86.098190   38.780411
 -86.100677   38.775009
 -86.099297   38.768333
 -86.103279   38.765472
 -86.116447   38.766930
 -86.134697   38.762516
 -86.163589   38.774780
 -86.167610   38.772659
 -86.173615   38.773392
 -86.178734   38.776344
 -86.182152   38.782166
 -86.186729   38.781494
 -86.186707   38.777897
 -86.189896   38.776573
 -86.195847   38.777512
 -86.196991   38.780697
 -86.202377   38.782589
 -86.205544   38.779854
 -86.197670   38.773716
 -86.205315   38.773979
 -86.208313   38.778561
 -86.213173   38.779331
 -86.215057   38.772598
 -86.218506   38.771225
 -86.224167   38.778809
 -86.240822   38.765804
 -86.249077   38.767612
 -86.253456   38.763470
 -86.257141   38.763443
 -86.254120   38.770065
 -86.256332   38.771851
 -86.262650   38.769676
 -86.263046   38.765388
 -86.270683   38.765869
 -86.275299   38.763744
 -86.280426   38.990978
 -86.317490   38.990822

Jasper
IN
21
 -87.218857   41.241989
 -87.192627   41.265087
 -87.131027   41.286259
 -87.121948   41.286327
 -87.059525   41.269547
 -86.984627   41.228027
 -86.976830   41.221603
 -86.967682   41.219978
 -86.939529   41.229321
 -86.930061   41.236912
 -86.930298   41.172325
 -86.930687   40.912464
 -86.987503   40.912174
 -86.986427   40.837883
 -87.099770   40.837593
 -87.098572   40.736504
 -87.267319   40.736477
 -87.269035   40.911446
 -87.276550   40.911404
 -87.275658   41.218636
 -87.226234   41.235493

Jay
IN
10
 -85.068512   40.568195
 -84.802307   40.572166
 -84.804161   40.352798
 -84.803955   40.310066
 -85.218796   40.306664
 -85.219925   40.379131
 -85.206734   40.379223
 -85.206520   40.479359
 -85.200867   40.479450
 -85.201241   40.567047

Jefferson
IN
45
 -85.444939   38.912910
 -85.203209   38.913750
 -85.201538   38.691231
 -85.212021   38.694733
 -85.221169   38.700897
 -85.246239   38.731590
 -85.258888   38.737698
 -85.289268   38.742352
 -85.306099   38.741589
 -85.333138   38.736233
 -85.363869   38.730415
 -85.404465   38.736465
 -85.416672   38.736214
 -85.435249   38.728668
 -85.452148   38.709290
 -85.456520   38.685009
 -85.438782   38.659260
 -85.439240   38.608528
 -85.436218   38.598232
 -85.428177   38.586300
 -85.478798   38.586117
 -85.478745   38.592442
 -85.496429   38.592255
 -85.496674   38.606812
 -85.570038   38.606194
 -85.570969   38.678650
 -85.608231   38.678680
 -85.608704   38.707718
 -85.645798   38.707909
 -85.646248   38.729801
 -85.664314   38.729961
 -85.664391   38.736855
 -85.683372   38.736744
 -85.683868   38.815353
 -85.683289   38.823868
 -85.638298   38.824131
 -85.638237   38.817539
 -85.628891   38.817528
 -85.628883   38.824085
 -85.610634   38.824192
 -85.611031   38.853710
 -85.573730   38.853687
 -85.573776   38.882614
 -85.537476   38.882587
 -85.538239   38.912148

Jennings
IN
45
 -85.686890   39.130581
 -85.566353   39.132710
 -85.440086   39.195568
 -85.444939   38.912910
 -85.538239   38.912148
 -85.537476   38.882587
 -85.573776   38.882614
 -85.573730   38.853687
 -85.611031   38.853710
 -85.610634   38.824192
 -85.628883   38.824085
 -85.628891   38.817528
 -85.638237   38.817539
 -85.638298   38.824131
 -85.683289   38.823868
 -85.683868   38.815353
 -85.694695   38.817417
 -85.697998   38.814602
 -85.699638   38.818100
 -85.703293   38.816521
 -85.706535   38.820145
 -85.706223   38.824348
 -85.712662   38.828400
 -85.719185   38.826176
 -85.718597   38.823406
 -85.723221   38.822971
 -85.733223   38.831757
 -85.735390   38.829926
 -85.730888   38.824547
 -85.742355   38.818642
 -85.746704   38.822857
 -85.747063   38.815357
 -85.749550   38.815350
 -85.751305   38.820122
 -85.753960   38.820721
 -85.758324   38.818775
 -85.757591   38.814701
 -85.767715   38.815323
 -85.771812   38.809326
 -85.776199   38.812901
 -85.779854   38.812511
 -85.783455   38.807087
 -85.795387   38.807453
 -85.799057   39.068241
 -85.799858   39.128845

Johnson
IN
5
 -86.249901   39.633598
 -85.952103   39.638302
 -85.952019   39.347221
 -86.085609   39.344139
 -86.251694   39.341625

Knox
IN
307
 -87.240761   38.907818
 -87.129875   38.907269
 -87.129761   38.904636
 -87.098763   38.903927
 -87.091362   38.901546
 -87.091637   38.897495
 -87.098381   38.897102
 -87.103722   38.901085
 -87.108398   38.894623
 -87.112709   38.893932
 -87.116142   38.898579
 -87.119576   38.899147
 -87.122978   38.895672
 -87.113960   38.890591
 -87.113853   38.887615
 -87.118103   38.886829
 -87.124390   38.890980
 -87.129295   38.889057
 -87.129906   38.884144
 -87.125000   38.882858
 -87.119873   38.873730
 -87.124107   38.869392
 -87.130951   38.875221
 -87.135483   38.872757
 -87.133163   38.863960
 -87.127434   38.862705
 -87.127113   38.858894
 -87.132797   38.859524
 -87.143700   38.867317
 -87.147224   38.866634
 -87.140999   38.860237
 -87.143402   38.853920
 -87.139519   38.850300
 -87.142281   38.847046
 -87.140556   38.843468
 -87.144691   38.839466
 -87.150185   38.838581
 -87.154793   38.843136
 -87.170708   38.846771
 -87.174751   38.844749
 -87.183624   38.847393
 -87.185913   38.845768
 -87.185089   38.843388
 -87.177063   38.842323
 -87.173332   38.839485
 -87.172417   38.829803
 -87.175919   38.829319
 -87.186028   38.834538
 -87.187965   38.825153
 -87.191536   38.830845
 -87.196960   38.830112
 -87.197182   38.826515
 -87.189789   38.823116
 -87.192230   38.814644
 -87.195351   38.815346
 -87.197929   38.824276
 -87.203659   38.825554
 -87.205330   38.820755
 -87.203072   38.815102
 -87.212639   38.807457
 -87.210983   38.820854
 -87.215919   38.823616
 -87.218872   38.821564
 -87.215546   38.811790
 -87.220741   38.811340
 -87.227264   38.804131
 -87.227287   38.812923
 -87.231445   38.813534
 -87.237160   38.810860
 -87.238708   38.813820
 -87.233871   38.816570
 -87.238922   38.819595
 -87.241447   38.817432
 -87.246582   38.807655
 -87.240875   38.801491
 -87.242714   38.797844
 -87.240112   38.782032
 -87.243355   38.779083
 -87.255539   38.778660
 -87.257759   38.770630
 -87.254593   38.764805
 -87.243141   38.768791
 -87.239281   38.766617
 -87.244583   38.758198
 -87.239029   38.749821
 -87.243858   38.750000
 -87.247887   38.758186
 -87.252953   38.756718
 -87.244919   38.748688
 -87.244911   38.744930
 -87.238091   38.742264
 -87.241280   38.740288
 -87.247986   38.742111
 -87.254471   38.735607
 -87.254601   38.732075
 -87.246994   38.728844
 -87.247711   38.726555
 -87.251534   38.725960
 -87.253883   38.729862
 -87.258347   38.729847
 -87.259109   38.733742
 -87.261665   38.733070
 -87.262329   38.728355
 -87.257034   38.718815
 -87.269615   38.708382
 -87.267342   38.700218
 -87.279404   38.692513
 -87.261078   38.686646
 -87.272446   38.683212
 -87.273407   38.681103
 -87.263145   38.674198
 -87.258881   38.666168
 -87.256966   38.665909
 -87.252312   38.676880
 -87.250000   38.678795
 -87.245972   38.677837
 -87.246895   38.673225
 -87.258751   38.661396
 -87.255257   38.654713
 -87.250717   38.654316
 -87.241676   38.660671
 -87.238655   38.658833
 -87.240715   38.653042
 -87.239143   38.647682
 -87.249138   38.652946
 -87.252243   38.648094
 -87.250000   38.645123
 -87.243500   38.644127
 -87.242058   38.637367
 -87.235970   38.635002
 -87.240753   38.632160
 -87.249046   38.635620
 -87.252945   38.631409
 -87.240822   38.618481
 -87.238815   38.610500
 -87.244347   38.610283
 -87.250000   38.615196
 -87.255119   38.612740
 -87.246910   38.607681
 -87.245369   38.603634
 -87.239304   38.604500
 -87.241035   38.600945
 -87.248573   38.599503
 -87.245087   38.595535
 -87.249069   38.590202
 -87.249046   38.585625
 -87.246124   38.582291
 -87.238777   38.582233
 -87.237381   38.579433
 -87.239655   38.573425
 -87.247757   38.570896
 -87.245277   38.568352
 -87.237251   38.563076
 -87.239204   38.560078
 -87.248322   38.559490
 -87.237427   38.552341
 -87.242058   38.544888
 -87.248535   38.542973
 -87.253036   38.538197
 -87.255875   38.526535
 -87.271004   38.522083
 -87.287788   38.511822
 -87.301216   38.510216
 -87.309258   38.519894
 -87.323944   38.523994
 -87.351814   38.542198
 -87.358627   38.544113
 -87.366142   38.543301
 -87.369911   38.539181
 -87.361397   38.523010
 -87.364304   38.515961
 -87.369652   38.512104
 -87.377434   38.513809
 -87.381378   38.517815
 -87.380096   38.533836
 -87.385590   38.538372
 -87.406197   38.540386
 -87.411263   38.526501
 -87.420265   38.528843
 -87.422470   38.538780
 -87.425446   38.540634
 -87.431824   38.538300
 -87.432098   38.530468
 -87.435966   38.528324
 -87.445580   38.532570
 -87.462875   38.533470
 -87.468750   38.522400
 -87.476082   38.527969
 -87.479134   38.527431
 -87.478592   38.523823
 -87.469742   38.517467
 -87.478737   38.510082
 -87.490082   38.506390
 -87.494865   38.495770
 -87.501289   38.495983
 -87.516121   38.503765
 -87.531090   38.498688
 -87.533180   38.503513
 -87.529213   38.512600
 -87.533806   38.517181
 -87.540497   38.518349
 -87.546669   38.516312
 -87.549438   38.511600
 -87.540535   38.496872
 -87.540939   38.491848
 -87.558136   38.489811
 -87.573540   38.491032
 -87.580696   38.499680
 -87.584610   38.498680
 -87.587357   38.492123
 -87.580086   38.483562
 -87.589027   38.470097
 -87.590172   38.462418
 -87.599297   38.450676
 -87.611313   38.446659
 -87.623528   38.449024
 -87.633179   38.442688
 -87.637901   38.446083
 -87.638580   38.454857
 -87.644371   38.455124
 -87.652237   38.449261
 -87.655212   38.452179
 -87.650970   38.456463
 -87.657433   38.457520
 -87.664024   38.449020
 -87.673088   38.447632
 -87.671753   38.441105
 -87.662064   38.436668
 -87.664139   38.430828
 -87.674210   38.428852
 -87.680824   38.431717
 -87.708626   38.418613
 -87.721825   38.416348
 -87.735718   38.416840
 -87.743668   38.414341
 -87.741013   38.435532
 -87.730675   38.442860
 -87.730103   38.446472
 -87.735703   38.452942
 -87.755905   38.455830
 -87.756149   38.462494
 -87.750000   38.471378
 -87.739998   38.479176
 -87.714027   38.479832
 -87.693161   38.487991
 -87.682297   38.494572
 -87.671875   38.507565
 -87.660927   38.502045
 -87.652344   38.503174
 -87.645096   38.511063
 -87.649986   38.517681
 -87.656120   38.521622
 -87.670097   38.544659
 -87.665405   38.549900
 -87.650681   38.556190
 -87.651505   38.568119
 -87.638885   38.574829
 -87.640228   38.589153
 -87.637604   38.592609
 -87.622871   38.586151
 -87.611938   38.589199
 -87.612419   38.594597
 -87.624123   38.596909
 -87.627426   38.606541
 -87.620514   38.612122
 -87.622353   38.618828
 -87.615562   38.625000
 -87.620361   38.634258
 -87.620094   38.639442
 -87.605789   38.646473
 -87.600159   38.662415
 -87.587662   38.669933
 -87.545517   38.677567
 -87.531204   38.683990
 -87.519592   38.697151
 -87.519493   38.710407
 -87.508499   38.725723
 -87.506149   38.733681
 -87.496025   38.739937
 -87.504021   38.748459
 -87.496887   38.766773
 -87.500473   38.769131
 -87.510315   38.767136
 -87.514839   38.770454
 -87.513123   38.773151
 -87.498566   38.776436
 -87.495491   38.784580
 -87.527321   38.818077
 -87.521828   38.828690
 -87.526672   38.838531
 -87.525871   38.848751
 -87.531128   38.852463
 -87.550499   38.859516
 -87.553360   38.863300
 -87.543167   38.864174
 -87.547356   38.875572
 -87.534897   38.878834
 -87.538254   38.885757
 -87.544273   38.888908
 -87.544067   38.895046
 -87.539101   38.896076
 -87.535934   38.886948
 -87.534317   38.891251
 -87.536568   38.895523
 -87.533669   38.900913
 -87.522919   38.902348
 -87.240784   38.901615

Kosciusko
IN
14
 -86.058937   41.435764
 -85.817154   41.434841
 -85.653603   41.436810
 -85.651947   41.294731
 -85.652756   41.178455
 -85.686615   41.178333
 -85.684189   41.046669
 -85.795845   41.043571
 -85.945656   41.042820
 -86.018661   41.041832
 -86.018387   41.086121
 -86.075867   41.084846
 -86.077339   41.172829
 -86.054054   41.173080

LaPorte
IN
36
 -86.823814   41.760723
 -86.523911   41.759495
 -86.526634   41.650352
 -86.487549   41.649281
 -86.486382   41.570576
 -86.498146   41.561039
 -86.500275   41.520969
 -86.524933   41.519119
 -86.524696   41.432842
 -86.642746   41.432751
 -86.670753   41.414063
 -86.681305   41.412102
 -86.700752   41.402443
 -86.708130   41.380501
 -86.720207   41.366142
 -86.724731   41.352116
 -86.735100   41.338543
 -86.739250   41.322964
 -86.761887   41.307678
 -86.783806   41.285542
 -86.815079   41.273460
 -86.826546   41.271309
 -86.838913   41.272064
 -86.848526   41.267048
 -86.872330   41.263905
 -86.878075   41.260059
 -86.920647   41.245152
 -86.930061   41.236912
 -86.929329   41.484898
 -86.932564   41.709892
 -86.929306   41.711102
 -86.916504   41.716499
 -86.913307   41.722500
 -86.905907   41.727402
 -86.863983   41.742542
 -86.824799   41.760201

Lagrange
IN
5
 -85.292130   41.759911
 -85.196663   41.759686
 -85.193954   41.526676
 -85.654839   41.523327
 -85.659813   41.759048

Lake
IN
21
 -87.523972   41.708279
 -87.505302   41.691502
 -87.452202   41.660702
 -87.413803   41.643002
 -87.355507   41.627602
 -87.261505   41.620300
 -87.222801   41.623955
 -87.218857   41.241989
 -87.226234   41.235493
 -87.275658   41.218636
 -87.285591   41.215244
 -87.329941   41.183556
 -87.346451   41.182320
 -87.380272   41.172657
 -87.393631   41.162800
 -87.414581   41.162254
 -87.446671   41.174358
 -87.458206   41.170631
 -87.526588   41.166027
 -87.526733   41.298145
 -87.525635   41.470081

Lawrence
IN
16
 -86.682281   38.992355
 -86.317490   38.990822
 -86.280426   38.990978
 -86.275299   38.763744
 -86.278778   38.762810
 -86.284119   38.765408
 -86.282066   38.761070
 -86.287216   38.753548
 -86.291130   38.735237
 -86.300117   38.733883
 -86.299751   38.729897
 -86.302376   38.735676
 -86.310074   38.733082
 -86.308495   38.687977
 -86.683105   38.686512
 -86.682854   38.904648

Madison
IN
7
 -85.862312   40.378338
 -85.578537   40.379471
 -85.576202   40.077099
 -85.576385   39.945824
 -85.862503   39.943600
 -85.861961   40.218948
 -85.860321   40.305759

Marion
IN
11
 -86.240707   39.925900
 -85.937599   39.927101
 -85.937904   39.869701
 -85.954002   39.869598
 -85.951599   39.696999
 -85.952103   39.638302
 -86.249901   39.633598
 -86.326508   39.631802
 -86.328300   39.866001
 -86.325401   39.866001
 -86.326302   39.924000

Marshall
IN
7
 -86.059334   41.479046
 -86.058937   41.435764
 -86.054054   41.173080
 -86.077339   41.172829
 -86.467041   41.171577
 -86.466743   41.433006
 -86.467079   41.476593

Martin
IN
17
 -86.904190   38.904163
 -86.682854   38.904648
 -86.683105   38.686512
 -86.682365   38.526199
 -86.837608   38.526421
 -86.836441   38.522160
 -86.844437   38.514683
 -86.855705   38.509056
 -86.871109   38.505264
 -86.878929   38.494873
 -86.891075   38.495468
 -86.900589   38.501053
 -86.915817   38.496208
 -86.921280   38.498638
 -86.924179   38.504559
 -86.922935   38.817192
 -86.904221   38.817463

Miami
IN
7
 -86.169075   40.909603
 -86.168312   40.996246
 -85.946411   40.999157
 -85.939728   40.651115
 -85.864830   40.651806
 -85.863861   40.565548
 -86.165085   40.562675

Monroe
IN
19
 -86.630814   39.347904
 -86.630852   39.340710
 -86.464905   39.338245
 -86.381401   39.339703
 -86.379944   39.251160
 -86.372398   39.251026
 -86.370071   39.048328
 -86.318146   39.048759
 -86.317490   38.990822
 -86.682281   38.992355
 -86.682999   39.165699
 -86.685608   39.335983
 -86.666077   39.329292
 -86.663422   39.334076
 -86.656349   39.330959
 -86.655373   39.337711
 -86.658936   39.347214
 -86.650764   39.355656
 -86.639511   39.348579

Montgomery
IN
8
 -87.092201   40.214767
 -86.695770   40.214336
 -86.695801   40.178619
 -86.695198   39.922779
 -86.695129   39.864826
 -87.009460   39.866661
 -87.091537   39.867226
 -87.091003   39.952969

Morgan
IN
33
 -86.326508   39.631802
 -86.249901   39.633598
 -86.251694   39.341625
 -86.381401   39.339703
 -86.464905   39.338245
 -86.630852   39.340710
 -86.630814   39.347904
 -86.632133   39.470299
 -86.686867   39.470131
 -86.687561   39.521854
 -86.684425   39.521671
 -86.682793   39.526489
 -86.678108   39.527149
 -86.677193   39.529804
 -86.672897   39.529408
 -86.670380   39.533623
 -86.672729   39.535385
 -86.666939   39.535824
 -86.663261   39.539284
 -86.660942   39.546936
 -86.653946   39.551922
 -86.651405   39.549950
 -86.653320   39.559422
 -86.648247   39.565784
 -86.654205   39.564983
 -86.654549   39.570084
 -86.658737   39.573055
 -86.655525   39.574699
 -86.659599   39.579155
 -86.651978   39.594383
 -86.656883   39.601124
 -86.465622   39.600822
 -86.465935   39.629990

Newton
IN
15
 -87.526588   41.166027
 -87.458206   41.170631
 -87.446671   41.174358
 -87.414581   41.162254
 -87.393631   41.162800
 -87.380272   41.172657
 -87.346451   41.182320
 -87.329941   41.183556
 -87.285591   41.215244
 -87.275658   41.218636
 -87.276550   40.911404
 -87.269035   40.911446
 -87.267319   40.736477
 -87.526108   40.736916
 -87.526276   41.010311

Noble
IN
8
 -85.654839   41.523327
 -85.193954   41.526676
 -85.192131   41.264236
 -85.307777   41.264023
 -85.537201   41.266113
 -85.536140   41.295105
 -85.651947   41.294731
 -85.653603   41.436810

Ohio
IN
56
 -85.132553   38.948002
 -85.127693   38.949081
 -85.120956   38.955788
 -85.114136   38.956089
 -85.113403   38.952747
 -85.120918   38.944366
 -85.118805   38.937141
 -85.113770   38.936089
 -85.103722   38.940464
 -85.096397   38.935383
 -85.082687   38.952183
 -85.076889   38.948315
 -85.072083   38.948063
 -85.068130   38.957081
 -85.064606   38.954884
 -85.066666   38.949963
 -85.060158   38.947929
 -85.058250   38.958038
 -85.054527   38.959507
 -85.046120   38.956619
 -85.051247   38.966850
 -85.041565   38.975342
 -85.024719   38.974442
 -85.019585   38.982471
 -85.008652   38.979122
 -85.003616   38.975163
 -85.001991   38.987381
 -84.997513   38.996765
 -84.985199   38.994873
 -84.983704   38.997890
 -84.970184   38.992451
 -84.964294   38.997715
 -84.961220   38.994602
 -84.953918   38.994831
 -84.953415   38.998905
 -84.946472   38.998405
 -84.947258   39.002220
 -84.944496   39.000000
 -84.946678   39.006557
 -84.943161   39.008724
 -84.937134   39.005375
 -84.926155   39.014656
 -84.920845   39.014050
 -84.912865   39.018993
 -84.897675   39.013763
 -84.877914   39.030941
 -84.867310   39.022762
 -84.837761   38.988815
 -84.829910   38.969322
 -84.834251   38.958858
 -84.865662   38.934074
 -84.877434   38.920967
 -84.878784   38.912903
 -84.870720   38.900845
 -85.140327   38.903114
 -85.135880   38.929520

Orange
IN
7
 -86.683105   38.686512
 -86.308495   38.687977
 -86.308693   38.422817
 -86.308891   38.394009
 -86.500000   38.396507
 -86.681435   38.394711
 -86.682365   38.526199

Owen
IN
16
 -86.939964   39.473305
 -86.686867   39.470131
 -86.632133   39.470299
 -86.630814   39.347904
 -86.639511   39.348579
 -86.650764   39.355656
 -86.658936   39.347214
 -86.655373   39.337711
 -86.656349   39.330959
 -86.663422   39.334076
 -86.666077   39.329292
 -86.685608   39.335983
 -86.682999   39.165699
 -87.054565   39.168045
 -87.053673   39.342579
 -86.942467   39.341999

Parke
IN
46
 -87.420212   39.952415
 -87.091003   39.952969
 -87.091537   39.867226
 -87.009460   39.866661
 -87.012909   39.604733
 -87.198997   39.607101
 -87.382401   39.607899
 -87.381424   39.617317
 -87.391823   39.634026
 -87.391586   39.643211
 -87.395607   39.652912
 -87.394310   39.658653
 -87.388733   39.663857
 -87.390526   39.675358
 -87.381500   39.693363
 -87.385567   39.700027
 -87.379753   39.708141
 -87.384399   39.718536
 -87.377350   39.743000
 -87.380554   39.766727
 -87.374268   39.777809
 -87.374741   39.793022
 -87.384659   39.808655
 -87.385521   39.833328
 -87.381348   39.836937
 -87.369110   39.839943
 -87.360924   39.856319
 -87.353851   39.862041
 -87.357964   39.865532
 -87.368248   39.867702
 -87.378410   39.875000
 -87.378693   39.877937
 -87.370544   39.882271
 -87.367821   39.887150
 -87.378578   39.902733
 -87.384491   39.906288
 -87.404945   39.910820
 -87.411293   39.915276
 -87.413185   39.918869
 -87.405167   39.923740
 -87.406250   39.927986
 -87.411865   39.928673
 -87.420616   39.925701
 -87.433174   39.931347
 -87.433655   39.935127
 -87.423141   39.943645

Perry
IN
118
 -86.791504   38.205074
 -86.792160   38.249039
 -86.679008   38.248005
 -86.679520   38.263027
 -86.570152   38.266270
 -86.571671   38.207474
 -86.460449   38.206764
 -86.462341   38.120007
 -86.466782   38.111656
 -86.463882   38.101116
 -86.458817   38.096340
 -86.434074   38.086700
 -86.430115   38.078575
 -86.432816   38.067108
 -86.438255   38.060364
 -86.452217   38.050426
 -86.466896   38.046535
 -86.490875   38.045734
 -86.517311   38.042572
 -86.521851   38.038265
 -86.524994   38.027817
 -86.525192   37.968166
 -86.520531   37.954376
 -86.509415   37.942432
 -86.507858   37.928768
 -86.534180   37.916946
 -86.548531   37.917786
 -86.566902   37.922153
 -86.580345   37.923088
 -86.588600   37.921101
 -86.596146   37.914230
 -86.599861   37.906696
 -86.599411   37.874695
 -86.597336   37.870106
 -86.604637   37.858215
 -86.634285   37.843788
 -86.648048   37.841370
 -86.655312   37.842453
 -86.660515   37.847198
 -86.662514   37.856895
 -86.644768   37.894749
 -86.644157   37.902309
 -86.647095   37.908566
 -86.660904   37.913006
 -86.680946   37.914951
 -86.716148   37.894016
 -86.722267   37.892593
 -86.731468   37.894283
 -86.746544   37.907684
 -86.765060   37.932457
 -86.787376   37.968884
 -86.795036   37.989155
 -86.813911   37.998314
 -86.804955   38.003452
 -86.801102   38.008900
 -86.802254   38.013203
 -86.798119   38.015610
 -86.786781   38.000637
 -86.772202   37.998589
 -86.774017   38.009949
 -86.778214   38.010063
 -86.775665   38.012924
 -86.775719   38.024189
 -86.780174   38.024441
 -86.781769   38.026684
 -86.779572   38.028767
 -86.766922   38.029816
 -86.774727   38.033916
 -86.776962   38.030602
 -86.779076   38.035591
 -86.783066   38.036140
 -86.779938   38.037285
 -86.780167   38.040401
 -86.784622   38.038452
 -86.786713   38.040974
 -86.782944   38.044174
 -86.781792   38.042370
 -86.779739   38.043716
 -86.779152   38.047516
 -86.782539   38.048229
 -86.778633   38.049576
 -86.780159   38.053173
 -86.776222   38.051956
 -86.765106   38.058640
 -86.768898   38.059101
 -86.777878   38.074833
 -86.780640   38.078629
 -86.772415   38.083755
 -86.772652   38.087395
 -86.769257   38.086891
 -86.766937   38.093410
 -86.769371   38.095749
 -86.768639   38.102688
 -86.772926   38.102226
 -86.773071   38.105274
 -86.780022   38.101685
 -86.783356   38.104225
 -86.784973   38.102463
 -86.788338   38.105461
 -86.784279   38.109673
 -86.785812   38.112076
 -86.789841   38.111645
 -86.793549   38.117092
 -86.800911   38.110569
 -86.807022   38.118008
 -86.794968   38.123756
 -86.797722   38.130764
 -86.802849   38.134361
 -86.799545   38.136856
 -86.800293   38.139465
 -86.806183   38.142853
 -86.801491   38.151871
 -86.795280   38.157093
 -86.799515   38.162632
 -86.798233   38.167805
 -86.802757   38.170574
 -86.803047   38.181358
 -86.791321   38.180096

Pike
IN
107
 -87.242058   38.544888
 -87.235466   38.544930
 -87.220940   38.538780
 -87.205490   38.552044
 -87.182465   38.547531
 -87.173683   38.541611
 -87.170273   38.531792
 -87.162338   38.532383
 -87.155975   38.528599
 -87.153946   38.525974
 -87.156151   38.518715
 -87.149956   38.515568
 -87.135361   38.519104
 -87.139107   38.526222
 -87.135490   38.531872
 -87.123215   38.525051
 -87.118980   38.527359
 -87.118271   38.535175
 -87.107658   38.537655
 -87.097038   38.531044
 -87.092491   38.522594
 -87.081833   38.520622
 -87.086693   38.512794
 -87.083145   38.511864
 -87.072365   38.514652
 -87.073067   38.232544
 -87.298332   38.231609
 -87.298302   38.246075
 -87.316879   38.246029
 -87.315918   38.375000
 -87.317795   38.379120
 -87.315643   38.381432
 -87.319534   38.382648
 -87.320847   38.376991
 -87.325531   38.378662
 -87.322739   38.381069
 -87.323692   38.383381
 -87.327576   38.377930
 -87.330536   38.381626
 -87.333710   38.378986
 -87.338318   38.381798
 -87.339340   38.378754
 -87.341637   38.379738
 -87.340958   38.383831
 -87.337631   38.384151
 -87.339989   38.386887
 -87.344376   38.382320
 -87.349983   38.381771
 -87.347809   38.386189
 -87.353096   38.385483
 -87.356979   38.387634
 -87.357635   38.382366
 -87.362015   38.379860
 -87.364761   38.381569
 -87.364021   38.378956
 -87.368393   38.378948
 -87.369453   38.376965
 -87.371971   38.377251
 -87.372482   38.381523
 -87.376511   38.377090
 -87.379768   38.383354
 -87.381332   38.379459
 -87.385506   38.378448
 -87.385017   38.375484
 -87.388680   38.377163
 -87.387978   38.382847
 -87.393311   38.381596
 -87.393387   38.376255
 -87.396378   38.375927
 -87.397934   38.380390
 -87.398216   38.374580
 -87.403107   38.374660
 -87.402954   38.377193
 -87.407471   38.375443
 -87.407242   38.436275
 -87.444397   38.436077
 -87.444435   38.465351
 -87.462944   38.465267
 -87.462875   38.533470
 -87.445580   38.532570
 -87.435966   38.528324
 -87.432098   38.530468
 -87.431824   38.538300
 -87.425446   38.540634
 -87.422470   38.538780
 -87.420265   38.528843
 -87.411263   38.526501
 -87.406197   38.540386
 -87.385590   38.538372
 -87.380096   38.533836
 -87.381378   38.517815
 -87.377434   38.513809
 -87.369652   38.512104
 -87.364304   38.515961
 -87.361397   38.523010
 -87.369911   38.539181
 -87.366142   38.543301
 -87.358627   38.544113
 -87.351814   38.542198
 -87.323944   38.523994
 -87.309258   38.519894
 -87.301216   38.510216
 -87.287788   38.511822
 -87.271004   38.522083
 -87.255875   38.526535
 -87.253036   38.538197
 -87.248535   38.542973

Porter
IN
21
 -87.222801   41.623955
 -87.214226   41.624763
 -87.183792   41.630470
 -87.161346   41.637699
 -87.156403   41.644165
 -87.145370   41.649490
 -87.112656   41.647968
 -87.082985   41.655956
 -87.042664   41.668892
 -86.932564   41.709892
 -86.929329   41.484898
 -86.930061   41.236912
 -86.939529   41.229321
 -86.967682   41.219978
 -86.976830   41.221603
 -86.984627   41.228027
 -87.059525   41.269547
 -87.121948   41.286327
 -87.131027   41.286259
 -87.192627   41.265087
 -87.218857   41.241989

Posey
IN
120
 -87.983704   38.230309
 -87.799011   38.228470
 -87.799644   38.201900
 -87.688187   38.200954
 -87.688347   38.168423
 -87.688866   38.124702
 -87.696754   38.124802
 -87.700493   37.897362
 -87.721886   37.892097
 -87.738495   37.894642
 -87.758820   37.891739
 -87.790878   37.875671
 -87.830551   37.876472
 -87.841171   37.882282
 -87.844666   37.892002
 -87.857216   37.900608
 -87.867767   37.917122
 -87.880089   37.925327
 -87.893585   37.927937
 -87.904762   37.924847
 -87.927055   37.901680
 -87.938339   37.890759
 -87.940842   37.878002
 -87.936203   37.867893
 -87.910248   37.843372
 -87.903778   37.817719
 -87.906784   37.807579
 -87.932526   37.797626
 -87.944481   37.775211
 -87.952560   37.771702
 -87.959999   37.773178
 -87.976357   37.787960
 -87.997070   37.797626
 -88.015114   37.801888
 -88.028000   37.799179
 -88.029785   37.806232
 -88.037590   37.809818
 -88.059631   37.801151
 -88.068886   37.800941
 -88.077003   37.804947
 -88.090012   37.816727
 -88.090851   37.824425
 -88.081894   37.830635
 -88.076393   37.830196
 -88.060982   37.822971
 -88.043800   37.821480
 -88.031502   37.825047
 -88.025887   37.832653
 -88.031395   37.841160
 -88.053452   37.846272
 -88.065010   37.853127
 -88.078499   37.879070
 -88.092125   37.890903
 -88.097855   37.901470
 -88.097725   37.903980
 -88.092621   37.906151
 -88.086205   37.905666
 -88.071419   37.895767
 -88.055344   37.891193
 -88.031250   37.892921
 -88.020256   37.888008
 -88.014320   37.891872
 -88.013329   37.894810
 -88.020790   37.913712
 -88.062210   37.917850
 -88.069435   37.925659
 -88.067528   37.930168
 -88.057098   37.934109
 -88.044960   37.925060
 -88.034035   37.926117
 -88.030312   37.931015
 -88.036095   37.942699
 -88.036758   37.956749
 -88.020844   37.959309
 -88.012894   37.966499
 -88.012543   37.977016
 -88.025803   38.007198
 -88.021004   38.019299
 -88.016907   38.023998
 -88.008598   38.027500
 -88.007904   38.030800
 -88.017601   38.034698
 -88.034103   38.032001
 -88.041504   38.037300
 -88.042107   38.046299
 -88.037804   38.050201
 -88.029999   38.052101
 -88.001305   38.051498
 -87.978706   38.059772
 -87.967201   38.067059
 -87.956635   38.086155
 -87.960197   38.099850
 -88.006691   38.083881
 -88.011360   38.084644
 -88.014122   38.088779
 -88.016777   38.095673
 -88.015083   38.101364
 -87.998192   38.108513
 -87.983040   38.107101
 -87.976028   38.109528
 -87.972969   38.125000
 -87.966362   38.132462
 -87.954834   38.132580
 -87.945442   38.126572
 -87.935104   38.139385
 -87.925781   38.143589
 -87.927872   38.151600
 -87.917686   38.155846
 -87.911011   38.162148
 -87.913055   38.171486
 -87.917267   38.174126
 -87.921700   38.173759
 -87.925201   38.170589
 -87.925934   38.159294
 -87.934608   38.156704
 -87.933731   38.164307
 -87.937134   38.172146
 -87.969833   38.191738
 -87.982735   38.206661
 -87.985596   38.217949

Pulaski
IN
5
 -86.930298   41.172325
 -86.467041   41.171577
 -86.468506   40.909805
 -86.581520   40.910904
 -86.930687   40.912464

Putnam
IN
37
 -87.009460   39.866661
 -86.695129   39.864826
 -86.686966   39.864765
 -86.687439   39.630280
 -86.641876   39.630016
 -86.644943   39.627480
 -86.642906   39.617805
 -86.647675   39.614647
 -86.647675   39.610046
 -86.650719   39.610756
 -86.653748   39.608082
 -86.656883   39.601124
 -86.651978   39.594383
 -86.659599   39.579155
 -86.655525   39.574699
 -86.658737   39.573055
 -86.654549   39.570084
 -86.654205   39.564983
 -86.648247   39.565784
 -86.653320   39.559422
 -86.651405   39.549950
 -86.653946   39.551922
 -86.660942   39.546936
 -86.663261   39.539284
 -86.666939   39.535824
 -86.672729   39.535385
 -86.670380   39.533623
 -86.672897   39.529408
 -86.677193   39.529804
 -86.678108   39.527149
 -86.682793   39.526489
 -86.684425   39.521671
 -86.687561   39.521854
 -86.686867   39.470131
 -86.939964   39.473305
 -87.014931   39.473717
 -87.012909   39.604733

Randolph
IN
6
 -85.218796   40.306664
 -84.803955   40.310066
 -84.810875   40.004871
 -85.201515   40.004475
 -85.213539   40.004337
 -85.214424   40.076885

Ripley
IN
10
 -85.296577   39.268242
 -85.217918   39.308426
 -85.065331   39.309864
 -85.065659   39.307003
 -85.132553   38.948002
 -85.135880   38.929520
 -85.203056   38.928463
 -85.203209   38.913750
 -85.444939   38.912910
 -85.440086   39.195568

Rush
IN
7
 -85.596901   39.786518
 -85.301559   39.787483
 -85.298203   39.525311
 -85.297623   39.453098
 -85.629700   39.452961
 -85.633324   39.698486
 -85.633522   39.786133

Scott
IN
75
 -85.795387   38.807453
 -85.783455   38.807087
 -85.779854   38.812511
 -85.776199   38.812901
 -85.771812   38.809326
 -85.767715   38.815323
 -85.757591   38.814701
 -85.758324   38.818775
 -85.753960   38.820721
 -85.751305   38.820122
 -85.749550   38.815350
 -85.747063   38.815357
 -85.746704   38.822857
 -85.742355   38.818642
 -85.730888   38.824547
 -85.735390   38.829926
 -85.733223   38.831757
 -85.723221   38.822971
 -85.718597   38.823406
 -85.719185   38.826176
 -85.712662   38.828400
 -85.706223   38.824348
 -85.706535   38.820145
 -85.703293   38.816521
 -85.699638   38.818100
 -85.697998   38.814602
 -85.694695   38.817417
 -85.683868   38.815353
 -85.683372   38.736744
 -85.664391   38.736855
 -85.664314   38.729961
 -85.646248   38.729801
 -85.645798   38.707909
 -85.608704   38.707718
 -85.608231   38.678680
 -85.570969   38.678650
 -85.570038   38.606194
 -85.793610   38.604767
 -85.793655   38.590279
 -85.803177   38.590206
 -85.803024   38.582951
 -85.812378   38.582851
 -85.812195   38.575493
 -85.821495   38.575394
 -85.821190   38.561359
 -85.847931   38.561207
 -85.848610   38.576206
 -85.885674   38.575348
 -85.888496   38.734337
 -85.885750   38.734768
 -85.886566   38.730446
 -85.882339   38.730598
 -85.884155   38.727993
 -85.881432   38.724972
 -85.878799   38.726570
 -85.879677   38.729340
 -85.869591   38.726116
 -85.870903   38.729481
 -85.861122   38.731865
 -85.858315   38.729965
 -85.851448   38.736240
 -85.847534   38.734844
 -85.848175   38.738232
 -85.841629   38.740410
 -85.843063   38.745235
 -85.837868   38.747868
 -85.836937   38.751568
 -85.832375   38.751774
 -85.829834   38.764179
 -85.822327   38.770519
 -85.819458   38.776447
 -85.811920   38.779675
 -85.810600   38.777363
 -85.804573   38.779858
 -85.807266   38.789333

Shelby
IN
7
 -85.951599   39.696999
 -85.633324   39.698486
 -85.629700   39.452961
 -85.630653   39.350063
 -85.684761   39.349796
 -85.952019   39.347221
 -85.952103   39.638302

Spencer
IN
146
 -87.017418   38.203510
 -86.791504   38.205074
 -86.791321   38.180096
 -86.803047   38.181358
 -86.802757   38.170574
 -86.798233   38.167805
 -86.799515   38.162632
 -86.795280   38.157093
 -86.801491   38.151871
 -86.806183   38.142853
 -86.800293   38.139465
 -86.799545   38.136856
 -86.802849   38.134361
 -86.797722   38.130764
 -86.794968   38.123756
 -86.807022   38.118008
 -86.800911   38.110569
 -86.793549   38.117092
 -86.789841   38.111645
 -86.785812   38.112076
 -86.784279   38.109673
 -86.788338   38.105461
 -86.784973   38.102463
 -86.783356   38.104225
 -86.780022   38.101685
 -86.773071   38.105274
 -86.772926   38.102226
 -86.768639   38.102688
 -86.769371   38.095749
 -86.766937   38.093410
 -86.769257   38.086891
 -86.772652   38.087395
 -86.772415   38.083755
 -86.780640   38.078629
 -86.777878   38.074833
 -86.768898   38.059101
 -86.765106   38.058640
 -86.776222   38.051956
 -86.780159   38.053173
 -86.778633   38.049576
 -86.782539   38.048229
 -86.779152   38.047516
 -86.779739   38.043716
 -86.781792   38.042370
 -86.782944   38.044174
 -86.786713   38.040974
 -86.784622   38.038452
 -86.780167   38.040401
 -86.779938   38.037285
 -86.783066   38.036140
 -86.779076   38.035591
 -86.776962   38.030602
 -86.774727   38.033916
 -86.766922   38.029816
 -86.779572   38.028767
 -86.781769   38.026684
 -86.780174   38.024441
 -86.775719   38.024189
 -86.775665   38.012924
 -86.778214   38.010063
 -86.774017   38.009949
 -86.772202   37.998589
 -86.786781   38.000637
 -86.798119   38.015610
 -86.802254   38.013203
 -86.801102   38.008900
 -86.804955   38.003452
 -86.813911   37.998314
 -86.823502   37.998882
 -86.855957   37.987240
 -86.885712   37.963787
 -86.902428   37.946110
 -86.919334   37.936611
 -86.944641   37.933483
 -86.966599   37.933456
 -86.978958   37.930149
 -87.010323   37.919621
 -87.033447   37.906544
 -87.042259   37.898239
 -87.046242   37.889816
 -87.043854   37.870747
 -87.066673   37.808033
 -87.072655   37.799999
 -87.089104   37.788673
 -87.107086   37.783169
 -87.118416   37.782673
 -87.129631   37.786560
 -87.141953   37.816128
 -87.154526   37.833534
 -87.163986   37.841503
 -87.183586   37.841282
 -87.219116   37.848335
 -87.255249   37.867279
 -87.268845   37.878674
 -87.267998   37.924721
 -87.265823   37.928143
 -87.240700   37.952297
 -87.231674   37.948383
 -87.233437   37.950714
 -87.231392   37.956028
 -87.227974   37.956123
 -87.230354   37.966263
 -87.226624   37.970455
 -87.196411   37.987633
 -87.186165   37.996376
 -87.183281   38.002628
 -87.179955   38.000523
 -87.176826   38.001736
 -87.175285   38.006542
 -87.181602   38.007484
 -87.182869   38.010368
 -87.174156   38.009312
 -87.169243   38.012836
 -87.169098   38.018055
 -87.158073   38.016842
 -87.153030   38.020115
 -87.154594   38.025818
 -87.163048   38.026619
 -87.166229   38.029961
 -87.160553   38.032776
 -87.157661   38.029800
 -87.154106   38.031998
 -87.156525   38.040009
 -87.151115   38.046143
 -87.153458   38.053379
 -87.148758   38.058369
 -87.132782   38.054787
 -87.131691   38.050003
 -87.124619   38.043797
 -87.114807   38.047028
 -87.102196   38.046555
 -87.094749   38.048504
 -87.094055   38.050541
 -87.088730   38.049397
 -87.088432   38.052677
 -87.097557   38.056561
 -87.097733   38.059490
 -87.088974   38.083717
 -87.082237   38.089794
 -87.082253   38.093861
 -87.074730   38.097008
 -87.073524   38.100685
 -87.076241   38.103954
 -87.072327   38.106853
 -87.072472   38.118031
 -87.017456   38.118324

St. Joseph
IN
13
 -86.226067   41.759968
 -86.062653   41.760544
 -86.059334   41.479046
 -86.467079   41.476593
 -86.466743   41.433006
 -86.524696   41.432842
 -86.524933   41.519119
 -86.500275   41.520969
 -86.498146   41.561039
 -86.486382   41.570576
 -86.487549   41.649281
 -86.526634   41.650352
 -86.523911   41.759495

Starke
IN
23
 -86.524696   41.432842
 -86.466743   41.433006
 -86.467041   41.171577
 -86.930298   41.172325
 -86.930061   41.236912
 -86.920647   41.245152
 -86.878075   41.260059
 -86.872330   41.263905
 -86.848526   41.267048
 -86.838913   41.272064
 -86.826546   41.271309
 -86.815079   41.273460
 -86.783806   41.285542
 -86.761887   41.307678
 -86.739250   41.322964
 -86.735100   41.338543
 -86.724731   41.352116
 -86.720207   41.366142
 -86.708130   41.380501
 -86.700752   41.402443
 -86.681305   41.412102
 -86.670753   41.414063
 -86.642746   41.432751

Steuben
IN
6
 -85.196663   41.759686
 -84.825241   41.759941
 -84.805931   41.760166
 -84.806129   41.696041
 -84.804771   41.530182
 -85.193954   41.526676

Sullivan
IN
69
 -87.604118   39.259418
 -87.240372   39.258961
 -87.240723   39.171734
 -87.240761   38.907818
 -87.240784   38.901615
 -87.522919   38.902348
 -87.516792   38.904499
 -87.524300   38.905151
 -87.527626   38.907642
 -87.527695   38.919189
 -87.518806   38.923161
 -87.516640   38.933437
 -87.521744   38.941074
 -87.514290   38.947796
 -87.512115   38.953770
 -87.524315   38.962921
 -87.527573   38.969788
 -87.548019   38.978458
 -87.575584   38.986122
 -87.578293   38.988743
 -87.574509   38.991474
 -87.563942   38.988762
 -87.560410   38.992386
 -87.576546   38.996983
 -87.579094   39.001564
 -87.569672   39.019371
 -87.575005   39.034019
 -87.580353   39.040665
 -87.572266   39.050549
 -87.572571   39.057243
 -87.596352   39.079601
 -87.614143   39.081745
 -87.620232   39.086533
 -87.620361   39.091480
 -87.614288   39.097736
 -87.615662   39.103275
 -87.638557   39.105858
 -87.647049   39.104229
 -87.654617   39.109074
 -87.651001   39.116402
 -87.636230   39.114277
 -87.632225   39.118664
 -87.634590   39.122047
 -87.642143   39.123173
 -87.643120   39.128525
 -87.658089   39.134895
 -87.652763   39.149395
 -87.642151   39.157055
 -87.637413   39.156734
 -87.632378   39.152916
 -87.627686   39.154869
 -87.628700   39.157387
 -87.640831   39.159828
 -87.640411   39.166687
 -87.619591   39.170937
 -87.621407   39.181904
 -87.619576   39.185993
 -87.613037   39.184139
 -87.606270   39.185093
 -87.601608   39.192455
 -87.585701   39.200356
 -87.584953   39.205235
 -87.575577   39.213799
 -87.574593   39.223892
 -87.579208   39.242989
 -87.572273   39.248302
 -87.572479   39.254128
 -87.582413   39.254894
 -87.592369   39.247108

Switzerland
IN
30
 -85.203209   38.913750
 -85.203056   38.928463
 -85.135880   38.929520
 -85.140327   38.903114
 -84.870720   38.900845
 -84.862328   38.897713
 -84.814636   38.895416
 -84.801094   38.891399
 -84.785172   38.879929
 -84.786133   38.868668
 -84.795135   38.857246
 -84.823418   38.839134
 -84.830009   38.830570
 -84.827148   38.818573
 -84.813995   38.800148
 -84.811691   38.790607
 -84.814697   38.784424
 -84.828766   38.783146
 -84.856956   38.790161
 -84.887733   38.794647
 -84.942696   38.775284
 -84.978775   38.779221
 -84.993240   38.777657
 -85.024216   38.761711
 -85.101013   38.726742
 -85.133095   38.702312
 -85.146912   38.695366
 -85.173019   38.687874
 -85.188683   38.687416
 -85.201538   38.691231

Tippecanoe
IN
8
 -87.095230   40.562855
 -86.771286   40.562050
 -86.695343   40.561840
 -86.694603   40.431980
 -86.695770   40.214336
 -87.092201   40.214767
 -87.092140   40.366398
 -87.093666   40.475712

Tipton
IN
7
 -85.862251   40.406822
 -85.862312   40.378338
 -85.860321   40.305759
 -85.861961   40.218948
 -86.242722   40.215813
 -86.242996   40.373833
 -86.242767   40.402882

Union
IN
10
 -85.034508   39.714531
 -85.034317   39.729084
 -84.969147   39.728928
 -84.969551   39.726749
 -84.814178   39.726509
 -84.815002   39.567200
 -84.815399   39.521900
 -85.022980   39.524349
 -85.022606   39.526070
 -85.036125   39.526165

Vanderburgh
IN
40
 -87.688347   38.168423
 -87.467262   38.165421
 -87.467903   38.121922
 -87.471870   38.121902
 -87.473000   38.034901
 -87.449860   38.035118
 -87.450974   37.940720
 -87.463585   37.935280
 -87.501122   37.909119
 -87.511490   37.906384
 -87.520271   37.912575
 -87.550781   37.925087
 -87.561821   37.933376
 -87.572014   37.947426
 -87.574707   37.967701
 -87.577904   37.971500
 -87.588402   37.975899
 -87.601402   37.972500
 -87.605202   37.965099
 -87.603500   37.958900
 -87.606201   37.949600
 -87.625603   37.933399
 -87.628883   37.927216
 -87.622879   37.910160
 -87.593330   37.889057
 -87.589409   37.875298
 -87.589401   37.859467
 -87.597862   37.847397
 -87.614166   37.832554
 -87.645844   37.825855
 -87.672386   37.829082
 -87.680336   37.839539
 -87.681618   37.855877
 -87.664085   37.877136
 -87.665009   37.893471
 -87.671440   37.899456
 -87.680832   37.903297
 -87.700493   37.897362
 -87.696754   38.124802
 -87.688866   38.124702

Vermillion
IN
63
 -87.531425   40.147991
 -87.490402   40.148384
 -87.490540   40.127365
 -87.406654   40.127472
 -87.407394   40.108669
 -87.413605   40.096355
 -87.412125   40.086472
 -87.417427   40.058647
 -87.420990   40.053875
 -87.431488   40.047710
 -87.424461   40.039303
 -87.431366   40.032887
 -87.435387   40.023472
 -87.433365   39.994152
 -87.427719   39.986664
 -87.427444   39.980171
 -87.431717   39.968651
 -87.440086   39.960644
 -87.430672   39.954807
 -87.421890   39.956303
 -87.420212   39.952415
 -87.423141   39.943645
 -87.433655   39.935127
 -87.433174   39.931347
 -87.420616   39.925701
 -87.411865   39.928673
 -87.406250   39.927986
 -87.405167   39.923740
 -87.413185   39.918869
 -87.411293   39.915276
 -87.404945   39.910820
 -87.384491   39.906288
 -87.378578   39.902733
 -87.367821   39.887150
 -87.370544   39.882271
 -87.378693   39.877937
 -87.378410   39.875000
 -87.368248   39.867702
 -87.357964   39.865532
 -87.353851   39.862041
 -87.360924   39.856319
 -87.369110   39.839943
 -87.381348   39.836937
 -87.385521   39.833328
 -87.384659   39.808655
 -87.374741   39.793022
 -87.374268   39.777809
 -87.380554   39.766727
 -87.377350   39.743000
 -87.384399   39.718536
 -87.379753   39.708141
 -87.385567   39.700027
 -87.381500   39.693363
 -87.390526   39.675358
 -87.388733   39.663857
 -87.394310   39.658653
 -87.395607   39.652912
 -87.391586   39.643211
 -87.391823   39.634026
 -87.381424   39.617317
 -87.382401   39.607899
 -87.532173   39.607239
 -87.533211   39.883091

Vigo
IN
27
 -87.532173   39.607239
 -87.382401   39.607899
 -87.198997   39.607101
 -87.200089   39.519695
 -87.238853   39.520508
 -87.240372   39.258961
 -87.604118   39.259418
 -87.605553   39.262360
 -87.601372   39.274353
 -87.608521   39.277149
 -87.609741   39.284676
 -87.597519   39.296352
 -87.597923   39.299438
 -87.605331   39.303181
 -87.617760   39.301220
 -87.620911   39.303371
 -87.620567   39.307007
 -87.605896   39.311039
 -87.589066   39.333797
 -87.578300   39.340309
 -87.572113   39.341408
 -87.560669   39.338818
 -87.554375   39.340450
 -87.543991   39.352871
 -87.537247   39.352051
 -87.531624   39.347851
 -87.531639   39.477085

Wabash
IN
9
 -85.945656   41.042820
 -85.795845   41.043571
 -85.684189   41.046669
 -85.683273   41.001778
 -85.643898   41.002205
 -85.638626   40.652935
 -85.864830   40.651806
 -85.939728   40.651115
 -85.946411   40.999157

Warren
IN
34
 -87.526482   40.477123
 -87.093666   40.475712
 -87.092140   40.366398
 -87.097305   40.366318
 -87.104362   40.360367
 -87.106216   40.354660
 -87.134590   40.339233
 -87.154137   40.334682
 -87.170120   40.334797
 -87.187599   40.326359
 -87.205223   40.322617
 -87.234085   40.310703
 -87.244888   40.309216
 -87.249634   40.299000
 -87.280495   40.279312
 -87.295288   40.256287
 -87.314461   40.248276
 -87.319099   40.240437
 -87.329887   40.234108
 -87.334023   40.226864
 -87.344749   40.221676
 -87.347916   40.216763
 -87.353096   40.215889
 -87.358391   40.210495
 -87.392975   40.202690
 -87.403862   40.195995
 -87.419891   40.192219
 -87.438759   40.164421
 -87.432045   40.152351
 -87.406342   40.141159
 -87.406654   40.127472
 -87.490540   40.127365
 -87.490402   40.148384
 -87.531425   40.147991

Warrick
IN
75
 -87.316879   38.246029
 -87.298302   38.246075
 -87.298332   38.231609
 -87.073067   38.232544
 -87.073143   38.203773
 -87.017418   38.203510
 -87.017456   38.118324
 -87.072472   38.118031
 -87.072327   38.106853
 -87.076241   38.103954
 -87.073524   38.100685
 -87.074730   38.097008
 -87.082253   38.093861
 -87.082237   38.089794
 -87.088974   38.083717
 -87.097733   38.059490
 -87.097557   38.056561
 -87.088432   38.052677
 -87.088730   38.049397
 -87.094055   38.050541
 -87.094749   38.048504
 -87.102196   38.046555
 -87.114807   38.047028
 -87.124619   38.043797
 -87.131691   38.050003
 -87.132782   38.054787
 -87.148758   38.058369
 -87.153458   38.053379
 -87.151115   38.046143
 -87.156525   38.040009
 -87.154106   38.031998
 -87.157661   38.029800
 -87.160553   38.032776
 -87.166229   38.029961
 -87.163048   38.026619
 -87.154594   38.025818
 -87.153030   38.020115
 -87.158073   38.016842
 -87.169098   38.018055
 -87.169243   38.012836
 -87.174156   38.009312
 -87.182869   38.010368
 -87.181602   38.007484
 -87.175285   38.006542
 -87.176826   38.001736
 -87.179955   38.000523
 -87.183281   38.002628
 -87.186165   37.996376
 -87.196411   37.987633
 -87.226624   37.970455
 -87.230354   37.966263
 -87.227974   37.956123
 -87.231392   37.956028
 -87.233437   37.950714
 -87.231674   37.948383
 -87.240700   37.952297
 -87.265823   37.928143
 -87.267998   37.924721
 -87.268845   37.878674
 -87.302322   37.898399
 -87.320030   37.905697
 -87.335396   37.907520
 -87.344925   37.911121
 -87.363617   37.922302
 -87.372429   37.931999
 -87.402626   37.942223
 -87.429008   37.944752
 -87.450974   37.940720
 -87.449860   38.035118
 -87.473000   38.034901
 -87.471870   38.121902
 -87.467903   38.121922
 -87.467262   38.165421
 -87.466599   38.201180
 -87.317024   38.201710

Washington
IN
114
 -86.275299   38.763744
 -86.270683   38.765869
 -86.263046   38.765388
 -86.262650   38.769676
 -86.256332   38.771851
 -86.254120   38.770065
 -86.257141   38.763443
 -86.253456   38.763470
 -86.249077   38.767612
 -86.240822   38.765804
 -86.224167   38.778809
 -86.218506   38.771225
 -86.215057   38.772598
 -86.213173   38.779331
 -86.208313   38.778561
 -86.205315   38.773979
 -86.197670   38.773716
 -86.205544   38.779854
 -86.202377   38.782589
 -86.196991   38.780697
 -86.195847   38.777512
 -86.189896   38.776573
 -86.186707   38.777897
 -86.186729   38.781494
 -86.182152   38.782166
 -86.178734   38.776344
 -86.173615   38.773392
 -86.167610   38.772659
 -86.163589   38.774780
 -86.134697   38.762516
 -86.116447   38.766930
 -86.103279   38.765472
 -86.099297   38.768333
 -86.100677   38.775009
 -86.098190   38.780411
 -86.092560   38.783409
 -86.080971   38.780457
 -86.074272   38.774368
 -86.062401   38.778278
 -86.049629   38.770340
 -86.042221   38.761658
 -86.031860   38.761269
 -86.026810   38.755680
 -86.026016   38.762043
 -86.019295   38.767262
 -86.015289   38.764530
 -86.016815   38.758026
 -86.009621   38.756908
 -86.004974   38.760567
 -85.997810   38.760845
 -85.993370   38.767231
 -85.984283   38.768059
 -85.982231   38.766689
 -85.985298   38.764854
 -85.985619   38.758198
 -85.979820   38.758610
 -85.977753   38.752659
 -85.967896   38.755062
 -85.966148   38.761131
 -85.960892   38.764133
 -85.957787   38.761314
 -85.950447   38.760792
 -85.952354   38.757244
 -85.948402   38.753578
 -85.945305   38.755116
 -85.944954   38.759235
 -85.936890   38.762852
 -85.936096   38.755344
 -85.927216   38.755917
 -85.928032   38.750603
 -85.917603   38.745831
 -85.915375   38.746704
 -85.919563   38.750496
 -85.918617   38.754128
 -85.911781   38.747253
 -85.909615   38.748760
 -85.912636   38.752045
 -85.911194   38.757149
 -85.908478   38.756096
 -85.908943   38.751102
 -85.900620   38.753761
 -85.896194   38.750000
 -85.898422   38.747501
 -85.896935   38.744137
 -85.900475   38.742146
 -85.891800   38.736191
 -85.894226   38.730148
 -85.890167   38.729939
 -85.888496   38.734337
 -85.885674   38.575348
 -85.848610   38.576206
 -85.847931   38.561207
 -85.847618   38.547081
 -85.866379   38.547035
 -85.866295   38.518364
 -85.884735   38.518093
 -85.884811   38.503407
 -85.957130   38.501888
 -85.956223   38.488895
 -85.993347   38.488480
 -85.994690   38.418289
 -86.032845   38.417835
 -86.254883   38.422623
 -86.308693   38.422817
 -86.308495   38.687977
 -86.310074   38.733082
 -86.302376   38.735676
 -86.299751   38.729897
 -86.300117   38.733883
 -86.291130   38.735237
 -86.287216   38.753548
 -86.282066   38.761070
 -86.284119   38.765408
 -86.278778   38.762810

Wayne
IN
13
 -85.201515   40.004475
 -84.810875   40.004871
 -84.812454   39.916866
 -84.814178   39.726509
 -84.969551   39.726749
 -84.969147   39.728928
 -85.034317   39.729084
 -85.034508   39.714531
 -85.184982   39.715450
 -85.183411   39.788334
 -85.221107   39.788422
 -85.220695   39.873554
 -85.200981   39.873741

Wells
IN
7
 -85.335999   40.917000
 -85.073906   40.917801
 -85.068512   40.568195
 -85.201241   40.567047
 -85.447037   40.566662
 -85.448853   40.653564
 -85.334549   40.654369

White
IN
27
 -86.930687   40.912464
 -86.581520   40.910904
 -86.581734   40.735725
 -86.747749   40.737499
 -86.752663   40.733829
 -86.757515   40.723721
 -86.747261   40.717106
 -86.758682   40.710163
 -86.761925   40.700054
 -86.755821   40.695194
 -86.754356   40.689732
 -86.748695   40.688370
 -86.762169   40.679485
 -86.758575   40.676941
 -86.751228   40.677505
 -86.744232   40.682438
 -86.742256   40.679558
 -86.745438   40.674583
 -86.756897   40.669338
 -86.758286   40.664246
 -86.774452   40.663986
 -86.771286   40.562050
 -87.095230   40.562855
 -87.098572   40.736504
 -87.099770   40.837593
 -86.986427   40.837883
 -86.987503   40.912174

Whitley
IN
12
 -85.651947   41.294731
 -85.536140   41.295105
 -85.537201   41.266113
 -85.307777   41.264023
 -85.309860   41.179211
 -85.338577   41.179073
 -85.335304   41.005299
 -85.643898   41.002205
 -85.683273   41.001778
 -85.684189   41.046669
 -85.686615   41.178333
 -85.652756   41.178455

