 -73.508575   41.238182
 -69.928726   42.886501
18

Barnstable
MA
232
 -70.644363   41.717251
 -70.644226   41.717361
 -70.639854   41.728943
 -70.633102   41.733551
 -70.633202   41.737778
 -70.621315   41.747425
 -70.633057   41.762737
 -70.565811   41.786598
 -70.538025   41.810570
 -70.536972   41.809540
 -70.522415   41.792454
 -70.520035   41.790943
 -70.494759   41.774860
 -70.483749   41.767849
 -70.481049   41.766129
 -70.478912   41.765202
 -70.464966   41.759136
 -70.459419   41.756725
 -70.423691   41.745441
 -70.395477   41.740742
 -70.383705   41.739689
 -70.383522   41.739674
 -70.332489   41.735100
 -70.306541   41.735104
 -70.292404   41.734257
 -70.275131   41.724754
 -70.274796   41.724712
 -70.268204   41.716824
 -70.261665   41.713928
 -70.250648   41.719551
 -70.250000   41.722397
 -70.239815   41.725899
 -70.241066   41.727924
 -70.238487   41.730854
 -70.229439   41.736580
 -70.225281   41.738911
 -70.213242   41.743309
 -70.188629   41.751083
 -70.186890   41.751431
 -70.182617   41.750774
 -70.142075   41.759964
 -70.124084   41.758648
 -70.099350   41.765606
 -70.072037   41.772709
 -70.066399   41.770828
 -70.025970   41.786812
 -70.025528   41.787258
 -70.023460   41.788021
 -70.014420   41.797798
 -70.009079   41.800114
 -70.013306   41.802204
 -70.005280   41.816898
 -70.009987   41.878017
 -70.011162   41.880024
 -70.016571   41.889301
 -70.025970   41.896820
 -70.026901   41.910923
 -70.037247   41.928787
 -70.055115   41.926907
 -70.055115   41.919388
 -70.061699   41.915623
 -70.063576   41.909042
 -70.065453   41.877075
 -70.067337   41.876137
 -70.071098   41.881775
 -70.078621   41.941952
 -70.079155   41.956657
 -70.080505   41.993664
 -70.087082   42.018112
 -70.096489   42.032215
 -70.110596   42.043499
 -70.147713   42.060005
 -70.152893   42.062305
 -70.168877   42.059483
 -70.182045   42.052898
 -70.193329   42.041615
 -70.198029   42.030334
 -70.188972   42.017654
 -70.189301   42.017597
 -70.211189   42.031277
 -70.219658   42.046322
 -70.243156   42.059483
 -70.245987   42.063244
 -70.240341   42.069824
 -70.228119   42.077347
 -70.214951   42.081108
 -70.183929   42.081108
 -70.163239   42.078289
 -70.154785   42.076702
 -70.133148   42.072643
 -70.104012   42.062305
 -70.059814   42.039738
 -70.035370   42.017174
 -70.027702   42.008091
 -70.003853   41.975819
 -69.998825   41.966583
 -69.975189   41.923149
 -69.962029   41.893059
 -69.957855   41.879940
 -69.948868   41.851688
 -69.938477   41.810154
 -69.935966   41.800098
 -69.934761   41.795277
 -69.931641   41.753830
 -69.929276   41.722385
 -69.928726   41.715069
 -69.928764   41.703766
 -69.932877   41.674923
 -69.940765   41.658237
 -69.951157   41.641167
 -69.967064   41.631721
 -69.973404   41.618015
 -69.986618   41.585957
 -69.988762   41.554592
 -69.998619   41.543537
 -70.011696   41.542828
 -70.012550   41.543591
 -70.016922   41.550339
 -70.016670   41.551331
 -70.016396   41.551750
 -70.010918   41.551750
 -70.006477   41.557758
 -69.995041   41.573235
 -69.994934   41.573376
 -69.994804   41.573784
 -69.991844   41.583408
 -69.991173   41.585602
 -69.991531   41.592728
 -69.991096   41.605427
 -69.989799   41.606724
 -69.986481   41.610046
 -69.978020   41.629791
 -69.977074   41.647655
 -69.997757   41.665520
 -70.014679   41.671165
 -70.016350   41.670750
 -70.023399   41.668983
 -70.038002   41.667187
 -70.038895   41.665428
 -70.088020   41.662701
 -70.117920   41.654697
 -70.118279   41.655415
 -70.141418   41.650311
 -70.157555   41.652218
 -70.158302   41.651337
 -70.182045   41.648598
 -70.183342   41.648186
 -70.192368   41.647385
 -70.191727   41.645527
 -70.241280   41.629791
 -70.247902   41.625240
 -70.251579   41.622711
 -70.256325   41.619450
 -70.261024   41.609108
 -70.268555   41.610046
 -70.273087   41.626671
 -70.274193   41.630733
 -70.280777   41.633553
 -70.298637   41.632610
 -70.300522   41.627911
 -70.316505   41.625092
 -70.325905   41.630733
 -70.348473   41.637314
 -70.359749   41.632610
 -70.365395   41.626034
 -70.369148   41.615688
 -70.379494   41.610046
 -70.415955   41.606247
 -70.426643   41.605747
 -70.434029   41.607224
 -70.435555   41.605328
 -70.437775   41.605221
 -70.450630   41.587593
 -70.454247   41.582115
 -70.463371   41.570782
 -70.478401   41.557384
 -70.493774   41.551937
 -70.528488   41.547367
 -70.541893   41.550671
 -70.543541   41.551430
 -70.544334   41.551273
 -70.580902   41.544006
 -70.595352   41.544632
 -70.596931   41.544701
 -70.600243   41.542744
 -70.602722   41.541786
 -70.606232   41.542221
 -70.610558   41.542820
 -70.610756   41.542778
 -70.630234   41.538658
 -70.635010   41.537647
 -70.638069   41.535629
 -70.644188   41.531590
 -70.646759   41.529892
 -70.649529   41.525269
 -70.654861   41.516388
 -70.655609   41.515141
 -70.656822   41.514980
 -70.665565   41.518608
 -70.671150   41.514530
 -70.675179   41.519276
 -70.691887   41.517735
 -70.695824   41.523716
 -70.683838   41.531704
 -70.677277   41.528671
 -70.673744   41.530190
 -70.667175   41.539280
 -70.655060   41.549381
 -70.654045   41.565540
 -70.651016   41.565540
 -70.641426   41.576145
 -70.653038   41.604427
 -70.652534   41.610489
 -70.649002   41.611496
 -70.642433   41.628162
 -70.646469   41.634727
 -70.654045   41.637253
 -70.651520   41.645840
 -70.639397   41.648365
 -70.637886   41.654423
 -70.644547   41.658863
 -70.654549   41.665535
 -70.651016   41.675129
 -70.654549   41.680180
 -70.662125   41.679169
 -70.662125   41.682705
 -70.651520   41.688259
 -70.646469   41.693817
 -70.637886   41.696842
 -70.629807   41.695835
 -70.625267   41.699368
 -70.626778   41.711994

Berkshire
MA
78
 -73.265411   42.745861
 -73.164017   42.743904
 -73.142937   42.743507
 -73.048492   42.741402
 -73.023361   42.741051
 -73.023949   42.702518
 -72.998360   42.701160
 -72.950089   42.704823
 -72.954201   42.698311
 -72.951820   42.694443
 -72.954117   42.690659
 -72.963615   42.687572
 -72.975159   42.688576
 -72.976639   42.679096
 -72.988831   42.678539
 -72.989410   42.674381
 -72.996346   42.673668
 -72.989250   42.667046
 -72.976501   42.660782
 -72.965019   42.664169
 -72.962181   42.667046
 -72.956711   42.666271
 -72.956184   42.654385
 -72.951561   42.641533
 -72.955040   42.628628
 -72.975838   42.555847
 -72.979599   42.541573
 -72.969009   42.539867
 -72.979843   42.497669
 -72.988777   42.466778
 -72.993362   42.448929
 -73.009651   42.387680
 -73.012161   42.379681
 -73.066368   42.388943
 -73.069069   42.380577
 -73.064835   42.339672
 -73.063339   42.328686
 -73.046082   42.319057
 -73.041084   42.320221
 -73.039543   42.314732
 -73.031479   42.308968
 -73.020294   42.308208
 -73.017365   42.310631
 -73.009422   42.304569
 -73.000832   42.312263
 -73.002304   42.251003
 -73.004715   42.251251
 -73.008423   42.238415
 -73.035507   42.143616
 -73.071617   42.148136
 -73.070709   42.140057
 -73.069756   42.131210
 -73.061394   42.118092
 -73.073181   42.111320
 -73.072388   42.107910
 -73.075333   42.105309
 -73.073502   42.094090
 -73.058884   42.067043
 -73.060936   42.060757
 -73.054520   42.057919
 -73.057236   42.047924
 -73.053703   42.039768
 -73.127693   42.041962
 -73.172661   42.043247
 -73.233383   42.044983
 -73.296707   42.046947
 -73.341400   42.048206
 -73.437187   42.050449
 -73.487755   42.049549
 -73.497314   42.049583
 -73.508575   42.086166
 -73.483696   42.154774
 -73.460655   42.217442
 -73.431755   42.296055
 -73.411331   42.351543
 -73.383957   42.425407
 -73.352974   42.509918
 -73.307327   42.632835

Bristol
MA
157
 -71.381798   41.984901
 -71.364639   41.985199
 -71.287399   42.014801
 -71.178520   42.057873
 -71.169106   42.061604
 -71.138687   42.073147
 -71.080704   42.095600
 -71.070000   42.049599
 -71.056000   41.985401
 -71.054863   41.980782
 -71.050491   41.963329
 -71.011200   41.939701
 -71.000504   41.929501
 -70.996269   41.925232
 -70.998627   41.916039
 -70.993698   41.914841
 -70.995087   41.906567
 -70.987938   41.906017
 -70.974243   41.860928
 -71.008507   41.837864
 -71.037163   41.816227
 -71.015007   41.799278
 -71.026894   41.779137
 -70.922226   41.790752
 -70.907982   41.763439
 -70.905251   41.757854
 -70.887100   41.759968
 -70.865845   41.700874
 -70.858498   41.681248
 -70.845665   41.644577
 -70.843300   41.627979
 -70.844048   41.628559
 -70.854813   41.625118
 -70.854614   41.624142
 -70.852043   41.611481
 -70.850800   41.605373
 -70.843117   41.596596
 -70.843491   41.594769
 -70.844315   41.594646
 -70.849472   41.593876
 -70.850800   41.593674
 -70.851212   41.591488
 -70.853264   41.582592
 -70.854042   41.582584
 -70.856583   41.584072
 -70.857376   41.584534
 -70.865829   41.599400
 -70.866425   41.600449
 -70.866524   41.600620
 -70.864182   41.603252
 -70.863594   41.603912
 -70.866241   41.608704
 -70.866371   41.609055
 -70.869446   41.622448
 -70.869446   41.625118
 -70.873474   41.628410
 -70.879562   41.630074
 -70.889557   41.632801
 -70.890457   41.631321
 -70.893898   41.625664
 -70.894623   41.624863
 -70.901970   41.624176
 -70.906593   41.624039
 -70.907112   41.624023
 -70.914055   41.618904
 -70.906013   41.610126
 -70.898697   41.591843
 -70.901627   41.590382
 -70.910767   41.593674
 -70.922829   41.613785
 -70.930511   41.612320
 -70.930031   41.608459
 -70.931503   41.608299
 -70.928223   41.593971
 -70.928078   41.592846
 -70.933777   41.581360
 -70.936867   41.579136
 -70.942574   41.575024
 -70.944359   41.570034
 -70.944405   41.569904
 -70.937332   41.563168
 -70.937218   41.558361
 -70.937820   41.553085
 -70.937057   41.551773
 -70.934189   41.546856
 -70.930145   41.539921
 -70.937378   41.539921
 -70.941193   41.539921
 -70.941849   41.539921
 -70.943626   41.538692
 -70.947304   41.536167
 -70.947693   41.535896
 -70.948387   41.529373
 -70.948433   41.528950
 -70.955421   41.525105
 -70.955742   41.524929
 -70.958672   41.524559
 -70.959061   41.524948
 -70.964722   41.530621
 -70.965614   41.531509
 -70.966408   41.531384
 -70.972565   41.530411
 -70.980957   41.523697
 -70.983536   41.521637
 -70.983475   41.521133
 -70.983711   41.520897
 -70.982208   41.509312
 -70.992775   41.510319
 -71.005836   41.512127
 -71.019371   41.508472
 -71.019928   41.507633
 -71.021858   41.507023
 -71.022835   41.504177
 -71.022491   41.503792
 -71.023026   41.502987
 -71.039482   41.495308
 -71.068367   41.508102
 -71.080070   41.508835
 -71.084457   41.508835
 -71.094177   41.503822
 -71.104446   41.503429
 -71.114891   41.499378
 -71.116631   41.496197
 -71.121071   41.497128
 -71.122070   41.496929
 -71.128304   41.563007
 -71.132126   41.593815
 -71.139198   41.603802
 -71.142021   41.615974
 -71.140984   41.623791
 -71.136200   41.628300
 -71.133400   41.660000
 -71.176598   41.667999
 -71.176506   41.671299
 -71.196198   41.674999
 -71.201775   41.681816
 -71.208801   41.690399
 -71.208878   41.690495
 -71.226303   41.711601
 -71.226463   41.710976
 -71.261902   41.752201
 -71.284920   41.761932
 -71.318306   41.776001
 -71.328400   41.780399
 -71.329399   41.787899
 -71.334396   41.794399
 -71.341202   41.798199
 -71.339401   41.808201
 -71.347702   41.823002
 -71.345398   41.827900
 -71.335701   41.835400
 -71.342705   41.844700
 -71.334908   41.861198
 -71.341301   41.881500
 -71.339203   41.898300
 -71.382202   41.893101
 -71.382103   41.916199

Dukes
MA
63
 -70.695824   41.523716
 -70.691887   41.517735
 -70.675179   41.519276
 -70.671150   41.514530
 -70.681389   41.507053
 -70.708221   41.502083
 -70.708885   41.498768
 -70.705574   41.496452
 -70.710869   41.491482
 -70.718498   41.488167
 -70.734398   41.486179
 -70.745667   41.478230
 -70.757919   41.478230
 -70.761230   41.471931
 -70.756592   41.466965
 -70.760902   41.460667
 -70.777138   41.457024
 -70.790718   41.445759
 -70.798012   41.446423
 -70.811592   41.443111
 -70.816559   41.445759
 -70.825500   41.444103
 -70.848694   41.432838
 -70.856987   41.425884
 -70.868248   41.422237
 -70.902367   41.420246
 -70.923904   41.422237
 -70.929871   41.414616
 -70.950409   41.408657
 -70.950081   41.415279
 -70.945114   41.415279
 -70.941795   41.422237
 -70.933182   41.424889
 -70.928543   41.431183
 -70.922913   41.429527
 -70.920265   41.425552
 -70.911652   41.424557
 -70.906013   41.425884
 -70.901703   41.434162
 -70.888458   41.432507
 -70.881493   41.437809
 -70.862282   41.443111
 -70.861954   41.446751
 -70.857643   41.449406
 -70.849358   41.449738
 -70.832794   41.457687
 -70.822853   41.456032
 -70.820534   41.458019
 -70.807289   41.458019
 -70.803970   41.459675
 -70.802315   41.466965
 -70.793701   41.468620
 -70.787407   41.477238
 -70.775810   41.477238
 -70.769852   41.486511
 -70.761894   41.488167
 -70.745667   41.500755
 -70.738701   41.504070
 -70.730423   41.502743
 -70.719818   41.510365
 -70.718498   41.514339
 -70.707558   41.520306
 -70.699944   41.520969

Dukes
MA
86
 -70.608078   41.479973
 -70.603531   41.481213
 -70.598091   41.479431
 -70.596809   41.471794
 -70.586555   41.470093
 -70.575378   41.468147
 -70.569878   41.470181
 -70.563110   41.467960
 -70.560669   41.464756
 -70.553352   41.451313
 -70.553139   41.447613
 -70.553978   41.439011
 -70.554924   41.429337
 -70.555161   41.426876
 -70.549858   41.417599
 -70.548615   41.416458
 -70.541901   41.410313
 -70.529984   41.405006
 -70.516190   41.402168
 -70.507454   41.400372
 -70.501526   41.385223
 -70.501488   41.385132
 -70.489563   41.383144
 -70.483765   41.388260
 -70.473648   41.394634
 -70.472336   41.395073
 -70.472321   41.395473
 -70.472267   41.397091
 -70.471771   41.410809
 -70.465736   41.418076
 -70.465141   41.418526
 -70.452965   41.420612
 -70.451340   41.420769
 -70.447227   41.400612
 -70.447502   41.389645
 -70.450912   41.348660
 -70.451103   41.348557
 -70.455833   41.346943
 -70.457603   41.346916
 -70.473656   41.348022
 -70.484154   41.346523
 -70.494858   41.346363
 -70.504333   41.346790
 -70.538826   41.348839
 -70.607224   41.348820
 -70.651711   41.346024
 -70.710350   41.341614
 -70.727699   41.337109
 -70.732742   41.336098
 -70.734001   41.335468
 -70.752136   41.326401
 -70.756592   41.324173
 -70.757828   41.322868
 -70.768517   41.311581
 -70.768501   41.311550
 -70.767639   41.306431
 -70.767845   41.306080
 -70.774193   41.301189
 -70.778679   41.301327
 -70.800255   41.312462
 -70.802132   41.311348
 -70.840744   41.346035
 -70.835449   41.352665
 -70.821526   41.351337
 -70.814903   41.355976
 -70.786415   41.346699
 -70.775810   41.348686
 -70.768517   41.352665
 -70.768219   41.353111
 -70.757919   41.368565
 -70.744011   41.377846
 -70.732742   41.397720
 -70.725456   41.397720
 -70.712463   41.408756
 -70.712196   41.408985
 -70.701599   41.433502
 -70.689011   41.436153
 -70.687683   41.440128
 -70.671783   41.442116
 -70.663834   41.457355
 -70.659195   41.460007
 -70.655869   41.460007
 -70.649910   41.460007
 -70.638649   41.463322
 -70.630188   41.468159
 -70.608078   41.479973

Essex
MA
174
 -71.246002   42.742500
 -71.224403   42.746601
 -71.182304   42.737499
 -71.186600   42.790600
 -71.182907   42.794201
 -71.167160   42.808247
 -71.133003   42.821301
 -71.116402   42.817600
 -71.064705   42.806198
 -71.054108   42.833000
 -71.044907   42.848701
 -71.031708   42.859001
 -71.004906   42.863300
 -70.998100   42.864300
 -70.967003   42.868900
 -70.931305   42.884499
 -70.915398   42.886501
 -70.915382   42.886475
 -70.903275   42.886440
 -70.886101   42.882401
 -70.849129   42.860847
 -70.825302   42.870899
 -70.817787   42.871990
 -70.814743   42.822662
 -70.813850   42.819023
 -70.811852   42.810883
 -70.800926   42.766335
 -70.793175   42.750443
 -70.783875   42.731365
 -70.770630   42.704163
 -70.757355   42.685032
 -70.745659   42.682377
 -70.724991   42.666107
 -70.720680   42.662712
 -70.709526   42.658459
 -70.691460   42.655804
 -70.673920   42.670151
 -70.668076   42.670151
 -70.664886   42.677059
 -70.645226   42.688751
 -70.640923   42.689827
 -70.632469   42.691940
 -70.627686   42.690876
 -70.619186   42.685032
 -70.623444   42.680779
 -70.620781   42.658993
 -70.611748   42.660587
 -70.607498   42.658459
 -70.596336   42.660587
 -70.597397   42.651550
 -70.592613   42.648895
 -70.595810   42.641987
 -70.591026   42.639332
 -70.596863   42.632957
 -70.599525   42.634548
 -70.612282   42.631359
 -70.618652   42.626575
 -70.618698   42.626232
 -70.619186   42.622856
 -70.623444   42.622856
 -70.634064   42.616482
 -70.633003   42.607449
 -70.639374   42.595757
 -70.656387   42.580875
 -70.663826   42.580345
 -70.684555   42.587784
 -70.694115   42.583530
 -70.698364   42.577156
 -70.708992   42.575031
 -70.710052   42.571838
 -70.715187   42.571377
 -70.715904   42.571312
 -70.716087   42.571812
 -70.717178   42.574703
 -70.717499   42.575565
 -70.722282   42.575565
 -70.723869   42.570782
 -70.730247   42.570782
 -70.734505   42.577156
 -70.757355   42.570248
 -70.762138   42.567593
 -70.764793   42.561214
 -70.771172   42.561749
 -70.773827   42.558029
 -70.779671   42.564404
 -70.787109   42.564404
 -70.795082   42.563339
 -70.795372   42.563183
 -70.801994   42.559620
 -70.805176   42.560684
 -70.822716   42.551121
 -70.830688   42.551121
 -70.846092   42.546337
 -70.849815   42.550056
 -70.854065   42.548992
 -70.861504   42.543678
 -70.862778   42.540913
 -70.867355   42.530926
 -70.866814   42.525082
 -70.865242   42.523823
 -70.861504   42.520828
 -70.847160   42.518173
 -70.842903   42.519238
 -70.841309   42.508610
 -70.851944   42.500637
 -70.856194   42.491070
 -70.877975   42.478848
 -70.878700   42.478058
 -70.896049   42.459183
 -70.918350   42.466972
 -70.921219   42.465588
 -70.934372   42.459240
 -70.934799   42.455231
 -70.936607   42.438286
 -70.927002   42.430496
 -70.913750   42.428566
 -70.901405   42.419846
 -70.907021   42.415554
 -70.920792   42.422596
 -70.937172   42.416016
 -70.937889   42.424992
 -70.941711   42.438995
 -70.939850   42.455315
 -70.942360   42.455296
 -70.948463   42.455250
 -70.958084   42.444241
 -70.969101   42.444302
 -70.982803   42.431198
 -70.990906   42.434898
 -70.996521   42.431030
 -71.004105   42.429798
 -71.003998   42.432598
 -71.008705   42.434502
 -71.010002   42.432899
 -71.012505   42.439602
 -71.010002   42.441101
 -71.018997   42.450001
 -71.025803   42.444801
 -71.054001   42.475800
 -71.053101   42.485699
 -71.045998   42.488499
 -71.040604   42.495499
 -71.044502   42.500599
 -71.036598   42.505100
 -71.042198   42.519798
 -71.039597   42.523800
 -71.041702   42.525799
 -71.066399   42.524300
 -71.075798   42.530800
 -71.071533   42.555618
 -71.057510   42.574203
 -71.053429   42.571194
 -71.044510   42.573399
 -71.034592   42.570538
 -71.028702   42.573849
 -71.034325   42.585358
 -71.059761   42.606232
 -71.059143   42.608944
 -71.076462   42.604000
 -71.135796   42.598969
 -71.143578   42.603989
 -71.149117   42.613159
 -71.154839   42.615185
 -71.159119   42.612850
 -71.165520   42.597874
 -71.181702   42.607899
 -71.177902   42.608799
 -71.177101   42.613899
 -71.171906   42.616100
 -71.256599   42.656601
 -71.250801   42.660500
 -71.242699   42.662209
 -71.238602   42.669399
 -71.256447   42.736012

Franklin
MA
149
 -73.023361   42.741051
 -73.019104   42.740974
 -72.930710   42.739212
 -72.927284   42.739143
 -72.864670   42.737755
 -72.809578   42.736500
 -72.791473   42.735939
 -72.686829   42.733109
 -72.675041   42.732807
 -72.599106   42.730839
 -72.566338   42.729908
 -72.517242   42.728447
 -72.458984   42.726772
 -72.451729   42.726597
 -72.412491   42.725353
 -72.326614   42.722729
 -72.283455   42.721462
 -72.272461   42.674576
 -72.258858   42.675323
 -72.257858   42.667873
 -72.243721   42.669281
 -72.242424   42.661621
 -72.229996   42.662785
 -72.225304   42.638897
 -72.229210   42.638287
 -72.225891   42.630112
 -72.232117   42.625000
 -72.227982   42.621925
 -72.228539   42.615253
 -72.255180   42.611549
 -72.253754   42.605198
 -72.259369   42.603745
 -72.261040   42.600773
 -72.267624   42.600605
 -72.262207   42.575672
 -72.267220   42.577461
 -72.271545   42.576042
 -72.274109   42.579060
 -72.275040   42.576504
 -72.277527   42.577225
 -72.271950   42.547176
 -72.269699   42.533318
 -72.245422   42.513466
 -72.291893   42.479408
 -72.283882   42.441109
 -72.287941   42.437077
 -72.291122   42.437363
 -72.289375   42.435394
 -72.292603   42.433674
 -72.292618   42.429775
 -72.302902   42.424313
 -72.302582   42.420219
 -72.306763   42.420025
 -72.310455   42.408440
 -72.314194   42.406361
 -72.314064   42.396328
 -72.316467   42.394455
 -72.310532   42.387272
 -72.314934   42.381611
 -72.311546   42.372326
 -72.316101   42.369869
 -72.310822   42.364445
 -72.313316   42.362049
 -72.315071   42.343437
 -72.315407   42.339451
 -72.318611   42.339108
 -72.325455   42.330585
 -72.325226   42.325867
 -72.328506   42.326305
 -72.328598   42.318699
 -72.333664   42.318932
 -72.335472   42.315136
 -72.342461   42.314342
 -72.346794   42.309662
 -72.351929   42.309975
 -72.350143   42.308193
 -72.353249   42.307301
 -72.350365   42.304424
 -72.352791   42.306198
 -72.356415   42.303310
 -72.361031   42.307571
 -72.354942   42.315601
 -72.354813   42.323673
 -72.351784   42.324818
 -72.353935   42.327576
 -72.351440   42.335163
 -72.355797   42.340511
 -72.355736   42.343288
 -72.359886   42.345867
 -72.359787   42.349747
 -72.356903   42.350479
 -72.359634   42.364025
 -72.356750   42.366306
 -72.361145   42.368744
 -72.364342   42.378323
 -72.366997   42.379002
 -72.364182   42.381809
 -72.367493   42.384174
 -72.364235   42.386726
 -72.369354   42.396259
 -72.367081   42.403191
 -72.371994   42.408604
 -72.370331   42.410191
 -72.374062   42.413231
 -72.372650   42.416103
 -72.375923   42.420341
 -72.484253   42.407379
 -72.490402   42.433628
 -72.531303   42.428593
 -72.544525   42.427013
 -72.581573   42.422417
 -72.669662   42.409569
 -72.704811   42.405449
 -72.701424   42.452843
 -72.758179   42.445877
 -72.757591   42.452312
 -72.766426   42.451553
 -72.765594   42.455753
 -72.759521   42.456383
 -72.758766   42.460854
 -72.764778   42.459991
 -72.764206   42.463524
 -72.856262   42.480923
 -72.871651   42.484097
 -72.875656   42.506985
 -72.871834   42.524464
 -72.875977   42.525715
 -72.877411   42.541069
 -72.975838   42.555847
 -72.955040   42.628628
 -72.951561   42.641533
 -72.956184   42.654385
 -72.956711   42.666271
 -72.962181   42.667046
 -72.965019   42.664169
 -72.976501   42.660782
 -72.989250   42.667046
 -72.996346   42.673668
 -72.989410   42.674381
 -72.988831   42.678539
 -72.976639   42.679096
 -72.975159   42.688576
 -72.963615   42.687572
 -72.954117   42.690659
 -72.951820   42.694443
 -72.954201   42.698311
 -72.950089   42.704823
 -72.998360   42.701160
 -73.023949   42.702518

Hampden
MA
113
 -73.000832   42.312263
 -72.953842   42.343761
 -72.896095   42.340725
 -72.895218   42.331387
 -72.885742   42.332516
 -72.881218   42.265293
 -72.912895   42.239223
 -72.872414   42.216240
 -72.868782   42.223152
 -72.857918   42.240208
 -72.813858   42.244705
 -72.812912   42.234818
 -72.793854   42.236671
 -72.792480   42.217121
 -72.782623   42.217007
 -72.781708   42.199402
 -72.687401   42.183102
 -72.691071   42.212994
 -72.670502   42.216301
 -72.668198   42.225300
 -72.656799   42.227600
 -72.634804   42.273899
 -72.613503   42.286098
 -72.609200   42.285301
 -72.601799   42.281200
 -72.599403   42.268002
 -72.618500   42.247986
 -72.624397   42.233601
 -72.621399   42.229198
 -72.613403   42.224899
 -72.608398   42.216202
 -72.593903   42.211601
 -72.546799   42.216400
 -72.524704   42.218800
 -72.447617   42.227249
 -72.404579   42.231743
 -72.396034   42.185711
 -72.358498   42.189568
 -72.361244   42.190960
 -72.360413   42.196304
 -72.363968   42.197105
 -72.365059   42.206657
 -72.360992   42.205120
 -72.356415   42.208927
 -72.351822   42.207233
 -72.346542   42.210865
 -72.346031   42.216320
 -72.336113   42.220062
 -72.281715   42.234798
 -72.278084   42.232944
 -72.270927   42.236721
 -72.268669   42.229153
 -72.257950   42.229759
 -72.247398   42.241997
 -72.221565   42.245113
 -72.262192   42.203728
 -72.264992   42.196911
 -72.264351   42.183792
 -72.201088   42.160999
 -72.199783   42.153496
 -72.142319   42.160805
 -72.135277   42.161640
 -72.135429   42.090691
 -72.136169   42.030151
 -72.199242   42.030933
 -72.205559   42.030975
 -72.271080   42.031586
 -72.367546   42.032612
 -72.397903   42.032993
 -72.458656   42.033970
 -72.509666   42.034046
 -72.532051   42.033913
 -72.573692   42.030048
 -72.582802   42.024601
 -72.607399   42.024899
 -72.608398   42.030701
 -72.714600   42.036800
 -72.756302   42.036098
 -72.758003   42.033199
 -72.752197   42.030102
 -72.754501   42.025299
 -72.757927   42.020851
 -72.765587   42.021839
 -72.765953   42.019409
 -72.760201   42.016899
 -72.763702   42.012699
 -72.761803   42.009399
 -72.766602   42.007599
 -72.767197   42.002899
 -72.775200   42.002102
 -72.817200   41.997501
 -72.814003   42.036400
 -72.835350   42.036621
 -72.864189   42.037617
 -72.979454   42.038383
 -73.009201   42.038761
 -73.053703   42.039768
 -73.057236   42.047924
 -73.054520   42.057919
 -73.060936   42.060757
 -73.058884   42.067043
 -73.073502   42.094090
 -73.075333   42.105309
 -73.072388   42.107910
 -73.073181   42.111320
 -73.061394   42.118092
 -73.069756   42.131210
 -73.070709   42.140057
 -73.071617   42.148136
 -73.035507   42.143616
 -73.008423   42.238415
 -73.004715   42.251251
 -73.002304   42.251003

Hampshire
MA
165
 -73.000832   42.312263
 -73.009422   42.304569
 -73.017365   42.310631
 -73.020294   42.308208
 -73.031479   42.308968
 -73.039543   42.314732
 -73.041084   42.320221
 -73.046082   42.319057
 -73.063339   42.328686
 -73.064835   42.339672
 -73.069069   42.380577
 -73.066368   42.388943
 -73.012161   42.379681
 -73.009651   42.387680
 -72.993362   42.448929
 -72.988777   42.466778
 -72.979843   42.497669
 -72.969009   42.539867
 -72.979599   42.541573
 -72.975838   42.555847
 -72.877411   42.541069
 -72.875977   42.525715
 -72.871834   42.524464
 -72.875656   42.506985
 -72.871651   42.484097
 -72.856262   42.480923
 -72.764206   42.463524
 -72.764778   42.459991
 -72.758766   42.460854
 -72.759521   42.456383
 -72.765594   42.455753
 -72.766426   42.451553
 -72.757591   42.452312
 -72.758179   42.445877
 -72.701424   42.452843
 -72.704811   42.405449
 -72.669662   42.409569
 -72.581573   42.422417
 -72.544525   42.427013
 -72.531303   42.428593
 -72.490402   42.433628
 -72.484253   42.407379
 -72.375923   42.420341
 -72.372650   42.416103
 -72.374062   42.413231
 -72.370331   42.410191
 -72.371994   42.408604
 -72.367081   42.403191
 -72.369354   42.396259
 -72.364235   42.386726
 -72.367493   42.384174
 -72.364182   42.381809
 -72.366997   42.379002
 -72.364342   42.378323
 -72.361145   42.368744
 -72.356750   42.366306
 -72.359634   42.364025
 -72.356903   42.350479
 -72.359787   42.349747
 -72.359886   42.345867
 -72.355736   42.343288
 -72.355797   42.340511
 -72.351440   42.335163
 -72.353935   42.327576
 -72.351784   42.324818
 -72.354813   42.323673
 -72.354942   42.315601
 -72.361031   42.307571
 -72.356415   42.303310
 -72.352791   42.306198
 -72.350365   42.304424
 -72.353249   42.307301
 -72.350143   42.308193
 -72.351929   42.309975
 -72.346794   42.309662
 -72.342461   42.314342
 -72.335472   42.315136
 -72.333664   42.318932
 -72.328598   42.318699
 -72.328506   42.326305
 -72.325226   42.325867
 -72.325455   42.330585
 -72.318611   42.339108
 -72.315407   42.339451
 -72.315071   42.343437
 -72.307274   42.344154
 -72.301598   42.348320
 -72.289207   42.351936
 -72.284714   42.351967
 -72.281876   42.336132
 -72.278946   42.336414
 -72.277626   42.329304
 -72.280617   42.328987
 -72.275108   42.301872
 -72.262459   42.305172
 -72.262016   42.303204
 -72.211800   42.310986
 -72.213066   42.301975
 -72.217247   42.296421
 -72.217339   42.294044
 -72.214706   42.294186
 -72.211288   42.294369
 -72.203842   42.291073
 -72.212608   42.282578
 -72.213417   42.269833
 -72.218361   42.269997
 -72.216614   42.256050
 -72.211754   42.255543
 -72.211647   42.251034
 -72.210701   42.247066
 -72.218361   42.248421
 -72.221565   42.245113
 -72.247398   42.241997
 -72.257950   42.229759
 -72.268669   42.229153
 -72.270927   42.236721
 -72.278084   42.232944
 -72.281715   42.234798
 -72.336113   42.220062
 -72.346031   42.216320
 -72.346542   42.210865
 -72.351822   42.207233
 -72.356415   42.208927
 -72.360992   42.205120
 -72.365059   42.206657
 -72.363968   42.197105
 -72.360413   42.196304
 -72.361244   42.190960
 -72.358498   42.189568
 -72.396034   42.185711
 -72.404579   42.231743
 -72.447617   42.227249
 -72.524704   42.218800
 -72.546799   42.216400
 -72.593903   42.211601
 -72.608398   42.216202
 -72.613403   42.224899
 -72.621399   42.229198
 -72.624397   42.233601
 -72.618500   42.247986
 -72.599403   42.268002
 -72.601799   42.281200
 -72.609200   42.285301
 -72.613503   42.286098
 -72.634804   42.273899
 -72.656799   42.227600
 -72.668198   42.225300
 -72.670502   42.216301
 -72.691071   42.212994
 -72.687401   42.183102
 -72.781708   42.199402
 -72.782623   42.217007
 -72.792480   42.217121
 -72.793854   42.236671
 -72.812912   42.234818
 -72.813858   42.244705
 -72.857918   42.240208
 -72.868782   42.223152
 -72.872414   42.216240
 -72.912895   42.239223
 -72.881218   42.265293
 -72.885742   42.332516
 -72.895218   42.331387
 -72.896095   42.340725
 -72.953842   42.343761

Middlesex
MA
187
 -71.899193   42.711330
 -71.805901   42.708900
 -71.773003   42.707901
 -71.701706   42.706299
 -71.652107   42.705101
 -71.630905   42.704601
 -71.543503   42.702599
 -71.542908   42.702599
 -71.458282   42.700436
 -71.432800   42.699902
 -71.387100   42.698700
 -71.369682   42.698208
 -71.294701   42.696899
 -71.256447   42.736012
 -71.238602   42.669399
 -71.242699   42.662209
 -71.250801   42.660500
 -71.256599   42.656601
 -71.171906   42.616100
 -71.177101   42.613899
 -71.177902   42.608799
 -71.181702   42.607899
 -71.165520   42.597874
 -71.159119   42.612850
 -71.154839   42.615185
 -71.149117   42.613159
 -71.143578   42.603989
 -71.135796   42.598969
 -71.076462   42.604000
 -71.059143   42.608944
 -71.059761   42.606232
 -71.034325   42.585358
 -71.028702   42.573849
 -71.034592   42.570538
 -71.044510   42.573399
 -71.053429   42.571194
 -71.057510   42.574203
 -71.071533   42.555618
 -71.075798   42.530800
 -71.066399   42.524300
 -71.041702   42.525799
 -71.039597   42.523800
 -71.042198   42.519798
 -71.036598   42.505100
 -71.044502   42.500599
 -71.040604   42.495499
 -71.045998   42.488499
 -71.053101   42.485699
 -71.054001   42.475800
 -71.025803   42.444801
 -71.020599   42.438202
 -71.028603   42.424000
 -71.033600   42.414600
 -71.041107   42.401699
 -71.048706   42.396500
 -71.053001   42.396900
 -71.050507   42.393375
 -71.055801   42.387001
 -71.066200   42.386501
 -71.071404   42.388901
 -71.067902   42.394901
 -71.073997   42.391701
 -71.081398   42.382301
 -71.076202   42.380100
 -71.073502   42.373299
 -71.064598   42.368900
 -71.070305   42.368999
 -71.077599   42.358601
 -71.099701   42.352699
 -71.111504   42.352501
 -71.117599   42.355499
 -71.117706   42.367100
 -71.127998   42.372898
 -71.131500   42.373699
 -71.133705   42.372501
 -71.132507   42.369598
 -71.140503   42.364399
 -71.144302   42.364899
 -71.149002   42.361099
 -71.169197   42.359299
 -71.175301   42.349998
 -71.167305   42.339699
 -71.169601   42.338100
 -71.168198   42.333199
 -71.161774   42.333298
 -71.157501   42.330002
 -71.179504   42.314201
 -71.165199   42.303600
 -71.191704   42.282600
 -71.191597   42.285999
 -71.194702   42.287899
 -71.196701   42.285999
 -71.205200   42.289299
 -71.213402   42.305698
 -71.227402   42.308498
 -71.227997   42.315201
 -71.230904   42.320202
 -71.246201   42.320599
 -71.253403   42.326401
 -71.256203   42.324100
 -71.270401   42.327900
 -71.327599   42.313599
 -71.329903   42.312302
 -71.323402   42.296299
 -71.308701   42.270802
 -71.303070   42.247955
 -71.332603   42.248600
 -71.332657   42.247208
 -71.329391   42.244431
 -71.329727   42.233028
 -71.343307   42.220444
 -71.338509   42.214920
 -71.340073   42.213505
 -71.347290   42.215080
 -71.352570   42.210041
 -71.352066   42.206436
 -71.344299   42.200504
 -71.385124   42.191837
 -71.404869   42.188114
 -71.402679   42.178543
 -71.430511   42.179100
 -71.444458   42.174488
 -71.464218   42.157890
 -71.478378   42.156597
 -71.478241   42.165642
 -71.497604   42.166451
 -71.502914   42.191196
 -71.507172   42.188679
 -71.539757   42.189362
 -71.556305   42.181969
 -71.557327   42.191776
 -71.573280   42.192142
 -71.572540   42.194126
 -71.583969   42.194942
 -71.603325   42.217472
 -71.600418   42.225471
 -71.587875   42.259296
 -71.562340   42.267616
 -71.550499   42.265919
 -71.540962   42.262672
 -71.532829   42.266048
 -71.522659   42.266247
 -71.515228   42.267414
 -71.506432   42.264381
 -71.506088   42.272720
 -71.497330   42.289749
 -71.486702   42.310299
 -71.487106   42.330002
 -71.508446   42.327866
 -71.516563   42.330299
 -71.551735   42.326599
 -71.569633   42.320450
 -71.585838   42.311089
 -71.605789   42.330338
 -71.604851   42.336849
 -71.618866   42.342480
 -71.625328   42.350368
 -71.610542   42.357601
 -71.603554   42.367409
 -71.608398   42.370399
 -71.580704   42.387089
 -71.604416   42.397648
 -71.585922   42.406929
 -71.559540   42.411888
 -71.549568   42.447395
 -71.543846   42.466164
 -71.560760   42.474438
 -71.530281   42.519493
 -71.539360   42.542816
 -71.580818   42.550331
 -71.595222   42.543205
 -71.608322   42.545277
 -71.620529   42.552361
 -71.628922   42.547977
 -71.636566   42.539833
 -71.639771   42.531296
 -71.636307   42.523998
 -71.679108   42.530201
 -71.665108   42.611500
 -71.776001   42.643799
 -71.775803   42.636501
 -71.845200   42.637699
 -71.858902   42.633598
 -71.858307   42.674900
 -71.866302   42.684101
 -71.870300   42.683601
 -71.897568   42.703739

Nantucket
MA
44
 -70.050117   41.388493
 -70.050117   41.392288
 -70.036606   41.381073
 -70.021606   41.367767
 -69.960823   41.277927
 -69.959747   41.266090
 -69.966202   41.251568
 -69.990021   41.242832
 -70.014008   41.238182
 -70.039734   41.240112
 -70.085091   41.243500
 -70.096390   41.240273
 -70.108757   41.240273
 -70.159706   41.250999
 -70.159874   41.251034
 -70.235718   41.282230
 -70.256706   41.288151
 -70.267998   41.295143
 -70.277145   41.305904
 -70.278221   41.312359
 -70.258308   41.309669
 -70.248093   41.305904
 -70.241104   41.299984
 -70.240021   41.295143
 -70.225502   41.290302
 -70.210419   41.290806
 -70.209358   41.290840
 -70.207405   41.291489
 -70.203758   41.292706
 -70.192451   41.295704
 -70.181648   41.293644
 -70.123383   41.293808
 -70.123405   41.294071
 -70.113602   41.294067
 -70.094116   41.298672
 -70.074875   41.303211
 -70.054970   41.315590
 -70.038284   41.331722
 -70.028458   41.348274
 -70.028061   41.348942
 -70.028046   41.349369
 -70.027527   41.361851
 -70.031296   41.370461
 -70.050117   41.386597

Norfolk
MA
11
 -71.165199   42.303600
 -71.179504   42.314201
 -71.157501   42.330002
 -71.125504   42.351101
 -71.107101   42.349602
 -71.106201   42.343899
 -71.111107   42.340099
 -71.117203   42.323601
 -71.125107   42.321499
 -71.146301   42.297798
 -71.152702   42.294498

Norfolk
MA
113
 -71.028908   42.308701
 -71.028809   42.308586
 -71.022598   42.305500
 -71.010307   42.305099
 -70.999107   42.311901
 -70.989197   42.313499
 -70.976501   42.299999
 -70.960701   42.299400
 -70.960907   42.287601
 -70.938202   42.277401
 -70.926178   42.289326
 -70.926003   42.289501
 -70.914597   42.288700
 -70.914001   42.278599
 -70.902603   42.267399
 -70.909508   42.264301
 -70.917908   42.263802
 -70.917595   42.255501
 -70.932709   42.252686
 -70.933998   42.249901
 -70.922905   42.229198
 -70.924004   42.225800
 -70.915398   42.225006
 -70.925156   42.157406
 -70.941101   42.151001
 -70.981506   42.135201
 -71.002502   42.126301
 -71.022797   42.118500
 -71.062508   42.103298
 -71.080704   42.095600
 -71.138687   42.073147
 -71.169106   42.061604
 -71.178520   42.057873
 -71.287399   42.014801
 -71.364639   41.985199
 -71.381798   41.984901
 -71.381905   42.018700
 -71.458603   42.017700
 -71.498505   42.017101
 -71.498703   42.064602
 -71.498299   42.095058
 -71.495651   42.100700
 -71.499725   42.104439
 -71.503197   42.110619
 -71.501694   42.117516
 -71.478455   42.131767
 -71.478378   42.156597
 -71.464218   42.157890
 -71.444458   42.174488
 -71.430511   42.179100
 -71.402679   42.178543
 -71.404869   42.188114
 -71.385124   42.191837
 -71.344299   42.200504
 -71.352066   42.206436
 -71.352570   42.210041
 -71.347290   42.215080
 -71.340073   42.213505
 -71.338509   42.214920
 -71.343307   42.220444
 -71.329727   42.233028
 -71.329391   42.244431
 -71.332657   42.247208
 -71.332603   42.248600
 -71.303070   42.247955
 -71.308701   42.270802
 -71.323402   42.296299
 -71.329903   42.312302
 -71.327599   42.313599
 -71.270401   42.327900
 -71.256203   42.324100
 -71.253403   42.326401
 -71.246201   42.320599
 -71.230904   42.320202
 -71.227997   42.315201
 -71.227402   42.308498
 -71.213402   42.305698
 -71.205200   42.289299
 -71.196701   42.285999
 -71.194702   42.287899
 -71.191597   42.285999
 -71.191704   42.282600
 -71.188599   42.280102
 -71.183701   42.275600
 -71.174797   42.275398
 -71.174301   42.266701
 -71.158905   42.254902
 -71.152702   42.258099
 -71.147102   42.255501
 -71.142906   42.235699
 -71.131203   42.227699
 -71.122803   42.234299
 -71.126701   42.238800
 -71.109703   42.247898
 -71.110001   42.255402
 -71.114304   42.259201
 -71.111504   42.261200
 -71.103882   42.259617
 -71.095398   42.266800
 -71.091103   42.266602
 -71.089996   42.269600
 -71.083603   42.268299
 -71.065903   42.270699
 -71.062103   42.267200
 -71.053902   42.272202
 -71.056000   42.275600
 -71.053505   42.277100
 -71.043304   42.276901
 -71.035797   42.288700
 -71.041801   42.299999
 -71.042198   42.305199
 -71.037598   42.306499
 -71.028908   42.308701

Norfolk
MA
27
 -70.826263   42.264679
 -70.825081   42.263763
 -70.812241   42.262653
 -70.806320   42.258705
 -70.802246   42.259201
 -70.800522   42.256237
 -70.796570   42.256359
 -70.794228   42.253399
 -70.789169   42.253769
 -70.785835   42.250809
 -70.786041   42.243912
 -70.789551   42.240070
 -70.783577   42.240456
 -70.782227   42.236504
 -70.789200   42.232498
 -70.785591   42.225178
 -70.788681   42.225731
 -70.788582   42.223240
 -70.827446   42.200581
 -70.841362   42.213039
 -70.854050   42.239437
 -70.841736   42.243317
 -70.849907   42.247234
 -70.845131   42.260410
 -70.836250   42.264694
 -70.826569   42.264339
 -70.826263   42.264679

Plymouth
MA
188
 -70.926178   42.289326
 -70.923111   42.303432
 -70.906487   42.307453
 -70.896080   42.305809
 -70.889870   42.309460
 -70.882385   42.309460
 -70.883842   42.305988
 -70.880920   42.298683
 -70.869957   42.283524
 -70.850960   42.267632
 -70.847855   42.269276
 -70.842194   42.267082
 -70.840370   42.270008
 -70.834160   42.266354
 -70.829590   42.267269
 -70.826263   42.264679
 -70.826569   42.264339
 -70.836250   42.264694
 -70.845131   42.260410
 -70.849907   42.247234
 -70.841736   42.243317
 -70.854050   42.239437
 -70.841362   42.213039
 -70.827446   42.200581
 -70.788582   42.223240
 -70.788681   42.225731
 -70.785591   42.225178
 -70.789200   42.232498
 -70.782227   42.236504
 -70.783577   42.240456
 -70.789551   42.240070
 -70.786041   42.243912
 -70.786118   42.241455
 -70.774651   42.244129
 -70.771698   42.247631
 -70.772614   42.254269
 -70.767136   42.254730
 -70.767593   42.251366
 -70.763771   42.251270
 -70.764732   42.243301
 -70.760910   42.242332
 -70.755730   42.228638
 -70.733322   42.212242
 -70.715286   42.205135
 -70.715286   42.189835
 -70.718567   42.188744
 -70.719109   42.183823
 -70.715286   42.170708
 -70.678909   42.126469
 -70.662277   42.106224
 -70.640953   42.090328
 -70.638229   42.082180
 -70.645332   42.078899
 -70.649162   42.072891
 -70.649086   42.072605
 -70.643700   42.051575
 -70.657356   42.042290
 -70.666649   42.040100
 -70.669930   42.035728
 -70.672112   42.020428
 -70.667198   42.011684
 -70.671021   42.007313
 -70.679771   42.005127
 -70.696701   42.014416
 -70.709824   42.006767
 -70.708778   42.003883
 -70.707642   42.000755
 -70.700539   41.996929
 -70.699440   41.987091
 -70.691856   41.983299
 -70.679771   41.977257
 -70.667198   41.960316
 -70.649162   41.949387
 -70.627846   41.947201
 -70.624565   41.942829
 -70.616379   41.939548
 -70.609268   41.939548
 -70.598343   41.947201
 -70.584137   41.949387
 -70.568832   41.940098
 -70.567734   41.936272
 -70.550797   41.927528
 -70.541504   41.927528
 -70.538773   41.920425
 -70.545883   41.917145
 -70.547523   41.910042
 -70.532219   41.889271
 -70.533859   41.884357
 -70.531128   41.865776
 -70.525658   41.858124
 -70.532761   41.840637
 -70.542603   41.830257
 -70.542053   41.815498
 -70.537926   41.810658
 -70.538025   41.810570
 -70.565811   41.786598
 -70.633057   41.762737
 -70.621315   41.747425
 -70.633202   41.737778
 -70.633102   41.733551
 -70.639854   41.728943
 -70.644226   41.717361
 -70.644363   41.717251
 -70.652504   41.714397
 -70.666283   41.716297
 -70.676247   41.725319
 -70.690498   41.723896
 -70.695251   41.726746
 -70.707123   41.728168
 -70.712814   41.735291
 -70.717560   41.737190
 -70.722786   41.734341
 -70.720886   41.722942
 -70.721565   41.721050
 -70.723267   41.716297
 -70.720886   41.712498
 -70.713287   41.708698
 -70.718040   41.693977
 -70.716133   41.690651
 -70.718994   41.687805
 -70.715668   41.676407
 -70.719467   41.676884
 -70.720413   41.680206
 -70.740829   41.691605
 -70.745583   41.697300
 -70.755081   41.697300
 -70.752235   41.685429
 -70.744629   41.674984
 -70.745583   41.671185
 -70.750328   41.673084
 -70.753326   41.670788
 -70.758400   41.666908
 -70.757927   41.652187
 -70.762680   41.648388
 -70.765526   41.640793
 -70.770271   41.640316
 -70.778343   41.650288
 -70.791168   41.652664
 -70.805412   41.642216
 -70.801147   41.630344
 -70.804939   41.626545
 -70.811111   41.624649
 -70.819664   41.629868
 -70.829636   41.624649
 -70.839607   41.625118
 -70.843300   41.627979
 -70.845665   41.644577
 -70.858498   41.681248
 -70.865845   41.700874
 -70.887100   41.759968
 -70.905251   41.757854
 -70.907982   41.763439
 -70.922226   41.790752
 -71.026894   41.779137
 -71.015007   41.799278
 -71.037163   41.816227
 -71.008507   41.837864
 -70.974243   41.860928
 -70.987938   41.906017
 -70.995087   41.906567
 -70.993698   41.914841
 -70.998627   41.916039
 -70.996269   41.925232
 -71.000504   41.929501
 -71.011200   41.939701
 -71.050491   41.963329
 -71.054863   41.980782
 -71.056000   41.985401
 -71.070000   42.049599
 -71.080704   42.095600
 -71.062508   42.103298
 -71.022797   42.118500
 -71.002502   42.126301
 -70.981506   42.135201
 -70.941101   42.151001
 -70.925156   42.157406
 -70.915398   42.225006
 -70.924004   42.225800
 -70.922905   42.229198
 -70.933998   42.249901
 -70.932709   42.252686
 -70.917595   42.255501
 -70.917908   42.263802
 -70.909508   42.264301
 -70.902603   42.267399
 -70.914001   42.278599
 -70.914597   42.288700
 -70.926003   42.289501

Suffolk
MA
123
 -71.025803   42.444801
 -71.018997   42.450001
 -71.010002   42.441101
 -71.012505   42.439602
 -71.010002   42.432899
 -71.008705   42.434502
 -71.003998   42.432598
 -71.004105   42.429798
 -70.996521   42.431030
 -70.990906   42.434898
 -70.982803   42.431198
 -70.969101   42.444302
 -70.958084   42.444241
 -70.962662   42.438992
 -70.983574   42.423580
 -70.991463   42.407257
 -70.989815   42.402489
 -70.984314   42.401936
 -70.981102   42.392014
 -70.980453   42.390011
 -70.968903   42.389828
 -70.967064   42.387077
 -70.971840   42.385059
 -70.972755   42.380657
 -70.967064   42.368000
 -70.970528   42.361534
 -70.966873   42.357346
 -70.966591   42.357021
 -70.958908   42.355984
 -70.953278   42.349812
 -70.952766   42.344048
 -70.957954   42.344711
 -70.970345   42.354870
 -70.970573   42.355164
 -70.976288   42.362431
 -70.986755   42.361717
 -70.988106   42.361626
 -70.992020   42.353508
 -71.002289   42.355522
 -71.009811   42.336449
 -71.015862   42.330578
 -71.025581   42.332043
 -71.034760   42.328377
 -71.046127   42.328743
 -71.047966   42.323055
 -71.037514   42.318283
 -71.028908   42.308701
 -71.037598   42.306499
 -71.042198   42.305199
 -71.041801   42.299999
 -71.035797   42.288700
 -71.043304   42.276901
 -71.053505   42.277100
 -71.056000   42.275600
 -71.053902   42.272202
 -71.062103   42.267200
 -71.065903   42.270699
 -71.083603   42.268299
 -71.089996   42.269600
 -71.091103   42.266602
 -71.095398   42.266800
 -71.103882   42.259617
 -71.111504   42.261200
 -71.114304   42.259201
 -71.110001   42.255402
 -71.109703   42.247898
 -71.126701   42.238800
 -71.122803   42.234299
 -71.131203   42.227699
 -71.142906   42.235699
 -71.147102   42.255501
 -71.152702   42.258099
 -71.158905   42.254902
 -71.174301   42.266701
 -71.174797   42.275398
 -71.183701   42.275600
 -71.188599   42.280102
 -71.191704   42.282600
 -71.165199   42.303600
 -71.152702   42.294498
 -71.146301   42.297798
 -71.125107   42.321499
 -71.117203   42.323601
 -71.111107   42.340099
 -71.106201   42.343899
 -71.107101   42.349602
 -71.125504   42.351101
 -71.157501   42.330002
 -71.161774   42.333298
 -71.168198   42.333199
 -71.169601   42.338100
 -71.167305   42.339699
 -71.175301   42.349998
 -71.169197   42.359299
 -71.149002   42.361099
 -71.144302   42.364899
 -71.140503   42.364399
 -71.132507   42.369598
 -71.133705   42.372501
 -71.131500   42.373699
 -71.127998   42.372898
 -71.117706   42.367100
 -71.117599   42.355499
 -71.111504   42.352501
 -71.099701   42.352699
 -71.077599   42.358601
 -71.070305   42.368999
 -71.064598   42.368900
 -71.073502   42.373299
 -71.076202   42.380100
 -71.081398   42.382301
 -71.073997   42.391701
 -71.067902   42.394901
 -71.071404   42.388901
 -71.066200   42.386501
 -71.055801   42.387001
 -71.050507   42.393375
 -71.053001   42.396900
 -71.048706   42.396500
 -71.041107   42.401699
 -71.033600   42.414600
 -71.028603   42.424000
 -71.020599   42.438202

Suffolk
MA
6
 -70.977676   42.309925
 -70.966400   42.326252
 -70.957947   42.331333
 -70.954292   42.329643
 -70.967575   42.313229
 -70.977676   42.309925

Worcester
MA
175
 -72.283455   42.721462
 -72.204117   42.719452
 -72.111542   42.717083
 -72.078918   42.716156
 -71.981880   42.713207
 -71.929291   42.712147
 -71.899193   42.711330
 -71.897568   42.703739
 -71.870300   42.683601
 -71.866302   42.684101
 -71.858307   42.674900
 -71.858902   42.633598
 -71.845200   42.637699
 -71.775803   42.636501
 -71.776001   42.643799
 -71.665108   42.611500
 -71.679108   42.530201
 -71.636307   42.523998
 -71.639771   42.531296
 -71.636566   42.539833
 -71.628922   42.547977
 -71.620529   42.552361
 -71.608322   42.545277
 -71.595222   42.543205
 -71.580818   42.550331
 -71.539360   42.542816
 -71.530281   42.519493
 -71.560760   42.474438
 -71.543846   42.466164
 -71.549568   42.447395
 -71.559540   42.411888
 -71.585922   42.406929
 -71.604416   42.397648
 -71.580704   42.387089
 -71.608398   42.370399
 -71.603554   42.367409
 -71.610542   42.357601
 -71.625328   42.350368
 -71.618866   42.342480
 -71.604851   42.336849
 -71.605789   42.330338
 -71.585838   42.311089
 -71.569633   42.320450
 -71.551735   42.326599
 -71.516563   42.330299
 -71.508446   42.327866
 -71.487106   42.330002
 -71.486702   42.310299
 -71.497330   42.289749
 -71.506088   42.272720
 -71.506432   42.264381
 -71.515228   42.267414
 -71.522659   42.266247
 -71.532829   42.266048
 -71.540962   42.262672
 -71.550499   42.265919
 -71.562340   42.267616
 -71.587875   42.259296
 -71.600418   42.225471
 -71.603325   42.217472
 -71.583969   42.194942
 -71.572540   42.194126
 -71.573280   42.192142
 -71.557327   42.191776
 -71.556305   42.181969
 -71.539757   42.189362
 -71.507172   42.188679
 -71.502914   42.191196
 -71.497604   42.166451
 -71.478241   42.165642
 -71.478378   42.156597
 -71.478455   42.131767
 -71.501694   42.117516
 -71.503197   42.110619
 -71.499725   42.104439
 -71.495651   42.100700
 -71.498299   42.095058
 -71.498703   42.064602
 -71.498505   42.017101
 -71.529404   42.014900
 -71.563103   42.014198
 -71.591263   42.013634
 -71.606743   42.013268
 -71.681473   42.011375
 -71.799728   42.007969
 -71.801132   42.023472
 -71.805153   42.023407
 -71.883789   42.024212
 -71.963501   42.026127
 -71.993584   42.026833
 -72.100288   42.028629
 -72.102646   42.028709
 -72.136169   42.030151
 -72.135429   42.090691
 -72.135277   42.161640
 -72.142319   42.160805
 -72.199783   42.153496
 -72.201088   42.160999
 -72.264351   42.183792
 -72.264992   42.196911
 -72.262192   42.203728
 -72.221565   42.245113
 -72.218361   42.248421
 -72.210701   42.247066
 -72.211647   42.251034
 -72.211754   42.255543
 -72.216614   42.256050
 -72.218361   42.269997
 -72.213417   42.269833
 -72.212608   42.282578
 -72.203842   42.291073
 -72.211288   42.294369
 -72.214706   42.294186
 -72.217339   42.294044
 -72.217247   42.296421
 -72.213066   42.301975
 -72.211800   42.310986
 -72.262016   42.303204
 -72.262459   42.305172
 -72.275108   42.301872
 -72.280617   42.328987
 -72.277626   42.329304
 -72.278946   42.336414
 -72.281876   42.336132
 -72.284714   42.351967
 -72.289207   42.351936
 -72.301598   42.348320
 -72.307274   42.344154
 -72.315071   42.343437
 -72.313316   42.362049
 -72.310822   42.364445
 -72.316101   42.369869
 -72.311546   42.372326
 -72.314934   42.381611
 -72.310532   42.387272
 -72.316467   42.394455
 -72.314064   42.396328
 -72.314194   42.406361
 -72.310455   42.408440
 -72.306763   42.420025
 -72.302582   42.420219
 -72.302902   42.424313
 -72.292618   42.429775
 -72.292603   42.433674
 -72.289375   42.435394
 -72.291122   42.437363
 -72.287941   42.437077
 -72.283882   42.441109
 -72.291893   42.479408
 -72.245422   42.513466
 -72.269699   42.533318
 -72.271950   42.547176
 -72.277527   42.577225
 -72.275040   42.576504
 -72.274109   42.579060
 -72.271545   42.576042
 -72.267220   42.577461
 -72.262207   42.575672
 -72.267624   42.600605
 -72.261040   42.600773
 -72.259369   42.603745
 -72.253754   42.605198
 -72.255180   42.611549
 -72.228539   42.615253
 -72.227982   42.621925
 -72.232117   42.625000
 -72.225891   42.630112
 -72.229210   42.638287
 -72.225304   42.638897
 -72.229996   42.662785
 -72.242424   42.661621
 -72.243721   42.669281
 -72.257858   42.667873
 -72.258858   42.675323
 -72.272461   42.674576

