 -79.487877   37.915916
 -75.049309   39.722828
24

Allegany
MD
178
 -78.931435   39.722691
 -78.808640   39.722828
 -78.380600   39.722599
 -78.342781   39.722450
 -78.346054   39.721363
 -78.343803   39.717499
 -78.339897   39.715969
 -78.334625   39.719494
 -78.329880   39.712791
 -78.334145   39.712467
 -78.334740   39.709862
 -78.318390   39.701996
 -78.319901   39.695408
 -78.313660   39.691772
 -78.323364   39.688339
 -78.315018   39.684704
 -78.323250   39.683903
 -78.317947   39.681297
 -78.321411   39.678688
 -78.320259   39.676380
 -78.336922   39.680447
 -78.342957   39.676949
 -78.343575   39.675095
 -78.333603   39.666245
 -78.334610   39.662952
 -78.340286   39.664070
 -78.351563   39.660522
 -78.357216   39.663906
 -78.355461   39.659721
 -78.361801   39.660999
 -78.363510   39.659489
 -78.340607   39.652611
 -78.340485   39.648586
 -78.346169   39.648540
 -78.342766   39.644104
 -78.334305   39.640923
 -78.334000   39.636597
 -78.356903   39.640282
 -78.359779   39.637993
 -78.353943   39.630695
 -78.356041   39.626167
 -78.362755   39.625961
 -78.373428   39.630367
 -78.382225   39.628586
 -78.383224   39.622154
 -78.372673   39.612206
 -78.376198   39.608292
 -78.383858   39.608822
 -78.396095   39.615986
 -78.420815   39.623932
 -78.426170   39.624454
 -78.432289   39.621986
 -78.433273   39.616428
 -78.425850   39.607510
 -78.397736   39.590141
 -78.395584   39.584126
 -78.408295   39.578499
 -78.443443   39.591064
 -78.457458   39.587288
 -78.458611   39.580338
 -78.454643   39.574226
 -78.438446   39.563431
 -78.426811   39.559063
 -78.417679   39.548126
 -78.421013   39.544949
 -78.424416   39.545090
 -78.431328   39.552200
 -78.437714   39.553391
 -78.439545   39.550667
 -78.435379   39.541565
 -78.438622   39.538658
 -78.449615   39.549362
 -78.461884   39.550323
 -78.460426   39.545887
 -78.450470   39.543556
 -78.448906   39.540722
 -78.450470   39.538113
 -78.462494   39.536392
 -78.461220   39.525894
 -78.463165   39.520748
 -78.468903   39.516697
 -78.474449   39.516148
 -78.484314   39.519417
 -78.490005   39.517696
 -78.503464   39.518559
 -78.523628   39.524651
 -78.566193   39.519352
 -78.579224   39.526604
 -78.590919   39.530102
 -78.591301   39.536575
 -78.604187   39.531902
 -78.613480   39.537041
 -78.625000   39.539364
 -78.631104   39.537022
 -78.657921   39.535084
 -78.689720   39.545681
 -78.693855   39.552544
 -78.708099   39.556110
 -78.713600   39.561943
 -78.725273   39.563885
 -78.732254   39.575275
 -78.734238   39.586529
 -78.740501   39.585567
 -78.746681   39.579456
 -78.751595   39.581722
 -78.757011   39.580601
 -78.767754   39.587399
 -78.770767   39.594910
 -78.778397   39.601276
 -78.777122   39.603939
 -78.767838   39.608776
 -78.755577   39.610249
 -78.750954   39.609470
 -78.747322   39.605602
 -78.733749   39.614532
 -78.736450   39.621620
 -78.747627   39.626007
 -78.763435   39.618809
 -78.778252   39.622028
 -78.772903   39.636799
 -78.765602   39.643902
 -78.766106   39.648399
 -78.775505   39.645599
 -78.781601   39.636700
 -78.796204   39.637199
 -78.797707   39.629398
 -78.802002   39.627399
 -78.796326   39.614689
 -78.796120   39.606850
 -78.799019   39.604763
 -78.809608   39.607975
 -78.812943   39.597065
 -78.818680   39.594059
 -78.819160   39.590282
 -78.826263   39.588741
 -78.826614   39.577244
 -78.820358   39.576199
 -78.813766   39.567631
 -78.817024   39.561604
 -78.821663   39.560528
 -78.838806   39.567211
 -78.843834   39.562469
 -78.851456   39.559837
 -78.851273   39.553955
 -78.854851   39.548466
 -78.861938   39.541096
 -78.870705   39.538643
 -78.869225   39.531277
 -78.875000   39.522518
 -78.879341   39.521114
 -78.892601   39.524139
 -78.892555   39.513687
 -78.905312   39.511356
 -78.904427   39.503010
 -78.913818   39.493797
 -78.916740   39.486450
 -78.933861   39.486088
 -78.942543   39.480896
 -78.939117   39.474007
 -78.942223   39.469868
 -78.959518   39.461472
 -78.954735   39.454838
 -78.960663   39.450558
 -78.956207   39.447330
 -78.956528   39.440536
 -78.965736   39.438358
 -78.979080   39.448586
 -79.004189   39.458817
 -79.018433   39.467663
 -79.028404   39.464970
 -79.032829   39.466408
 -79.037170   39.476704
 -79.046532   39.483707
 -79.053108   39.481789
 -79.056831   39.470921
 -79.067245   39.479736
 -79.057503   39.495632
 -79.054825   39.505985

Anne Arundel
MD
171
 -76.698196   39.213799
 -76.694603   39.218899
 -76.688400   39.221100
 -76.681000   39.219898
 -76.665504   39.230400
 -76.646904   39.228600
 -76.640404   39.224098
 -76.631706   39.223801
 -76.618507   39.237202
 -76.611198   39.233601
 -76.584503   39.207500
 -76.550400   39.197102
 -76.530106   39.209801
 -76.529800   39.218300
 -76.514870   39.202377
 -76.521957   39.199753
 -76.527962   39.194839
 -76.530685   39.187748
 -76.524689   39.176834
 -76.505592   39.167564
 -76.497955   39.155560
 -76.489227   39.156651
 -76.484856   39.163746
 -76.478859   39.165928
 -76.472313   39.155018
 -76.428665   39.133190
 -76.433578   39.122280
 -76.433578   39.114098
 -76.422119   39.081909
 -76.423210   39.072086
 -76.431389   39.062267
 -76.432480   39.048084
 -76.404114   39.032265
 -76.394836   39.010983
 -76.413933   38.994621
 -76.423752   38.992985
 -76.439575   38.995163
 -76.451035   38.992435
 -76.458130   38.984253
 -76.467400   38.980980
 -76.473946   38.972797
 -76.475037   38.965160
 -76.470673   38.955341
 -76.457031   38.948792
 -76.449944   38.941151
 -76.462486   38.930786
 -76.462486   38.924240
 -76.457573   38.914421
 -76.460304   38.906784
 -76.489227   38.887688
 -76.499596   38.877323
 -76.501221   38.864777
 -76.489769   38.843494
 -76.495766   38.820583
 -76.501221   38.809673
 -76.509949   38.800945
 -76.523590   38.794941
 -76.526863   38.785667
 -76.538872   38.774212
 -76.548141   38.773121
 -76.554146   38.769299
 -76.557419   38.742569
 -76.550873   38.731655
 -76.542145   38.727837
 -76.528503   38.727291
 -76.526863   38.724018
 -76.529106   38.712860
 -76.535904   38.721363
 -76.615753   38.720512
 -76.623253   38.726471
 -76.623024   38.744514
 -76.620506   38.747116
 -76.623154   38.749306
 -76.623398   38.767200
 -76.648201   38.768799
 -76.653908   38.764801
 -76.666702   38.762001
 -76.672501   38.755501
 -76.679802   38.755501
 -76.681396   38.757401
 -76.685600   38.755901
 -76.686470   38.748207
 -76.697472   38.750000
 -76.701607   38.767895
 -76.713707   38.775700
 -76.714798   38.779099
 -76.712097   38.784401
 -76.702499   38.788799
 -76.711105   38.797501
 -76.708397   38.805099
 -76.712303   38.814499
 -76.709198   38.816299
 -76.703705   38.814999
 -76.697701   38.818298
 -76.700104   38.836800
 -76.697197   38.847198
 -76.691704   38.854401
 -76.692398   38.859100
 -76.689102   38.864300
 -76.683800   38.866798
 -76.677002   38.875999
 -76.675903   38.885502
 -76.672302   38.887501
 -76.676804   38.895000
 -76.669998   38.903599
 -76.670799   38.907200
 -76.679108   38.910999
 -76.679703   38.916698
 -76.684105   38.919399
 -76.686104   38.917900
 -76.690887   38.924404
 -76.683304   38.926201
 -76.681908   38.931801
 -76.691101   38.934601
 -76.692802   38.937199
 -76.691307   38.940399
 -76.695503   38.948101
 -76.694305   38.955898
 -76.699203   38.962502
 -76.699707   38.969002
 -76.704399   38.972801
 -76.698502   38.983601
 -76.712105   38.995499
 -76.721802   38.999599
 -76.725998   38.999100
 -76.725998   39.005798
 -76.735001   39.007702
 -76.740707   39.012798
 -76.745003   39.017502
 -76.744507   39.025299
 -76.750305   39.029900
 -76.748199   39.033501
 -76.756104   39.037701
 -76.762505   39.035301
 -76.765907   39.040401
 -76.768501   39.039001
 -76.773598   39.040798
 -76.776802   39.045399
 -76.792503   39.045898
 -76.794197   39.052299
 -76.800903   39.055401
 -76.804108   39.062599
 -76.817596   39.061798
 -76.827103   39.066002
 -76.829102   39.064602
 -76.831703   39.069302
 -76.835907   39.068001
 -76.838203   39.073399
 -76.832802   39.076000
 -76.835197   39.082699
 -76.827599   39.089802
 -76.827904   39.094002
 -76.837502   39.097099
 -76.840706   39.103100
 -76.827705   39.109798
 -76.825600   39.116600
 -76.816803   39.121700
 -76.800705   39.122101
 -76.790604   39.125301
 -76.786003   39.131302
 -76.783104   39.143600
 -76.762199   39.167900
 -76.747002   39.179501
 -76.738403   39.178699
 -76.730202   39.183701
 -76.722504   39.182899
 -76.719597   39.191502
 -76.713905   39.193401
 -76.712906   39.201401
 -76.701797   39.212200
 -76.697998   39.211899

Baltimore
MD
174
 -76.787399   39.720699
 -76.569702   39.721100
 -76.565506   39.614399
 -76.560402   39.596001
 -76.553596   39.589500
 -76.547501   39.587601
 -76.543999   39.575100
 -76.540604   39.573898
 -76.540703   39.568901
 -76.536598   39.561901
 -76.532707   39.561600
 -76.531601   39.555302
 -76.535202   39.553398
 -76.532600   39.551300
 -76.532600   39.544201
 -76.528107   39.543301
 -76.522797   39.536701
 -76.519302   39.536499
 -76.516701   39.528999
 -76.513199   39.529301
 -76.511002   39.524601
 -76.499397   39.523701
 -76.495598   39.526798
 -76.480507   39.518799
 -76.477997   39.514599
 -76.474998   39.517502
 -76.463501   39.512299
 -76.459702   39.507099
 -76.448196   39.508400
 -76.436302   39.501999
 -76.432999   39.506199
 -76.428001   39.501701
 -76.434303   39.491798
 -76.433601   39.488201
 -76.429703   39.488098
 -76.420708   39.477699
 -76.411507   39.478298
 -76.408104   39.471901
 -76.402802   39.473000
 -76.390800   39.459900
 -76.386803   39.459000
 -76.388901   39.453300
 -76.379501   39.445301
 -76.377602   39.435299
 -76.381401   39.429298
 -76.380707   39.424702
 -76.375000   39.422501
 -76.370796   39.415798
 -76.372002   39.404800
 -76.366501   39.404099
 -76.361504   39.400398
 -76.359100   39.390202
 -76.323997   39.374298
 -76.320908   39.368698
 -76.330399   39.356098
 -76.315903   39.337502
 -76.316597   39.329800
 -76.306908   39.310001
 -76.307236   39.309742
 -76.307343   39.309799
 -76.318352   39.313236
 -76.337471   39.313236
 -76.342621   39.308086
 -76.353645   39.309559
 -76.367989   39.307720
 -76.374611   39.300369
 -76.379021   39.298897
 -76.384171   39.275730
 -76.395569   39.269112
 -76.404762   39.256245
 -76.398880   39.237492
 -76.398880   39.229031
 -76.418365   39.219841
 -76.425354   39.205132
 -76.435280   39.202560
 -76.443001   39.195206
 -76.447784   39.196308
 -76.449982   39.200722
 -76.463226   39.205132
 -76.470573   39.205868
 -76.492638   39.202190
 -76.501465   39.207340
 -76.514870   39.202377
 -76.529800   39.218300
 -76.529999   39.372002
 -76.711800   39.372002
 -76.711403   39.277901
 -76.618507   39.237202
 -76.631706   39.223801
 -76.640404   39.224098
 -76.646904   39.228600
 -76.665504   39.230400
 -76.681000   39.219898
 -76.688400   39.221100
 -76.694603   39.218899
 -76.698196   39.213799
 -76.700706   39.212898
 -76.705803   39.215401
 -76.706902   39.220798
 -76.741203   39.233101
 -76.755600   39.246700
 -76.764107   39.246399
 -76.764305   39.251202
 -76.780907   39.257401
 -76.794601   39.266499
 -76.794701   39.270199
 -76.791000   39.272301
 -76.785400   39.283100
 -76.785599   39.291500
 -76.778999   39.294998
 -76.790199   39.303200
 -76.796402   39.304199
 -76.792999   39.310398
 -76.794998   39.314201
 -76.805702   39.316700
 -76.809799   39.315399
 -76.815002   39.318001
 -76.816704   39.313499
 -76.825302   39.319500
 -76.834602   39.311798
 -76.835701   39.315899
 -76.844704   39.318401
 -76.851501   39.316101
 -76.864998   39.331299
 -76.875603   39.332500
 -76.882599   39.350101
 -76.880707   39.348999
 -76.880203   39.356701
 -76.873596   39.356998
 -76.881104   39.360500
 -76.882202   39.362801
 -76.878403   39.364498
 -76.880402   39.366299
 -76.882004   39.364498
 -76.885704   39.365299
 -76.893600   39.380901
 -76.893303   39.383598
 -76.886002   39.385700
 -76.888000   39.389099
 -76.882103   39.388500
 -76.880905   39.392502
 -76.886505   39.395401
 -76.879303   39.402302
 -76.885201   39.404499
 -76.885201   39.407398
 -76.882202   39.417301
 -76.875305   39.418999
 -76.885002   39.420898
 -76.892700   39.428600
 -76.896400   39.426300
 -76.896904   39.432800
 -76.895302   39.435299
 -76.892105   39.434399
 -76.894600   39.439701
 -76.887604   39.440399
 -76.892105   39.445301
 -76.882599   39.444099
 -76.876701   39.450699
 -76.879707   39.452801
 -76.884201   39.450500
 -76.893303   39.455200
 -76.893402   39.457298
 -76.886002   39.456299
 -76.892303   39.461700
 -76.884804   39.466801
 -76.888603   39.468498
 -76.884399   39.470001
 -76.882202   39.477001
 -76.875702   39.478802
 -76.876907   39.482899
 -76.869598   39.482601
 -76.867905   39.485001
 -76.868904   39.494099
 -76.857307   39.530701

Baltimore city
MD
9
 -76.618507   39.237202
 -76.711403   39.277901
 -76.711800   39.372002
 -76.529999   39.372002
 -76.529800   39.218300
 -76.530106   39.209801
 -76.550400   39.197102
 -76.584503   39.207500
 -76.611198   39.233601

Calvert
MD
81
 -76.686470   38.748207
 -76.685600   38.755901
 -76.681396   38.757401
 -76.679802   38.755501
 -76.672501   38.755501
 -76.666702   38.762001
 -76.653908   38.764801
 -76.648201   38.768799
 -76.623398   38.767200
 -76.623154   38.749306
 -76.620506   38.747116
 -76.623024   38.744514
 -76.623253   38.726471
 -76.615753   38.720512
 -76.535904   38.721363
 -76.529106   38.712860
 -76.533447   38.691219
 -76.525124   38.646423
 -76.511864   38.616085
 -76.516640   38.590435
 -76.515434   38.555645
 -76.517830   38.539028
 -76.506355   38.504490
 -76.490318   38.479591
 -76.458687   38.453857
 -76.448708   38.440285
 -76.414467   38.412636
 -76.403038   38.395882
 -76.395195   38.389996
 -76.390778   38.377293
 -76.388000   38.360252
 -76.376038   38.327240
 -76.379173   38.327244
 -76.445702   38.305088
 -76.458633   38.306519
 -76.464691   38.311134
 -76.472038   38.324745
 -76.489532   38.327251
 -76.483810   38.339973
 -76.484406   38.347946
 -76.491478   38.361122
 -76.500931   38.371651
 -76.519302   38.383289
 -76.534401   38.397644
 -76.558708   38.395741
 -76.565948   38.406937
 -76.578957   38.411167
 -76.597870   38.423321
 -76.608696   38.424324
 -76.624504   38.443378
 -76.654190   38.463238
 -76.652466   38.473633
 -76.666275   38.494267
 -76.674438   38.499500
 -76.662834   38.525368
 -76.675774   38.535755
 -76.672592   38.552727
 -76.679466   38.566616
 -76.677910   38.570923
 -76.681015   38.580379
 -76.672874   38.599152
 -76.672646   38.617416
 -76.678787   38.627205
 -76.686455   38.630062
 -76.693169   38.636318
 -76.691940   38.648388
 -76.685440   38.654655
 -76.684181   38.662056
 -76.697487   38.664547
 -76.701317   38.668243
 -76.699577   38.670994
 -76.690773   38.673569
 -76.687294   38.680519
 -76.697746   38.687679
 -76.698837   38.692127
 -76.695259   38.702351
 -76.702271   38.710747
 -76.693901   38.724648
 -76.695313   38.734959
 -76.687317   38.735783
 -76.684334   38.738232

Caroline
MD
126
 -75.949478   38.918209
 -75.952827   38.929756
 -75.948257   38.931816
 -75.948227   38.935917
 -75.953529   38.938408
 -75.947166   38.939735
 -75.947693   38.941452
 -75.950630   38.940903
 -75.951515   38.945755
 -75.942657   38.949261
 -75.942131   38.956444
 -75.938438   38.958527
 -75.943832   38.968189
 -75.936470   38.969147
 -75.935478   38.972649
 -75.941078   38.976471
 -75.934830   38.980137
 -75.933685   38.986015
 -75.922195   38.994347
 -75.919815   39.000381
 -75.911125   39.004562
 -75.909248   39.010445
 -75.904419   39.010311
 -75.905205   39.016399
 -75.902084   39.016930
 -75.899689   39.013718
 -75.897018   39.014606
 -75.891319   39.018127
 -75.891464   39.022045
 -75.887535   39.026493
 -75.883163   39.027802
 -75.883705   39.032387
 -75.876343   39.043236
 -75.878799   39.047131
 -75.870506   39.056873
 -75.861351   39.060837
 -75.848320   39.072926
 -75.848381   39.087276
 -75.843895   39.090321
 -75.835670   39.108135
 -75.810799   39.119896
 -75.791870   39.132607
 -75.759842   39.137726
 -75.748016   39.143196
 -75.722961   38.829895
 -75.707695   38.635166
 -75.714294   38.645191
 -75.737946   38.665237
 -75.749458   38.671341
 -75.763000   38.686111
 -75.769310   38.685707
 -75.773552   38.676289
 -75.775650   38.678558
 -75.777435   38.676365
 -75.798737   38.676090
 -75.800903   38.696671
 -75.817467   38.698093
 -75.838318   38.703651
 -75.859406   38.700623
 -75.868980   38.694759
 -75.876869   38.693272
 -75.888992   38.695175
 -75.896973   38.701584
 -75.904594   38.687149
 -75.911240   38.686615
 -75.914063   38.688881
 -75.914665   38.683914
 -75.918358   38.682987
 -75.917343   38.680054
 -75.923141   38.681774
 -75.922279   38.678188
 -75.926804   38.679840
 -75.930977   38.675671
 -75.933487   38.680290
 -75.937286   38.679878
 -75.938263   38.676197
 -75.945663   38.673847
 -75.970825   38.682808
 -75.977234   38.697510
 -75.993347   38.696407
 -75.993568   38.707680
 -76.015373   38.728443
 -76.009102   38.736320
 -76.000000   38.734550
 -75.995705   38.736389
 -75.999283   38.755402
 -75.976753   38.765373
 -75.968964   38.772728
 -75.967949   38.778919
 -75.949829   38.778290
 -75.937767   38.787045
 -75.932976   38.795895
 -75.928436   38.798931
 -75.911888   38.805943
 -75.904305   38.806580
 -75.896828   38.812092
 -75.897270   38.814743
 -75.906929   38.819328
 -75.901703   38.824364
 -75.913353   38.829182
 -75.915581   38.834553
 -75.928123   38.838814
 -75.928459   38.840988
 -75.919319   38.845982
 -75.927116   38.846958
 -75.930695   38.850128
 -75.923141   38.854713
 -75.924690   38.860317
 -75.930595   38.861214
 -75.935081   38.867432
 -75.939667   38.866482
 -75.943451   38.870411
 -75.944443   38.875938
 -75.939293   38.876312
 -75.938225   38.880039
 -75.941856   38.881092
 -75.947670   38.878304
 -75.951630   38.879627
 -75.950951   38.884331
 -75.940765   38.884983
 -75.948997   38.891621
 -75.944641   38.898159
 -75.949539   38.903416
 -75.943443   38.906574
 -75.949654   38.913322
 -75.943977   38.915478

Carroll
MD
165
 -76.999901   39.719799
 -76.787399   39.720699
 -76.857307   39.530701
 -76.868904   39.494099
 -76.867905   39.485001
 -76.869598   39.482601
 -76.876907   39.482899
 -76.875702   39.478802
 -76.882202   39.477001
 -76.884399   39.470001
 -76.888603   39.468498
 -76.884804   39.466801
 -76.892303   39.461700
 -76.886002   39.456299
 -76.893402   39.457298
 -76.893303   39.455200
 -76.884201   39.450500
 -76.879707   39.452801
 -76.876701   39.450699
 -76.882599   39.444099
 -76.892105   39.445301
 -76.887604   39.440399
 -76.894600   39.439701
 -76.892105   39.434399
 -76.895302   39.435299
 -76.896904   39.432800
 -76.896400   39.426300
 -76.892700   39.428600
 -76.885002   39.420898
 -76.875305   39.418999
 -76.882202   39.417301
 -76.885201   39.407398
 -76.885201   39.404499
 -76.879303   39.402302
 -76.886505   39.395401
 -76.880905   39.392502
 -76.882103   39.388500
 -76.888000   39.389099
 -76.886002   39.385700
 -76.893303   39.383598
 -76.893600   39.380901
 -76.885704   39.365299
 -76.882004   39.364498
 -76.880402   39.366299
 -76.878403   39.364498
 -76.882202   39.362801
 -76.881104   39.360500
 -76.873596   39.356998
 -76.880203   39.356701
 -76.880707   39.348999
 -76.882599   39.350101
 -76.884003   39.352200
 -76.889000   39.351799
 -76.889603   39.353901
 -76.899597   39.351898
 -76.904305   39.354198
 -76.909508   39.352200
 -76.909302   39.348499
 -76.912598   39.350800
 -76.927704   39.353001
 -76.935905   39.358398
 -76.944901   39.358601
 -76.946999   39.361099
 -76.951302   39.359798
 -76.950996   39.357899
 -76.960197   39.356701
 -76.970505   39.363998
 -76.975105   39.361099
 -76.983505   39.362999
 -76.988701   39.361698
 -76.998306   39.355000
 -77.021706   39.353298
 -77.023201   39.350700
 -77.031197   39.351898
 -77.050400   39.362202
 -77.052101   39.359699
 -77.061905   39.359699
 -77.067001   39.362598
 -77.075706   39.363499
 -77.078102   39.366299
 -77.101997   39.369499
 -77.125603   39.364700
 -77.136200   39.360100
 -77.145599   39.351200
 -77.152702   39.348801
 -77.168198   39.354198
 -77.169998   39.355000
 -77.165199   39.367599
 -77.156403   39.377998
 -77.154800   39.391602
 -77.147301   39.411999
 -77.148598   39.416599
 -77.133705   39.432598
 -77.124603   39.451199
 -77.116203   39.460400
 -77.120399   39.465302
 -77.118103   39.478699
 -77.111198   39.485600
 -77.107803   39.494301
 -77.121201   39.504002
 -77.126404   39.505100
 -77.129402   39.509102
 -77.134003   39.508301
 -77.139702   39.520802
 -77.150505   39.521900
 -77.151802   39.530998
 -77.155106   39.533501
 -77.170799   39.534100
 -77.169907   39.543400
 -77.172997   39.545300
 -77.168999   39.553501
 -77.175201   39.559799
 -77.183601   39.559601
 -77.187798   39.563301
 -77.187271   39.566517
 -77.200600   39.578499
 -77.209702   39.579201
 -77.216103   39.574402
 -77.222702   39.576401
 -77.219505   39.579800
 -77.221107   39.582298
 -77.232597   39.584301
 -77.227707   39.587799
 -77.235107   39.587898
 -77.239105   39.584301
 -77.238907   39.588600
 -77.247803   39.593800
 -77.251602   39.601601
 -77.256226   39.603405
 -77.261803   39.601799
 -77.260704   39.594501
 -77.263504   39.594200
 -77.271400   39.601398
 -77.271301   39.605999
 -77.287201   39.607601
 -77.290802   39.604198
 -77.294800   39.610600
 -77.300598   39.612301
 -77.307800   39.619099
 -77.300201   39.623600
 -77.309708   39.630501
 -77.311798   39.639702
 -77.302704   39.640301
 -77.294403   39.631500
 -77.275902   39.631901
 -77.279106   39.636101
 -77.271706   39.641602
 -77.276108   39.647202
 -77.265999   39.655399
 -77.266701   39.661999
 -77.262398   39.665001
 -77.255997   39.663300
 -77.254906   39.667599
 -77.244202   39.669899
 -77.235001   39.677299
 -77.236603   39.685699
 -77.244301   39.690800
 -77.243202   39.695099
 -77.226707   39.693699
 -77.216103   39.697701
 -77.217300   39.701801
 -77.225998   39.705898
 -77.226601   39.709400
 -77.217201   39.711899
 -77.217102   39.719898

Cecil
MD
61
 -76.135803   39.721500
 -75.788704   39.721699
 -75.788704   39.647900
 -75.767014   39.377106
 -75.784843   39.382153
 -75.786461   39.379887
 -75.794540   39.379845
 -75.796722   39.377094
 -75.807190   39.376503
 -75.819618   39.381962
 -75.824455   39.381069
 -75.831566   39.373837
 -75.842834   39.370667
 -75.845947   39.367428
 -75.855957   39.364395
 -75.861557   39.367458
 -75.868935   39.367634
 -75.881538   39.364933
 -75.886490   39.360828
 -75.895119   39.365662
 -75.908623   39.364517
 -75.923347   39.367264
 -75.928497   39.371456
 -75.942924   39.367733
 -75.951042   39.373070
 -75.957649   39.374489
 -75.968964   39.373848
 -75.976944   39.367325
 -75.981789   39.366436
 -75.987801   39.372448
 -75.995720   39.375980
 -76.027336   39.375576
 -76.047066   39.380020
 -76.043770   39.384937
 -76.040039   39.397221
 -76.035217   39.402264
 -76.017006   39.408409
 -76.008675   39.413887
 -75.997704   39.431000
 -76.008232   39.448765
 -76.012398   39.451397
 -76.012184   39.455124
 -75.998802   39.466312
 -75.994858   39.475082
 -75.995949   39.488903
 -75.988495   39.496799
 -75.980820   39.528603
 -75.991783   39.534309
 -76.012627   39.539352
 -76.014816   39.543522
 -76.028191   39.548126
 -76.064384   39.546150
 -76.075378   39.543354
 -76.086304   39.558899
 -76.136307   39.613998
 -76.147797   39.619301
 -76.162102   39.649502
 -76.186905   39.669399
 -76.212997   39.686298
 -76.229599   39.709000
 -76.233597   39.721199

Charles
MD
112
 -77.225800   38.605499
 -77.204597   38.617699
 -77.130501   38.634899
 -77.136200   38.649700
 -77.132797   38.673698
 -77.121399   38.686501
 -77.086105   38.706501
 -77.075104   38.685200
 -77.048302   38.616100
 -77.038826   38.629776
 -77.027519   38.634785
 -77.021599   38.646099
 -77.001404   38.654701
 -76.966599   38.660900
 -76.953568   38.658073
 -76.947701   38.658798
 -76.939201   38.654999
 -76.905525   38.651798
 -76.882179   38.657051
 -76.879654   38.659241
 -76.863213   38.658489
 -76.763443   38.622715
 -76.759537   38.619625
 -76.749046   38.617996
 -76.746727   38.598545
 -76.742874   38.593262
 -76.742653   38.576466
 -76.739647   38.568111
 -76.741005   38.558636
 -76.715508   38.549675
 -76.716782   38.548073
 -76.712151   38.548622
 -76.706795   38.542881
 -76.702888   38.545898
 -76.701477   38.542355
 -76.697372   38.543045
 -76.691093   38.537823
 -76.675774   38.535755
 -76.662834   38.525368
 -76.674438   38.499500
 -76.686966   38.494869
 -76.699631   38.497005
 -76.703026   38.501965
 -76.708122   38.502121
 -76.712227   38.509880
 -76.752502   38.513416
 -76.768661   38.512531
 -76.775238   38.508801
 -76.822723   38.432289
 -76.823006   38.428257
 -76.840538   38.410278
 -76.847168   38.407646
 -76.850945   38.397785
 -76.872162   38.389057
 -76.873970   38.379448
 -76.852547   38.367989
 -76.848228   38.362103
 -76.848083   38.355652
 -76.853935   38.339977
 -76.853203   38.332474
 -76.846481   38.327660
 -76.821266   38.271217
 -76.829216   38.250000
 -76.830292   38.247879
 -76.836998   38.249916
 -76.865372   38.269344
 -76.914711   38.289696
 -76.925507   38.290619
 -76.927971   38.293087
 -76.925507   38.315598
 -76.931046   38.322380
 -76.968056   38.340885
 -76.997368   38.343323
 -77.015144   38.332470
 -77.014702   38.333050
 -77.017113   38.341564
 -77.014954   38.353920
 -77.016212   38.370899
 -77.011963   38.374264
 -77.042587   38.400818
 -77.053719   38.398693
 -77.070778   38.377979
 -77.085236   38.368294
 -77.093842   38.367172
 -77.106613   38.369621
 -77.124702   38.366875
 -77.138527   38.367790
 -77.158669   38.348381
 -77.179642   38.341789
 -77.204994   38.340973
 -77.233192   38.332859
 -77.250000   38.331501
 -77.265594   38.333038
 -77.276878   38.337753
 -77.286507   38.346901
 -77.288612   38.359718
 -77.297569   38.370907
 -77.305283   38.375313
 -77.310745   38.399979
 -77.323303   38.433331
 -77.320694   38.435101
 -77.318840   38.474316
 -77.309937   38.495518
 -77.299706   38.503101
 -77.283798   38.525101
 -77.276604   38.539501
 -77.276901   38.547001
 -77.270599   38.552799
 -77.262604   38.556099
 -77.261803   38.559299
 -77.256905   38.560600
 -77.246704   38.593300

Dorchester
MD
149
 -75.945663   38.673847
 -75.938263   38.676197
 -75.937286   38.679878
 -75.933487   38.680290
 -75.930977   38.675671
 -75.926804   38.679840
 -75.922279   38.678188
 -75.923141   38.681774
 -75.917343   38.680054
 -75.918358   38.682987
 -75.914665   38.683914
 -75.914063   38.688881
 -75.911240   38.686615
 -75.904594   38.687149
 -75.896973   38.701584
 -75.888992   38.695175
 -75.876869   38.693272
 -75.868980   38.694759
 -75.859406   38.700623
 -75.838318   38.703651
 -75.817467   38.698093
 -75.800903   38.696671
 -75.798737   38.676090
 -75.777435   38.676365
 -75.775650   38.678558
 -75.773552   38.676289
 -75.769310   38.685707
 -75.763000   38.686111
 -75.749458   38.671341
 -75.737946   38.665237
 -75.714294   38.645191
 -75.707695   38.635166
 -75.701912   38.560619
 -75.707687   38.559410
 -75.712242   38.550762
 -75.727303   38.539776
 -75.746864   38.536671
 -75.753983   38.527988
 -75.757721   38.512661
 -75.765335   38.506363
 -75.782410   38.501480
 -75.795006   38.492260
 -75.815536   38.488682
 -75.824051   38.480907
 -75.823250   38.475895
 -75.815247   38.466343
 -75.817032   38.463192
 -75.833504   38.457504
 -75.837090   38.447971
 -75.833473   38.443329
 -75.821686   38.439144
 -75.821632   38.430019
 -75.829216   38.423302
 -75.845917   38.421753
 -75.851295   38.404419
 -75.851601   38.400230
 -75.842743   38.392963
 -75.838623   38.385761
 -75.861198   38.383461
 -75.867653   38.375000
 -75.858002   38.363380
 -75.860603   38.353748
 -75.896698   38.334877
 -75.925568   38.306221
 -75.929771   38.291317
 -75.926102   38.273918
 -75.927048   38.249428
 -75.924171   38.246105
 -75.941101   38.245819
 -75.947121   38.237404
 -75.971771   38.232597
 -75.969360   38.246422
 -75.971771   38.256039
 -75.985596   38.265060
 -76.010849   38.264458
 -76.037292   38.259048
 -76.039703   38.242210
 -76.031891   38.216366
 -76.058334   38.226585
 -76.072769   38.241013
 -76.075172   38.251232
 -76.090202   38.251232
 -76.101021   38.253635
 -76.125069   38.278282
 -76.132889   38.283096
 -76.140701   38.280087
 -76.143715   38.275280
 -76.142502   38.262051
 -76.136497   38.246422
 -76.126869   38.243416
 -76.125069   38.238003
 -76.129280   38.233196
 -76.149719   38.231991
 -76.174370   38.246422
 -76.179779   38.257843
 -76.189400   38.265659
 -76.191200   38.277084
 -76.196617   38.284901
 -76.202621   38.286701
 -76.208031   38.298725
 -76.215851   38.304134
 -76.225471   38.307144
 -76.234489   38.322170
 -76.233292   38.331791
 -76.244102   38.357643
 -76.278976   38.381687
 -76.284386   38.391308
 -76.280174   38.401527
 -76.285591   38.417759
 -76.295807   38.425575
 -76.315651   38.456238
 -76.333076   38.474274
 -76.334885   38.487499
 -76.328873   38.500126
 -76.302422   38.499523
 -76.289803   38.504932
 -76.284988   38.516956
 -76.277176   38.552429
 -76.291000   38.568062
 -76.309029   38.571064
 -76.293411   38.583687
 -76.287392   38.583687
 -76.277779   38.604733
 -76.289803   38.628780
 -76.280777   38.626377
 -76.236290   38.627575
 -76.230278   38.613148
 -76.215248   38.610744
 -76.201424   38.613148
 -76.180382   38.627575
 -76.170158   38.629379
 -76.162231   38.636307
 -76.151649   38.631031
 -76.138687   38.627453
 -76.134621   38.623337
 -76.133369   38.609772
 -76.121414   38.601597
 -76.109299   38.597782
 -76.093620   38.603424
 -76.082367   38.603825
 -76.052330   38.578712
 -76.040543   38.573307
 -76.028053   38.572315
 -76.006157   38.587482
 -75.991470   38.592365
 -75.981270   38.609936
 -75.983856   38.625000
 -75.958313   38.647873
 -75.955971   38.663239

Frederick
MD
132
 -77.469429   39.719925
 -77.459709   39.719933
 -77.217102   39.719898
 -77.217201   39.711899
 -77.226601   39.709400
 -77.225998   39.705898
 -77.217300   39.701801
 -77.216103   39.697701
 -77.226707   39.693699
 -77.243202   39.695099
 -77.244301   39.690800
 -77.236603   39.685699
 -77.235001   39.677299
 -77.244202   39.669899
 -77.254906   39.667599
 -77.255997   39.663300
 -77.262398   39.665001
 -77.266701   39.661999
 -77.265999   39.655399
 -77.276108   39.647202
 -77.271706   39.641602
 -77.279106   39.636101
 -77.275902   39.631901
 -77.294403   39.631500
 -77.302704   39.640301
 -77.311798   39.639702
 -77.309708   39.630501
 -77.300201   39.623600
 -77.307800   39.619099
 -77.300598   39.612301
 -77.294800   39.610600
 -77.290802   39.604198
 -77.287201   39.607601
 -77.271301   39.605999
 -77.271400   39.601398
 -77.263504   39.594200
 -77.260704   39.594501
 -77.261803   39.601799
 -77.256226   39.603405
 -77.251602   39.601601
 -77.247803   39.593800
 -77.238907   39.588600
 -77.239105   39.584301
 -77.235107   39.587898
 -77.227707   39.587799
 -77.232597   39.584301
 -77.221107   39.582298
 -77.219505   39.579800
 -77.222702   39.576401
 -77.216103   39.574402
 -77.209702   39.579201
 -77.200600   39.578499
 -77.187271   39.566517
 -77.187798   39.563301
 -77.183601   39.559601
 -77.175201   39.559799
 -77.168999   39.553501
 -77.172997   39.545300
 -77.169907   39.543400
 -77.170799   39.534100
 -77.155106   39.533501
 -77.151802   39.530998
 -77.150505   39.521900
 -77.139702   39.520802
 -77.134003   39.508301
 -77.129402   39.509102
 -77.126404   39.505100
 -77.121201   39.504002
 -77.107803   39.494301
 -77.111198   39.485600
 -77.118103   39.478699
 -77.120399   39.465302
 -77.116203   39.460400
 -77.124603   39.451199
 -77.133705   39.432598
 -77.148598   39.416599
 -77.147301   39.411999
 -77.154800   39.391602
 -77.156403   39.377998
 -77.165199   39.367599
 -77.169998   39.355000
 -77.168198   39.354198
 -77.459175   39.219723
 -77.459442   39.227322
 -77.487106   39.247482
 -77.511513   39.253399
 -77.543518   39.266834
 -77.553787   39.280560
 -77.561142   39.286053
 -77.562119   39.301811
 -77.566887   39.306019
 -77.593033   39.301189
 -77.606194   39.303589
 -77.616226   39.302620
 -77.651291   39.310684
 -77.677666   39.324196
 -77.673981   39.344032
 -77.652046   39.375000
 -77.640160   39.404339
 -77.641296   39.415157
 -77.635246   39.445366
 -77.627449   39.448265
 -77.627068   39.457069
 -77.622429   39.459473
 -77.622314   39.463760
 -77.616562   39.468555
 -77.622368   39.482403
 -77.614754   39.491138
 -77.623291   39.499481
 -77.621056   39.505390
 -77.622772   39.507416
 -77.613068   39.529682
 -77.597115   39.541977
 -77.599586   39.550091
 -77.595131   39.552891
 -77.594940   39.563267
 -77.587181   39.571159
 -77.585655   39.583054
 -77.570251   39.619686
 -77.551109   39.625000
 -77.545601   39.633278
 -77.530769   39.631695
 -77.520279   39.640888
 -77.511208   39.655941
 -77.504890   39.664162
 -77.498070   39.668198
 -77.493179   39.676487
 -77.497726   39.683529
 -77.508705   39.684032
 -77.503494   39.689262
 -77.493889   39.692593
 -77.486160   39.705051

Garrett
MD
99
 -79.392700   39.721500
 -78.931435   39.722691
 -79.054825   39.505985
 -79.057503   39.495632
 -79.067245   39.479736
 -79.068871   39.474422
 -79.083519   39.471287
 -79.091576   39.472317
 -79.100517   39.476662
 -79.105515   39.474323
 -79.104568   39.470573
 -79.097328   39.467987
 -79.094849   39.464420
 -79.096123   39.462223
 -79.104439   39.462814
 -79.108070   39.460892
 -79.108635   39.456955
 -79.102051   39.457119
 -79.102699   39.451241
 -79.116966   39.438950
 -79.110947   39.432041
 -79.113510   39.430779
 -79.124283   39.433109
 -79.129295   39.429447
 -79.127769   39.417870
 -79.141808   39.417168
 -79.141342   39.408588
 -79.144386   39.404675
 -79.150223   39.405979
 -79.151489   39.416870
 -79.159744   39.416599
 -79.159569   39.409393
 -79.166740   39.400791
 -79.162323   39.388294
 -79.167007   39.387634
 -79.178482   39.396629
 -79.181366   39.394295
 -79.176880   39.389645
 -79.181931   39.386013
 -79.186211   39.385120
 -79.193787   39.388714
 -79.197884   39.387981
 -79.203186   39.377777
 -79.212822   39.370148
 -79.214264   39.363518
 -79.231293   39.364635
 -79.234482   39.358707
 -79.242409   39.359459
 -79.250000   39.355473
 -79.256859   39.356823
 -79.253975   39.347439
 -79.257599   39.342129
 -79.254601   39.336506
 -79.259972   39.334129
 -79.268921   39.335915
 -79.272079   39.327747
 -79.282272   39.322948
 -79.283958   39.309540
 -79.289619   39.304184
 -79.290855   39.299015
 -79.303429   39.299454
 -79.315010   39.304279
 -79.321899   39.299770
 -79.332199   39.299976
 -79.340294   39.293613
 -79.346779   39.293201
 -79.343834   39.286362
 -79.346214   39.284485
 -79.351044   39.285145
 -79.353981   39.277935
 -79.361572   39.274818
 -79.372826   39.273968
 -79.378922   39.271816
 -79.381866   39.266827
 -79.387634   39.267609
 -79.387489   39.263512
 -79.393532   39.261318
 -79.395889   39.256332
 -79.399765   39.254959
 -79.400421   39.250771
 -79.409515   39.246349
 -79.412430   39.240101
 -79.420578   39.238777
 -79.420959   39.235321
 -79.425407   39.234428
 -79.424530   39.226692
 -79.429291   39.223560
 -79.432411   39.224224
 -79.440056   39.216969
 -79.447060   39.215847
 -79.453705   39.210445
 -79.462563   39.210903
 -79.472969   39.202229
 -79.487099   39.205856
 -79.487877   39.279827
 -79.484596   39.344200
 -79.482597   39.531601
 -79.479103   39.531601
 -79.476906   39.721001

Harford
MD
89
 -76.240303   39.721298
 -76.233597   39.721199
 -76.229599   39.709000
 -76.212997   39.686298
 -76.186905   39.669399
 -76.162102   39.649502
 -76.147797   39.619301
 -76.136307   39.613998
 -76.086304   39.558899
 -76.075378   39.543354
 -76.084984   39.540909
 -76.098419   39.531822
 -76.116180   39.496277
 -76.113022   39.486401
 -76.106316   39.479286
 -76.095650   39.476128
 -76.096832   39.450062
 -76.102760   39.433865
 -76.146210   39.404636
 -76.156082   39.404636
 -76.167145   39.397530
 -76.179787   39.377380
 -76.196770   39.366714
 -76.220863   39.356052
 -76.227577   39.349335
 -76.265099   39.333145
 -76.267075   39.328007
 -76.276161   39.322083
 -76.280899   39.299171
 -76.294327   39.300362
 -76.295914   39.303520
 -76.307236   39.309742
 -76.306908   39.310001
 -76.316597   39.329800
 -76.315903   39.337502
 -76.330399   39.356098
 -76.320908   39.368698
 -76.323997   39.374298
 -76.359100   39.390202
 -76.361504   39.400398
 -76.366501   39.404099
 -76.372002   39.404800
 -76.370796   39.415798
 -76.375000   39.422501
 -76.380707   39.424702
 -76.381401   39.429298
 -76.377602   39.435299
 -76.379501   39.445301
 -76.388901   39.453300
 -76.386803   39.459000
 -76.390800   39.459900
 -76.402802   39.473000
 -76.408104   39.471901
 -76.411507   39.478298
 -76.420708   39.477699
 -76.429703   39.488098
 -76.433601   39.488201
 -76.434303   39.491798
 -76.428001   39.501701
 -76.432999   39.506199
 -76.436302   39.501999
 -76.448196   39.508400
 -76.459702   39.507099
 -76.463501   39.512299
 -76.474998   39.517502
 -76.477997   39.514599
 -76.480507   39.518799
 -76.495598   39.526798
 -76.499397   39.523701
 -76.511002   39.524601
 -76.513199   39.529301
 -76.516701   39.528999
 -76.519302   39.536499
 -76.522797   39.536701
 -76.528107   39.543301
 -76.532600   39.544201
 -76.532600   39.551300
 -76.535202   39.553398
 -76.531601   39.555302
 -76.532707   39.561600
 -76.536598   39.561901
 -76.540703   39.568901
 -76.540604   39.573898
 -76.543999   39.575100
 -76.547501   39.587601
 -76.553596   39.589500
 -76.560402   39.596001
 -76.565506   39.614399
 -76.569702   39.721100

Howard
MD
133
 -77.168198   39.354198
 -77.152702   39.348801
 -77.145599   39.351200
 -77.136200   39.360100
 -77.125603   39.364700
 -77.101997   39.369499
 -77.078102   39.366299
 -77.075706   39.363499
 -77.067001   39.362598
 -77.061905   39.359699
 -77.052101   39.359699
 -77.050400   39.362202
 -77.031197   39.351898
 -77.023201   39.350700
 -77.021706   39.353298
 -76.998306   39.355000
 -76.988701   39.361698
 -76.983505   39.362999
 -76.975105   39.361099
 -76.970505   39.363998
 -76.960197   39.356701
 -76.950996   39.357899
 -76.951302   39.359798
 -76.946999   39.361099
 -76.944901   39.358601
 -76.935905   39.358398
 -76.927704   39.353001
 -76.912598   39.350800
 -76.909302   39.348499
 -76.909508   39.352200
 -76.904305   39.354198
 -76.899597   39.351898
 -76.889603   39.353901
 -76.889000   39.351799
 -76.884003   39.352200
 -76.882599   39.350101
 -76.875603   39.332500
 -76.864998   39.331299
 -76.851501   39.316101
 -76.844704   39.318401
 -76.835701   39.315899
 -76.834602   39.311798
 -76.825302   39.319500
 -76.816704   39.313499
 -76.815002   39.318001
 -76.809799   39.315399
 -76.805702   39.316700
 -76.794998   39.314201
 -76.792999   39.310398
 -76.796402   39.304199
 -76.790199   39.303200
 -76.778999   39.294998
 -76.785599   39.291500
 -76.785400   39.283100
 -76.791000   39.272301
 -76.794701   39.270199
 -76.794601   39.266499
 -76.780907   39.257401
 -76.764305   39.251202
 -76.764107   39.246399
 -76.755600   39.246700
 -76.741203   39.233101
 -76.706902   39.220798
 -76.705803   39.215401
 -76.700706   39.212898
 -76.698196   39.213799
 -76.697998   39.211899
 -76.701797   39.212200
 -76.712906   39.201401
 -76.713905   39.193401
 -76.719597   39.191502
 -76.722504   39.182899
 -76.730202   39.183701
 -76.738403   39.178699
 -76.747002   39.179501
 -76.762199   39.167900
 -76.783104   39.143600
 -76.786003   39.131302
 -76.790604   39.125301
 -76.800705   39.122101
 -76.816803   39.121700
 -76.825600   39.116600
 -76.827705   39.109798
 -76.840706   39.103100
 -76.842003   39.105900
 -76.849800   39.109299
 -76.870300   39.112801
 -76.888199   39.131649
 -76.906601   39.124802
 -76.915398   39.126701
 -76.918800   39.132099
 -76.929604   39.138500
 -76.946404   39.129601
 -76.959000   39.134201
 -76.950302   39.143600
 -76.951904   39.146000
 -76.955597   39.144501
 -76.964302   39.146198
 -76.967102   39.148800
 -76.975700   39.149502
 -76.977303   39.153999
 -76.973907   39.162102
 -76.988800   39.166302
 -76.997597   39.166500
 -77.001801   39.170502
 -76.997307   39.174099
 -77.004105   39.173801
 -77.005997   39.175701
 -76.999306   39.177700
 -77.008598   39.180801
 -77.004501   39.191299
 -77.012703   39.194599
 -77.009903   39.206799
 -77.017906   39.209702
 -77.019600   39.212799
 -77.032707   39.220200
 -77.032303   39.224300
 -77.045105   39.237598
 -77.056198   39.238400
 -77.061996   39.241299
 -77.061905   39.245800
 -77.066200   39.249802
 -77.083702   39.260101
 -77.103104   39.265499
 -77.115402   39.265202
 -77.135307   39.271702
 -77.135101   39.276699
 -77.140602   39.283401
 -77.138504   39.287800
 -77.140907   39.291901
 -77.164803   39.307400
 -77.187103   39.338100
 -77.184105   39.345356

Kent
MD
119
 -76.047066   39.380020
 -76.027336   39.375576
 -75.995720   39.375980
 -75.987801   39.372448
 -75.981789   39.366436
 -75.976944   39.367325
 -75.968964   39.373848
 -75.957649   39.374489
 -75.951042   39.373070
 -75.942924   39.367733
 -75.928497   39.371456
 -75.923347   39.367264
 -75.908623   39.364517
 -75.895119   39.365662
 -75.886490   39.360828
 -75.881538   39.364933
 -75.868935   39.367634
 -75.861557   39.367458
 -75.855957   39.364395
 -75.845947   39.367428
 -75.842834   39.370667
 -75.831566   39.373837
 -75.824455   39.381069
 -75.819618   39.381962
 -75.807190   39.376503
 -75.796722   39.377094
 -75.794540   39.379845
 -75.786461   39.379887
 -75.784843   39.382153
 -75.767014   39.377106
 -75.760330   39.296497
 -75.756294   39.245850
 -75.780952   39.246174
 -75.797554   39.241207
 -75.804230   39.243820
 -75.807823   39.242386
 -75.811226   39.245827
 -75.820747   39.245972
 -75.835167   39.253536
 -75.839432   39.253696
 -75.840881   39.257835
 -75.846001   39.257561
 -75.856514   39.261768
 -75.867851   39.260094
 -75.874626   39.254021
 -75.874733   39.249512
 -75.880486   39.251312
 -75.886703   39.248959
 -75.892265   39.253860
 -75.895447   39.246899
 -75.919121   39.242962
 -75.925255   39.244022
 -75.941162   39.238304
 -75.949921   39.242565
 -75.956497   39.240410
 -75.961197   39.241291
 -75.970848   39.246304
 -75.979424   39.244736
 -75.985771   39.246067
 -75.988243   39.239334
 -76.001244   39.238197
 -76.009842   39.240208
 -76.020729   39.227493
 -76.027367   39.226810
 -76.055847   39.211006
 -76.068451   39.194492
 -76.069046   39.190281
 -76.064835   39.184418
 -76.045647   39.179535
 -76.040031   39.173946
 -76.041656   39.167099
 -76.058533   39.157375
 -76.081261   39.148941
 -76.080757   39.145313
 -76.073029   39.139114
 -76.075287   39.133732
 -76.093048   39.127529
 -76.120331   39.105522
 -76.134560   39.104286
 -76.157433   39.094799
 -76.179527   39.075695
 -76.195930   39.056480
 -76.201492   39.040562
 -76.187096   39.018116
 -76.182350   39.003983
 -76.199394   38.994095
 -76.213181   38.992683
 -76.231461   38.997147
 -76.248825   39.005741
 -76.242073   39.039745
 -76.237282   39.046341
 -76.231880   39.063133
 -76.232483   39.083523
 -76.252869   39.132694
 -76.267860   39.144093
 -76.278053   39.144691
 -76.278656   39.153687
 -76.265465   39.182472
 -76.254066   39.193268
 -76.242676   39.222054
 -76.230682   39.235245
 -76.221687   39.258034
 -76.199493   39.280819
 -76.189903   39.282021
 -76.183304   39.289818
 -76.178505   39.299412
 -76.178505   39.308407
 -76.185707   39.310207
 -76.187508   39.314404
 -76.185104   39.320999
 -76.170715   39.331795
 -76.161110   39.335392
 -76.146118   39.333595
 -76.138329   39.336594
 -76.136528   39.349190
 -76.116737   39.358780
 -76.111946   39.370777
 -76.105347   39.372578
 -76.053658   39.370174

Montgomery
MD
91
 -77.459175   39.219723
 -77.168198   39.354198
 -77.184105   39.345356
 -77.187103   39.338100
 -77.164803   39.307400
 -77.140907   39.291901
 -77.138504   39.287800
 -77.140602   39.283401
 -77.135101   39.276699
 -77.135307   39.271702
 -77.115402   39.265202
 -77.103104   39.265499
 -77.083702   39.260101
 -77.066200   39.249802
 -77.061905   39.245800
 -77.061996   39.241299
 -77.056198   39.238400
 -77.045105   39.237598
 -77.032303   39.224300
 -77.032707   39.220200
 -77.019600   39.212799
 -77.017906   39.209702
 -77.009903   39.206799
 -77.012703   39.194599
 -77.004501   39.191299
 -77.008598   39.180801
 -76.999306   39.177700
 -77.005997   39.175701
 -77.004105   39.173801
 -76.997307   39.174099
 -77.001801   39.170502
 -76.997597   39.166500
 -76.988800   39.166302
 -76.973907   39.162102
 -76.977303   39.153999
 -76.975700   39.149502
 -76.967102   39.148800
 -76.964302   39.146198
 -76.955597   39.144501
 -76.951904   39.146000
 -76.950302   39.143600
 -76.959000   39.134201
 -76.946404   39.129601
 -76.929604   39.138500
 -76.918800   39.132099
 -76.915398   39.126701
 -76.906601   39.124802
 -76.888199   39.131649
 -76.893799   39.122898
 -76.901703   39.121601
 -76.907501   39.117699
 -76.903397   39.114300
 -76.909401   39.103298
 -77.008301   38.969601
 -77.036400   38.991402
 -77.042305   38.994400
 -77.120201   38.934200
 -77.127907   38.939899
 -77.136200   38.953800
 -77.148483   38.964893
 -77.183304   38.968700
 -77.197800   38.966702
 -77.221802   38.971199
 -77.230286   38.979748
 -77.235703   38.976501
 -77.250107   38.985802
 -77.248596   38.992199
 -77.253304   38.995602
 -77.255997   39.002300
 -77.245201   39.019302
 -77.246307   39.024799
 -77.255600   39.029900
 -77.275002   39.033985
 -77.293404   39.046398
 -77.328705   39.057899
 -77.341202   39.062977
 -77.385979   39.061878
 -77.458496   39.073616
 -77.462906   39.076141
 -77.469582   39.085320
 -77.470154   39.090729
 -77.484215   39.107815
 -77.520805   39.121391
 -77.524849   39.127716
 -77.527565   39.146133
 -77.516724   39.170788
 -77.505455   39.181950
 -77.486267   39.185558
 -77.478889   39.189064
 -77.475304   39.194832
 -77.473907   39.208305

Prince George's
MD
147
 -76.888199   39.131649
 -76.870300   39.112801
 -76.849800   39.109299
 -76.842003   39.105900
 -76.840706   39.103100
 -76.837502   39.097099
 -76.827904   39.094002
 -76.827599   39.089802
 -76.835197   39.082699
 -76.832802   39.076000
 -76.838203   39.073399
 -76.835907   39.068001
 -76.831703   39.069302
 -76.829102   39.064602
 -76.827103   39.066002
 -76.817596   39.061798
 -76.804108   39.062599
 -76.800903   39.055401
 -76.794197   39.052299
 -76.792503   39.045898
 -76.776802   39.045399
 -76.773598   39.040798
 -76.768501   39.039001
 -76.765907   39.040401
 -76.762505   39.035301
 -76.756104   39.037701
 -76.748199   39.033501
 -76.750305   39.029900
 -76.744507   39.025299
 -76.745003   39.017502
 -76.740707   39.012798
 -76.735001   39.007702
 -76.725998   39.005798
 -76.725998   38.999100
 -76.721802   38.999599
 -76.712105   38.995499
 -76.698502   38.983601
 -76.704399   38.972801
 -76.699707   38.969002
 -76.699203   38.962502
 -76.694305   38.955898
 -76.695503   38.948101
 -76.691307   38.940399
 -76.692802   38.937199
 -76.691101   38.934601
 -76.681908   38.931801
 -76.683304   38.926201
 -76.690887   38.924404
 -76.686104   38.917900
 -76.684105   38.919399
 -76.679703   38.916698
 -76.679108   38.910999
 -76.670799   38.907200
 -76.669998   38.903599
 -76.676804   38.895000
 -76.672302   38.887501
 -76.675903   38.885502
 -76.677002   38.875999
 -76.683800   38.866798
 -76.689102   38.864300
 -76.692398   38.859100
 -76.691704   38.854401
 -76.697197   38.847198
 -76.700104   38.836800
 -76.697701   38.818298
 -76.703705   38.814999
 -76.709198   38.816299
 -76.712303   38.814499
 -76.708397   38.805099
 -76.711105   38.797501
 -76.702499   38.788799
 -76.712097   38.784401
 -76.714798   38.779099
 -76.713707   38.775700
 -76.701607   38.767895
 -76.697472   38.750000
 -76.686470   38.748207
 -76.684334   38.738232
 -76.687317   38.735783
 -76.695313   38.734959
 -76.693901   38.724648
 -76.702271   38.710747
 -76.695259   38.702351
 -76.698837   38.692127
 -76.697746   38.687679
 -76.687294   38.680519
 -76.690773   38.673569
 -76.699577   38.670994
 -76.701317   38.668243
 -76.697487   38.664547
 -76.684181   38.662056
 -76.685440   38.654655
 -76.691940   38.648388
 -76.693169   38.636318
 -76.686455   38.630062
 -76.678787   38.627205
 -76.672646   38.617416
 -76.672874   38.599152
 -76.681015   38.580379
 -76.677910   38.570923
 -76.679466   38.566616
 -76.672592   38.552727
 -76.675774   38.535755
 -76.691093   38.537823
 -76.697372   38.543045
 -76.701477   38.542355
 -76.702888   38.545898
 -76.706795   38.542881
 -76.712151   38.548622
 -76.716782   38.548073
 -76.715508   38.549675
 -76.741005   38.558636
 -76.739647   38.568111
 -76.742653   38.576466
 -76.742874   38.593262
 -76.746727   38.598545
 -76.749046   38.617996
 -76.759537   38.619625
 -76.763443   38.622715
 -76.863213   38.658489
 -76.879654   38.659241
 -76.882179   38.657051
 -76.905525   38.651798
 -76.939201   38.654999
 -76.947701   38.658798
 -76.953568   38.658073
 -76.966599   38.660900
 -77.001404   38.654701
 -77.021599   38.646099
 -77.027519   38.634785
 -77.038826   38.629776
 -77.048302   38.616100
 -77.075104   38.685200
 -77.086105   38.706501
 -77.074203   38.712502
 -77.065620   38.709450
 -77.053505   38.709801
 -77.042603   38.718399
 -77.040604   38.786999
 -77.038902   38.791401
 -76.909706   38.892700
 -77.008301   38.969601
 -76.909401   39.103298
 -76.903397   39.114300
 -76.907501   39.117699
 -76.901703   39.121601
 -76.893799   39.122898

Queen Anne's
MD
176
 -75.756294   39.245850
 -75.748016   39.143196
 -75.759842   39.137726
 -75.791870   39.132607
 -75.810799   39.119896
 -75.835670   39.108135
 -75.843895   39.090321
 -75.848381   39.087276
 -75.848320   39.072926
 -75.861351   39.060837
 -75.870506   39.056873
 -75.878799   39.047131
 -75.876343   39.043236
 -75.883705   39.032387
 -75.883163   39.027802
 -75.887535   39.026493
 -75.891464   39.022045
 -75.891319   39.018127
 -75.897018   39.014606
 -75.899689   39.013718
 -75.902084   39.016930
 -75.905205   39.016399
 -75.904419   39.010311
 -75.909248   39.010445
 -75.911125   39.004562
 -75.919815   39.000381
 -75.922195   38.994347
 -75.933685   38.986015
 -75.934830   38.980137
 -75.941078   38.976471
 -75.935478   38.972649
 -75.936470   38.969147
 -75.943832   38.968189
 -75.938438   38.958527
 -75.942131   38.956444
 -75.942657   38.949261
 -75.951515   38.945755
 -75.950630   38.940903
 -75.947693   38.941452
 -75.947166   38.939735
 -75.953529   38.938408
 -75.948227   38.935917
 -75.948257   38.931816
 -75.952827   38.929756
 -75.949478   38.918209
 -76.065750   38.939987
 -76.078529   38.940266
 -76.081535   38.942551
 -76.084625   38.940971
 -76.090782   38.945045
 -76.097664   38.944103
 -76.105377   38.936630
 -76.115829   38.913605
 -76.111801   38.910896
 -76.113686   38.904404
 -76.103004   38.890057
 -76.103851   38.882195
 -76.114655   38.880726
 -76.121735   38.882309
 -76.128334   38.875881
 -76.134300   38.880024
 -76.147987   38.882607
 -76.155914   38.880123
 -76.162788   38.880871
 -76.170250   38.865536
 -76.178200   38.865044
 -76.182571   38.858498
 -76.192711   38.863701
 -76.202126   38.848537
 -76.205933   38.852367
 -76.206505   38.856319
 -76.203110   38.862808
 -76.200005   38.885105
 -76.205376   38.892441
 -76.203957   38.925743
 -76.212990   38.932236
 -76.215248   38.937595
 -76.231613   38.942394
 -76.250526   38.937881
 -76.248550   38.923767
 -76.255325   38.918968
 -76.262665   38.919815
 -76.266045   38.932236
 -76.271973   38.940701
 -76.275642   38.940983
 -76.288910   38.929977
 -76.295677   38.928001
 -76.299355   38.918690
 -76.292854   38.902321
 -76.300484   38.900909
 -76.302734   38.913891
 -76.316002   38.915020
 -76.318825   38.911350
 -76.330673   38.909657
 -76.336319   38.904861
 -76.338295   38.891312
 -76.331238   38.864506
 -76.341118   38.855473
 -76.350990   38.857162
 -76.364258   38.849262
 -76.369057   38.835716
 -76.375549   38.838257
 -76.376678   38.849262
 -76.364822   38.874096
 -76.366524   38.896675
 -76.362000   38.940136
 -76.348740   38.965534
 -76.336037   38.976826
 -76.334061   38.986420
 -76.322777   38.999683
 -76.324181   39.008152
 -76.320801   39.022823
 -76.312897   39.034679
 -76.302177   39.039761
 -76.294273   39.003071
 -76.277618   38.983597
 -76.264641   38.983597
 -76.255890   38.989807
 -76.250252   38.998554
 -76.248825   39.005741
 -76.231461   38.997147
 -76.213181   38.992683
 -76.199394   38.994095
 -76.182350   39.003983
 -76.187096   39.018116
 -76.201492   39.040562
 -76.195930   39.056480
 -76.179527   39.075695
 -76.157433   39.094799
 -76.134560   39.104286
 -76.120331   39.105522
 -76.093048   39.127529
 -76.075287   39.133732
 -76.073029   39.139114
 -76.080757   39.145313
 -76.081261   39.148941
 -76.058533   39.157375
 -76.041656   39.167099
 -76.040031   39.173946
 -76.045647   39.179535
 -76.064835   39.184418
 -76.069046   39.190281
 -76.068451   39.194492
 -76.055847   39.211006
 -76.027367   39.226810
 -76.020729   39.227493
 -76.009842   39.240208
 -76.001244   39.238197
 -75.988243   39.239334
 -75.985771   39.246067
 -75.979424   39.244736
 -75.970848   39.246304
 -75.961197   39.241291
 -75.956497   39.240410
 -75.949921   39.242565
 -75.941162   39.238304
 -75.925255   39.244022
 -75.919121   39.242962
 -75.895447   39.246899
 -75.892265   39.253860
 -75.886703   39.248959
 -75.880486   39.251312
 -75.874733   39.249512
 -75.874626   39.254021
 -75.867851   39.260094
 -75.856514   39.261768
 -75.846001   39.257561
 -75.840881   39.257835
 -75.839432   39.253696
 -75.835167   39.253536
 -75.820747   39.245972
 -75.811226   39.245827
 -75.807823   39.242386
 -75.804230   39.243820
 -75.797554   39.241207
 -75.780952   39.246174

Somerset
MD
151
 -75.894958   38.217148
 -75.881325   38.217476
 -75.875000   38.219891
 -75.867699   38.235477
 -75.861320   38.240749
 -75.850235   38.244633
 -75.843918   38.253979
 -75.828163   38.257397
 -75.811562   38.254276
 -75.803360   38.254986
 -75.796371   38.265869
 -75.781578   38.267399
 -75.774307   38.271595
 -75.770416   38.283836
 -75.766815   38.285538
 -75.753296   38.285015
 -75.752151   38.280579
 -75.748894   38.284489
 -75.746666   38.280544
 -75.741997   38.279037
 -75.735405   38.282887
 -75.728806   38.280830
 -75.729172   38.275772
 -75.723824   38.275665
 -75.720772   38.266525
 -75.714920   38.266979
 -75.710716   38.264462
 -75.694786   38.266785
 -75.697083   38.273716
 -75.686150   38.285385
 -75.687706   38.289940
 -75.664124   38.298618
 -75.649536   38.293327
 -75.643669   38.288906
 -75.632668   38.288609
 -75.626137   38.280888
 -75.613220   38.278656
 -75.610901   38.267021
 -75.605057   38.259632
 -75.605400   38.248150
 -75.586906   38.223366
 -75.576836   38.220184
 -75.575317   38.209743
 -75.563805   38.202099
 -75.557777   38.191021
 -75.550179   38.186417
 -75.547272   38.181313
 -75.550728   38.162792
 -75.569489   38.153294
 -75.576706   38.141781
 -75.572006   38.131683
 -75.567513   38.131981
 -75.552628   38.121555
 -75.551781   38.115444
 -75.546623   38.111050
 -75.548447   38.108299
 -75.540688   38.108257
 -75.544746   38.103241
 -75.540977   38.101730
 -75.546371   38.099945
 -75.545906   38.097588
 -75.540512   38.096741
 -75.544083   38.092731
 -75.541222   38.089359
 -75.548569   38.085773
 -75.556358   38.084705
 -75.562546   38.088287
 -75.570183   38.086685
 -75.572815   38.083103
 -75.571899   38.074986
 -75.579063   38.068913
 -75.599945   38.069263
 -75.606850   38.075424
 -75.617935   38.072784
 -75.616554   38.064941
 -75.619675   38.058048
 -75.623024   38.054852
 -75.637482   38.051083
 -75.638359   38.044670
 -75.648239   38.046669
 -75.649963   38.051979
 -75.656670   38.052036
 -75.662186   38.041733
 -75.658928   38.033092
 -75.649506   38.026241
 -75.646202   38.020515
 -75.639641   38.022861
 -75.635391   38.021160
 -75.631424   38.016777
 -75.632034   38.011379
 -75.629295   38.007294
 -75.623924   38.008911
 -75.620079   38.007004
 -75.624695   37.994087
 -75.625961   37.989677
 -75.634186   37.984398
 -75.629883   37.975845
 -75.638565   37.979275
 -75.648575   37.966652
 -75.648048   37.946838
 -75.656029   37.945313
 -75.667229   37.950069
 -75.691673   37.955376
 -75.704987   37.954575
 -75.742828   37.945728
 -75.738335   37.961723
 -75.744186   37.967922
 -75.776558   37.971367
 -75.788963   37.965515
 -75.833389   37.929348
 -75.867828   37.915916
 -75.883339   37.920738
 -75.895393   37.930729
 -75.891258   37.953117
 -75.899178   37.974468
 -75.889191   37.986870
 -75.882996   38.003056
 -75.874725   38.012356
 -75.873001   38.016487
 -75.875763   38.029232
 -75.872658   38.035431
 -75.856468   38.038876
 -75.850273   38.035774
 -75.837181   38.039562
 -75.835114   38.051620
 -75.836151   38.061264
 -75.840279   38.068840
 -75.848549   38.067806
 -75.858192   38.060577
 -75.870934   38.058163
 -75.874725   38.060577
 -75.880234   38.074696
 -75.874031   38.089851
 -75.864395   38.100529
 -75.842697   38.112583
 -75.838562   38.136005
 -75.843040   38.143234
 -75.852333   38.142891
 -75.870247   38.133247
 -75.891602   38.139793
 -75.901245   38.139103
 -75.927765   38.126015
 -75.939125   38.111202
 -75.944298   38.111202
 -75.960144   38.136349
 -75.949806   38.165279
 -75.952225   38.175957
 -75.950493   38.180779
 -75.942574   38.186981
 -75.899864   38.199722
 -75.894707   38.208332

St. Mary's
MD
97
 -76.674438   38.499500
 -76.666275   38.494267
 -76.652466   38.473633
 -76.654190   38.463238
 -76.624504   38.443378
 -76.608696   38.424324
 -76.597870   38.423321
 -76.578957   38.411167
 -76.565948   38.406937
 -76.558708   38.395741
 -76.534401   38.397644
 -76.519302   38.383289
 -76.500931   38.371651
 -76.491478   38.361122
 -76.484406   38.347946
 -76.483810   38.339973
 -76.489532   38.327251
 -76.472038   38.324745
 -76.464691   38.311134
 -76.458633   38.306519
 -76.445702   38.305088
 -76.379173   38.327244
 -76.376038   38.327240
 -76.375938   38.326965
 -76.374268   38.297016
 -76.391685   38.281525
 -76.397507   38.269901
 -76.398788   38.256344
 -76.384590   38.215672
 -76.343918   38.167255
 -76.329720   38.154987
 -76.320030   38.137554
 -76.339401   38.116253
 -76.331009   38.098824
 -76.330360   38.076874
 -76.319382   38.043304
 -76.322617   38.034912
 -76.329071   38.046532
 -76.345856   38.052986
 -76.354248   38.052341
 -76.362640   38.060089
 -76.373619   38.080101
 -76.381363   38.089783
 -76.391685   38.093014
 -76.390404   38.098824
 -76.394920   38.102695
 -76.404602   38.105923
 -76.416870   38.102695
 -76.422684   38.105282
 -76.433655   38.127876
 -76.443985   38.134327
 -76.455605   38.133682
 -76.463348   38.126583
 -76.465935   38.117542
 -76.464638   38.107216
 -76.473679   38.100761
 -76.482071   38.115608
 -76.500793   38.135620
 -76.514999   38.141434
 -76.531136   38.133041
 -76.545334   38.162735
 -76.549217   38.180168
 -76.553734   38.187267
 -76.570518   38.200180
 -76.596985   38.215027
 -76.632500   38.226006
 -76.648628   38.224712
 -76.669937   38.233749
 -76.720291   38.233105
 -76.749992   38.226006
 -76.752571   38.221485
 -76.780327   38.227940
 -76.802925   38.239559
 -76.830292   38.247879
 -76.829216   38.250000
 -76.821266   38.271217
 -76.846481   38.327660
 -76.853203   38.332474
 -76.853935   38.339977
 -76.848083   38.355652
 -76.848228   38.362103
 -76.852547   38.367989
 -76.873970   38.379448
 -76.872162   38.389057
 -76.850945   38.397785
 -76.847168   38.407646
 -76.840538   38.410278
 -76.823006   38.428257
 -76.822723   38.432289
 -76.775238   38.508801
 -76.768661   38.512531
 -76.752502   38.513416
 -76.712227   38.509880
 -76.708122   38.502121
 -76.703026   38.501965
 -76.699631   38.497005
 -76.686966   38.494869

Talbot
MD
146
 -76.202126   38.848537
 -76.192711   38.863701
 -76.182571   38.858498
 -76.178200   38.865044
 -76.170250   38.865536
 -76.162788   38.880871
 -76.155914   38.880123
 -76.147987   38.882607
 -76.134300   38.880024
 -76.128334   38.875881
 -76.121735   38.882309
 -76.114655   38.880726
 -76.103851   38.882195
 -76.103004   38.890057
 -76.113686   38.904404
 -76.111801   38.910896
 -76.115829   38.913605
 -76.105377   38.936630
 -76.097664   38.944103
 -76.090782   38.945045
 -76.084625   38.940971
 -76.081535   38.942551
 -76.078529   38.940266
 -76.065750   38.939987
 -75.949478   38.918209
 -75.943977   38.915478
 -75.949654   38.913322
 -75.943443   38.906574
 -75.949539   38.903416
 -75.944641   38.898159
 -75.948997   38.891621
 -75.940765   38.884983
 -75.950951   38.884331
 -75.951630   38.879627
 -75.947670   38.878304
 -75.941856   38.881092
 -75.938225   38.880039
 -75.939293   38.876312
 -75.944443   38.875938
 -75.943451   38.870411
 -75.939667   38.866482
 -75.935081   38.867432
 -75.930595   38.861214
 -75.924690   38.860317
 -75.923141   38.854713
 -75.930695   38.850128
 -75.927116   38.846958
 -75.919319   38.845982
 -75.928459   38.840988
 -75.928123   38.838814
 -75.915581   38.834553
 -75.913353   38.829182
 -75.901703   38.824364
 -75.906929   38.819328
 -75.897270   38.814743
 -75.896828   38.812092
 -75.904305   38.806580
 -75.911888   38.805943
 -75.928436   38.798931
 -75.932976   38.795895
 -75.937767   38.787045
 -75.949829   38.778290
 -75.967949   38.778919
 -75.968964   38.772728
 -75.976753   38.765373
 -75.999283   38.755402
 -75.995705   38.736389
 -76.000000   38.734550
 -76.009102   38.736320
 -76.015373   38.728443
 -75.993568   38.707680
 -75.993347   38.696407
 -75.977234   38.697510
 -75.970825   38.682808
 -75.945663   38.673847
 -75.955971   38.663239
 -75.958313   38.647873
 -75.983856   38.625000
 -75.981270   38.609936
 -75.991470   38.592365
 -76.006157   38.587482
 -76.028053   38.572315
 -76.040543   38.573307
 -76.052330   38.578712
 -76.082367   38.603825
 -76.093620   38.603424
 -76.109299   38.597782
 -76.121414   38.601597
 -76.133369   38.609772
 -76.134621   38.623337
 -76.138687   38.627453
 -76.151649   38.631031
 -76.162231   38.636307
 -76.152336   38.644947
 -76.155319   38.657314
 -76.177498   38.675652
 -76.195831   38.675652
 -76.197113   38.670536
 -76.200951   38.669254
 -76.214172   38.681194
 -76.220146   38.696548
 -76.226967   38.696548
 -76.239761   38.712330
 -76.238480   38.733650
 -76.247429   38.735783
 -76.255539   38.735783
 -76.264061   38.729385
 -76.270889   38.721283
 -76.271317   38.708916
 -76.282829   38.716164
 -76.298607   38.717018
 -76.310555   38.722137
 -76.323769   38.720005
 -76.334435   38.701668
 -76.327187   38.692284
 -76.322487   38.690151
 -76.323341   38.678211
 -76.332726   38.676079
 -76.340401   38.669254
 -76.348930   38.685886
 -76.348930   38.692711
 -76.343384   38.697826
 -76.347221   38.705933
 -76.340836   38.716164
 -76.342957   38.748577
 -76.334854   38.774590
 -76.323769   38.778854
 -76.319504   38.788666
 -76.310127   38.797192
 -76.307991   38.814674
 -76.302872   38.825764
 -76.296478   38.828323
 -76.287094   38.826614
 -76.281555   38.831306
 -76.278564   38.844528
 -76.266197   38.853058
 -76.262787   38.850925
 -76.256393   38.834721
 -76.249565   38.829605
 -76.245728   38.821072
 -76.228668   38.821072
 -76.212898   38.806999
 -76.206070   38.807426
 -76.198814   38.812973
 -76.193703   38.826191
 -76.198135   38.844528

Washington
MD
179
 -78.342781   39.722450
 -78.099403   39.722099
 -77.469429   39.719925
 -77.486160   39.705051
 -77.493889   39.692593
 -77.503494   39.689262
 -77.508705   39.684032
 -77.497726   39.683529
 -77.493179   39.676487
 -77.498070   39.668198
 -77.504890   39.664162
 -77.511208   39.655941
 -77.520279   39.640888
 -77.530769   39.631695
 -77.545601   39.633278
 -77.551109   39.625000
 -77.570251   39.619686
 -77.585655   39.583054
 -77.587181   39.571159
 -77.594940   39.563267
 -77.595131   39.552891
 -77.599586   39.550091
 -77.597115   39.541977
 -77.613068   39.529682
 -77.622772   39.507416
 -77.621056   39.505390
 -77.623291   39.499481
 -77.614754   39.491138
 -77.622368   39.482403
 -77.616562   39.468555
 -77.622314   39.463760
 -77.622429   39.459473
 -77.627068   39.457069
 -77.627449   39.448265
 -77.635246   39.445366
 -77.641296   39.415157
 -77.640160   39.404339
 -77.652046   39.375000
 -77.673981   39.344032
 -77.677666   39.324196
 -77.693275   39.318348
 -77.707993   39.321461
 -77.719315   39.321026
 -77.727661   39.321568
 -77.735298   39.326916
 -77.756073   39.333801
 -77.761398   39.339657
 -77.759598   39.345215
 -77.746216   39.353119
 -77.744164   39.359848
 -77.744431   39.365040
 -77.753563   39.378220
 -77.753670   39.381996
 -77.738365   39.386112
 -77.736191   39.389565
 -77.740295   39.401596
 -77.753372   39.423164
 -77.763611   39.428337
 -77.775139   39.427750
 -77.793030   39.430496
 -77.803535   39.437035
 -77.801147   39.440742
 -77.788849   39.442734
 -77.785866   39.445267
 -77.798431   39.455883
 -77.798752   39.460571
 -77.793442   39.461945
 -77.780754   39.459766
 -77.778099   39.461823
 -77.795921   39.471161
 -77.798073   39.478664
 -77.788803   39.484951
 -77.767380   39.491238
 -77.765686   39.494301
 -77.768661   39.497643
 -77.773804   39.499405
 -77.783195   39.498627
 -77.791107   39.491150
 -77.798103   39.489319
 -77.825851   39.493252
 -77.845390   39.498188
 -77.848389   39.501995
 -77.825935   39.516796
 -77.823837   39.523979
 -77.825638   39.529079
 -77.832520   39.532303
 -77.837219   39.532070
 -77.840813   39.529099
 -77.842201   39.518372
 -77.851028   39.515305
 -77.863960   39.514935
 -77.866798   39.519939
 -77.865631   39.538284
 -77.888901   39.554825
 -77.888245   39.559101
 -77.881004   39.562778
 -77.841644   39.564342
 -77.836319   39.566463
 -77.833504   39.570919
 -77.830048   39.587452
 -77.832329   39.601368
 -77.838860   39.606220
 -77.855591   39.607262
 -77.866554   39.610317
 -77.874992   39.614292
 -77.885406   39.615681
 -77.887505   39.613667
 -77.881393   39.606121
 -77.883255   39.598732
 -77.890648   39.597458
 -77.909592   39.602028
 -77.923576   39.604755
 -77.932861   39.617355
 -77.942505   39.618431
 -77.945137   39.615620
 -77.936470   39.609718
 -77.935989   39.600136
 -77.938271   39.588818
 -77.945511   39.584541
 -77.949707   39.586391
 -77.952400   39.592636
 -77.951103   39.603977
 -77.954384   39.607594
 -77.966621   39.607380
 -77.976967   39.599648
 -78.003883   39.600552
 -78.011627   39.603989
 -78.022728   39.619427
 -78.036270   39.635624
 -78.077797   39.668789
 -78.090111   39.671577
 -78.097389   39.678066
 -78.105972   39.681473
 -78.176071   39.695889
 -78.183029   39.695019
 -78.191376   39.690170
 -78.203217   39.676559
 -78.227600   39.676033
 -78.232964   39.673420
 -78.233276   39.670380
 -78.224609   39.663181
 -78.224541   39.659657
 -78.254341   39.639996
 -78.262459   39.630371
 -78.265358   39.619179
 -78.287117   39.621136
 -78.334000   39.636597
 -78.334305   39.640923
 -78.342766   39.644104
 -78.346169   39.648540
 -78.340485   39.648586
 -78.340607   39.652611
 -78.363510   39.659489
 -78.361801   39.660999
 -78.355461   39.659721
 -78.357216   39.663906
 -78.351563   39.660522
 -78.340286   39.664070
 -78.334610   39.662952
 -78.333603   39.666245
 -78.343575   39.675095
 -78.342957   39.676949
 -78.336922   39.680447
 -78.320259   39.676380
 -78.321411   39.678688
 -78.317947   39.681297
 -78.323250   39.683903
 -78.315018   39.684704
 -78.323364   39.688339
 -78.313660   39.691772
 -78.319901   39.695408
 -78.318390   39.701996
 -78.334740   39.709862
 -78.334145   39.712467
 -78.329880   39.712791
 -78.334625   39.719494
 -78.339897   39.715969
 -78.343803   39.717499
 -78.346054   39.721363

Wicomico
MD
101
 -75.701912   38.560619
 -75.693871   38.460011
 -75.500336   38.454002
 -75.341614   38.451855
 -75.336151   38.442177
 -75.336716   38.436283
 -75.332321   38.426979
 -75.323792   38.418381
 -75.317596   38.406265
 -75.319344   38.394318
 -75.330139   38.381325
 -75.326027   38.374256
 -75.316444   38.368980
 -75.314125   38.359653
 -75.307961   38.357063
 -75.307114   38.354584
 -75.309975   38.349083
 -75.317856   38.345657
 -75.316864   38.342583
 -75.323341   38.331882
 -75.333588   38.330418
 -75.339500   38.325424
 -75.341728   38.319859
 -75.355965   38.318256
 -75.364571   38.290184
 -75.613220   38.278656
 -75.626137   38.280888
 -75.632668   38.288609
 -75.643669   38.288906
 -75.649536   38.293327
 -75.664124   38.298618
 -75.687706   38.289940
 -75.686150   38.285385
 -75.697083   38.273716
 -75.694786   38.266785
 -75.710716   38.264462
 -75.714920   38.266979
 -75.720772   38.266525
 -75.723824   38.275665
 -75.729172   38.275772
 -75.728806   38.280830
 -75.735405   38.282887
 -75.741997   38.279037
 -75.746666   38.280544
 -75.748894   38.284489
 -75.752151   38.280579
 -75.753296   38.285015
 -75.766815   38.285538
 -75.770416   38.283836
 -75.774307   38.271595
 -75.781578   38.267399
 -75.796371   38.265869
 -75.803360   38.254986
 -75.811562   38.254276
 -75.828163   38.257397
 -75.843918   38.253979
 -75.850235   38.244633
 -75.861320   38.240749
 -75.867699   38.235477
 -75.875000   38.219891
 -75.881325   38.217476
 -75.894958   38.217148
 -75.895264   38.227833
 -75.900848   38.231949
 -75.903198   38.239594
 -75.909081   38.246357
 -75.924171   38.246105
 -75.927048   38.249428
 -75.926102   38.273918
 -75.929771   38.291317
 -75.925568   38.306221
 -75.896698   38.334877
 -75.860603   38.353748
 -75.858002   38.363380
 -75.867653   38.375000
 -75.861198   38.383461
 -75.838623   38.385761
 -75.842743   38.392963
 -75.851601   38.400230
 -75.851295   38.404419
 -75.845917   38.421753
 -75.829216   38.423302
 -75.821632   38.430019
 -75.821686   38.439144
 -75.833473   38.443329
 -75.837090   38.447971
 -75.833504   38.457504
 -75.817032   38.463192
 -75.815247   38.466343
 -75.823250   38.475895
 -75.824051   38.480907
 -75.815536   38.488682
 -75.795006   38.492260
 -75.782410   38.501480
 -75.765335   38.506363
 -75.757721   38.512661
 -75.753983   38.527988
 -75.746864   38.536671
 -75.727303   38.539776
 -75.712242   38.550762
 -75.707687   38.559410

Worcester
MD
95
 -75.341614   38.451855
 -75.049339   38.451653
 -75.049309   38.451153
 -75.054970   38.414715
 -75.063316   38.384274
 -75.074379   38.348835
 -75.087578   38.322948
 -75.094749   38.322952
 -75.103317   38.311413
 -75.123093   38.260971
 -75.159348   38.184124
 -75.177757   38.129894
 -75.194168   38.095898
 -75.242630   38.027088
 -75.242950   38.026695
 -75.250000   38.026596
 -75.624695   37.994087
 -75.620079   38.007004
 -75.623924   38.008911
 -75.629295   38.007294
 -75.632034   38.011379
 -75.631424   38.016777
 -75.635391   38.021160
 -75.639641   38.022861
 -75.646202   38.020515
 -75.649506   38.026241
 -75.658928   38.033092
 -75.662186   38.041733
 -75.656670   38.052036
 -75.649963   38.051979
 -75.648239   38.046669
 -75.638359   38.044670
 -75.637482   38.051083
 -75.623024   38.054852
 -75.619675   38.058048
 -75.616554   38.064941
 -75.617935   38.072784
 -75.606850   38.075424
 -75.599945   38.069263
 -75.579063   38.068913
 -75.571899   38.074986
 -75.572815   38.083103
 -75.570183   38.086685
 -75.562546   38.088287
 -75.556358   38.084705
 -75.548569   38.085773
 -75.541222   38.089359
 -75.544083   38.092731
 -75.540512   38.096741
 -75.545906   38.097588
 -75.546371   38.099945
 -75.540977   38.101730
 -75.544746   38.103241
 -75.540688   38.108257
 -75.548447   38.108299
 -75.546623   38.111050
 -75.551781   38.115444
 -75.552628   38.121555
 -75.567513   38.131981
 -75.572006   38.131683
 -75.576706   38.141781
 -75.569489   38.153294
 -75.550728   38.162792
 -75.547272   38.181313
 -75.550179   38.186417
 -75.557777   38.191021
 -75.563805   38.202099
 -75.575317   38.209743
 -75.576836   38.220184
 -75.586906   38.223366
 -75.605400   38.248150
 -75.605057   38.259632
 -75.610901   38.267021
 -75.613220   38.278656
 -75.364571   38.290184
 -75.355965   38.318256
 -75.341728   38.319859
 -75.339500   38.325424
 -75.333588   38.330418
 -75.323341   38.331882
 -75.316864   38.342583
 -75.317856   38.345657
 -75.309975   38.349083
 -75.307114   38.354584
 -75.307961   38.357063
 -75.314125   38.359653
 -75.316444   38.368980
 -75.326027   38.374256
 -75.330139   38.381325
 -75.319344   38.394318
 -75.317596   38.406265
 -75.323792   38.418381
 -75.332321   38.426979
 -75.336716   38.436283
 -75.336151   38.442177

