 -71.084816   43.059734
 -66.980385   47.459648
27

Androscoggin
ME
72
 -70.239281   44.458866
 -70.200172   44.478172
 -70.129990   44.487240
 -70.101639   44.385792
 -70.101089   44.383793
 -70.122704   44.381004
 -70.120605   44.372700
 -70.132027   44.371452
 -70.100693   44.334438
 -70.099533   44.319504
 -70.074944   44.298393
 -70.074776   44.290119
 -70.076157   44.206184
 -70.066246   44.200588
 -70.055840   44.198956
 -70.060875   44.191673
 -69.994186   44.180653
 -69.999428   44.166756
 -70.010658   44.168556
 -70.014297   44.157463
 -70.018906   44.157845
 -70.027870   44.130547
 -70.012138   44.127869
 -70.012924   44.125404
 -70.005798   44.124500
 -70.026001   44.050598
 -70.027000   44.033298
 -70.033600   44.030300
 -70.036598   44.025002
 -70.033501   44.021500
 -70.038101   44.017399
 -70.035103   44.005501
 -70.033104   44.001499
 -70.038200   43.999500
 -70.039703   44.001598
 -70.043800   44.001301
 -70.045105   43.996498
 -70.051201   43.993401
 -70.052002   43.990501
 -70.034401   43.975700
 -70.081360   43.926228
 -70.092735   43.931839
 -70.116318   43.906635
 -70.118744   43.907887
 -70.203201   43.948200
 -70.200401   43.951900
 -70.228203   43.973000
 -70.315903   44.037601
 -70.364304   43.986401
 -70.395592   44.003029
 -70.398804   43.992085
 -70.402390   43.990055
 -70.445503   44.012718
 -70.449066   44.009323
 -70.480186   44.026215
 -70.480553   44.031933
 -70.478996   44.035301
 -70.482040   44.043636
 -70.479584   44.054939
 -70.485794   44.060368
 -70.451736   44.094315
 -70.402382   44.143383
 -70.392311   44.153431
 -70.334602   44.210602
 -70.325798   44.208302
 -70.315002   44.237202
 -70.282043   44.322311
 -70.265747   44.362896
 -70.277214   44.407513
 -70.279160   44.415012
 -70.268784   44.416477
 -70.274742   44.440758

Aroostook
ME
331
 -69.721542   46.573830
 -70.023453   46.573933
 -69.998238   46.692059
 -69.995361   46.697357
 -69.224915   47.459648
 -69.212837   47.454746
 -69.211639   47.454811
 -69.204384   47.452168
 -69.197037   47.454933
 -69.190399   47.453472
 -69.178902   47.456581
 -69.163704   47.449570
 -69.162094   47.447571
 -69.156929   47.450775
 -69.144241   47.446613
 -69.141510   47.444023
 -69.140282   47.445316
 -69.133118   47.442963
 -69.111267   47.436546
 -69.108696   47.435604
 -69.108139   47.428024
 -69.107811   47.427979
 -69.107803   47.427818
 -69.107506   47.427933
 -69.091240   47.425522
 -69.090820   47.424419
 -69.081161   47.424030
 -69.068695   47.427368
 -69.068047   47.428608
 -69.062370   47.430592
 -69.062813   47.433044
 -69.056717   47.430141
 -69.056747   47.430069
 -69.055222   47.429428
 -69.051926   47.427853
 -69.052299   47.422935
 -69.051300   47.423203
 -69.052330   47.422501
 -69.046738   47.424099
 -69.046814   47.424397
 -69.046471   47.424488
 -69.042130   47.416763
 -69.041901   47.416698
 -69.042267   47.415756
 -69.035110   47.414711
 -69.036133   47.411144
 -69.037384   47.407940
 -69.037048   47.407963
 -69.037117   47.407711
 -69.035004   47.408085
 -69.032425   47.408241
 -69.031631   47.403069
 -69.038132   47.404236
 -69.038216   47.404106
 -69.038902   47.404217
 -69.042870   47.401108
 -69.041145   47.399448
 -69.042831   47.396774
 -69.043755   47.397152
 -69.045914   47.391876
 -69.040291   47.383827
 -69.047661   47.383739
 -69.054390   47.377846
 -69.055145   47.315887
 -69.049629   47.306435
 -69.053261   47.294369
 -69.052986   47.294067
 -69.053032   47.293907
 -69.051186   47.258526
 -69.050941   47.258198
 -69.051254   47.257298
 -69.042099   47.246414
 -69.033974   47.240952
 -68.978828   47.217564
 -68.962349   47.206005
 -68.962006   47.206036
 -68.961647   47.205547
 -68.954353   47.206638
 -68.952255   47.202850
 -68.951416   47.203171
 -68.950912   47.202442
 -68.942917   47.206013
 -68.940979   47.205082
 -68.934647   47.200294
 -68.929131   47.199421
 -68.929062   47.199387
 -68.930328   47.197231
 -68.921440   47.195744
 -68.920265   47.189823
 -68.903854   47.179905
 -68.902946   47.178802
 -68.902489   47.179077
 -68.901505   47.178486
 -68.885017   47.183247
 -68.882927   47.183319
 -68.881409   47.184288
 -68.863358   47.189495
 -68.861641   47.190372
 -68.858032   47.190914
 -68.827057   47.207813
 -68.812675   47.215424
 -68.770233   47.221313
 -68.767349   47.222401
 -68.761948   47.223232
 -68.737030   47.233849
 -68.720840   47.239956
 -68.716927   47.240536
 -68.709084   47.238667
 -68.708282   47.238892
 -68.705826   47.238029
 -68.698318   47.241184
 -68.689415   47.244175
 -68.663208   47.236382
 -68.662849   47.236450
 -68.662460   47.236286
 -68.661278   47.236748
 -68.638458   47.241062
 -68.622543   47.242676
 -68.612373   47.245987
 -68.611732   47.246109
 -68.611519   47.246265
 -68.609962   47.246773
 -68.602005   47.253223
 -68.595940   47.257660
 -68.596062   47.258041
 -68.594589   47.259235
 -68.597923   47.269115
 -68.581390   47.286179
 -68.579910   47.287025
 -68.553413   47.282246
 -68.553123   47.282360
 -68.552254   47.282188
 -68.540092   47.285137
 -68.532631   47.290462
 -68.518494   47.296051
 -68.518333   47.296040
 -68.491585   47.294060
 -68.476486   47.297256
 -68.475060   47.297405
 -68.473854   47.297028
 -68.462921   47.288624
 -68.461617   47.287624
 -68.461205   47.287544
 -68.458763   47.284588
 -68.452278   47.282871
 -68.442032   47.283882
 -68.439308   47.283363
 -68.430786   47.281734
 -68.430756   47.281750
 -68.430679   47.281731
 -68.414406   47.288155
 -68.390244   47.286869
 -68.385437   47.286545
 -68.377983   47.288071
 -68.377907   47.289169
 -68.376549   47.289635
 -68.377754   47.291405
 -68.377472   47.295589
 -68.384628   47.302132
 -68.384682   47.304127
 -68.381859   47.308662
 -68.384888   47.323196
 -68.380852   47.340202
 -68.368500   47.352570
 -68.353867   47.357273
 -68.352966   47.357368
 -68.326828   47.360161
 -68.305534   47.355507
 -68.305077   47.355644
 -68.304298   47.355480
 -68.292023   47.358517
 -68.273018   47.354885
 -68.271355   47.354862
 -68.265656   47.352505
 -68.248505   47.352474
 -68.238365   47.354385
 -68.233315   47.354313
 -68.230545   47.353256
 -68.224579   47.347229
 -68.224014   47.345173
 -68.218231   47.340813
 -68.203377   47.339420
 -68.181763   47.331009
 -68.179337   47.330067
 -68.173141   47.329060
 -68.156540   47.325249
 -68.154663   47.323639
 -68.153740   47.316727
 -68.154030   47.313999
 -68.153267   47.313168
 -68.152824   47.309841
 -68.137581   47.296028
 -68.122917   47.289433
 -68.120209   47.287247
 -68.090179   47.274704
 -68.083191   47.271557
 -68.074585   47.259724
 -68.062866   47.255066
 -68.023811   47.239544
 -68.020912   47.238281
 -67.992401   47.212002
 -67.991592   47.211811
 -67.990707   47.210999
 -67.971901   47.207100
 -67.971794   47.207047
 -67.955574   47.198689
 -67.954597   47.197422
 -67.951302   47.183201
 -67.928596   47.156399
 -67.928551   47.156376
 -67.927803   47.155499
 -67.910919   47.148106
 -67.901703   47.135101
 -67.893799   47.129902
 -67.889191   47.111622
 -67.886589   47.108467
 -67.886185   47.107277
 -67.885345   47.106968
 -67.884377   47.105793
 -67.837425   47.086990
 -67.823029   47.083843
 -67.818687   47.081512
 -67.811256   47.076050
 -67.800140   47.071552
 -67.790985   47.066635
 -67.790436   47.056355
 -67.790413   47.050560
 -67.790199   46.981827
 -67.790222   46.959194
 -67.790024   46.872093
 -67.789314   46.689384
 -67.789200   46.665295
 -67.788994   46.600548
 -67.788979   46.599770
 -67.787170   46.510918
 -67.786270   46.466507
 -67.784378   46.372929
 -67.782997   46.304367
 -67.782814   46.291424
 -67.782776   46.279331
 -67.782455   46.186115
 -67.782158   46.096130
 -67.781837   46.000938
 -67.781715   45.965557
 -67.781845   45.957909
 -67.781685   45.956795
 -67.781639   45.942978
 -67.778656   45.935383
 -67.778526   45.934498
 -67.778313   45.934513
 -67.778168   45.934151
 -67.751640   45.918243
 -67.751190   45.917717
 -67.764275   45.910374
 -67.764526   45.909946
 -67.765541   45.909737
 -67.766617   45.906345
 -67.769478   45.901417
 -67.768768   45.899548
 -67.769112   45.898449
 -67.778816   45.897625
 -67.783157   45.894997
 -67.785889   45.895592
 -67.795715   45.887371
 -67.799347   45.885166
 -67.800293   45.884014
 -67.804253   45.883320
 -67.804245   45.879211
 -67.804779   45.878563
 -67.804237   45.874825
 -67.804222   45.869324
 -67.803368   45.868858
 -67.803268   45.868179
 -67.798119   45.865086
 -67.796585   45.864166
 -67.797195   45.860107
 -67.788963   45.850327
 -67.770935   45.839897
 -67.763878   45.828896
 -67.755615   45.823612
 -67.764442   45.820049
 -67.775558   45.818733
 -67.779152   45.818844
 -67.780151   45.818192
 -67.780624   45.818134
 -67.802536   45.803490
 -67.807144   45.794662
 -67.805504   45.772926
 -67.809624   45.767441
 -67.806854   45.755344
 -67.793434   45.750000
 -67.782440   45.731129
 -67.810379   45.729218
 -67.803696   45.696068
 -67.818443   45.693645
 -67.806572   45.680759
 -67.873962   45.668957
 -67.878288   45.671795
 -67.889503   45.671848
 -67.902458   45.679668
 -67.900009   45.672344
 -67.907532   45.671329
 -67.906410   45.667767
 -67.916374   45.666248
 -67.914993   45.661877
 -67.934364   45.658688
 -68.035393   45.642193
 -68.048683   45.639965
 -68.168365   45.619499
 -68.178871   45.617821
 -68.259483   45.605118
 -68.256821   45.597183
 -68.299850   45.590256
 -68.410805   45.573101
 -68.425774   45.576561
 -68.433090   45.581276
 -68.433060   45.668499
 -68.427406   45.852554
 -68.428101   45.944630
 -68.431519   45.952137
 -68.433487   46.035480
 -68.438278   46.043343
 -68.436928   46.124470
 -68.437218   46.207676
 -68.436913   46.381821
 -68.568939   46.382645
 -68.695427   46.382252
 -68.695396   46.395153
 -68.819847   46.395641
 -68.822464   46.572418
 -69.381584   46.573040

Cumberland
ME
322
 -70.480553   44.031933
 -70.480186   44.026215
 -70.449066   44.009323
 -70.445503   44.012718
 -70.402390   43.990055
 -70.398804   43.992085
 -70.395592   44.003029
 -70.364304   43.986401
 -70.315903   44.037601
 -70.228203   43.973000
 -70.200401   43.951900
 -70.203201   43.948200
 -70.118744   43.907887
 -70.116318   43.906635
 -70.092735   43.931839
 -70.081360   43.926228
 -70.034401   43.975700
 -70.020683   43.945915
 -70.008636   43.942169
 -70.002457   43.933167
 -69.993187   43.930943
 -69.977959   43.914932
 -69.967865   43.921291
 -69.965759   43.920048
 -69.958382   43.923325
 -69.935318   43.912750
 -69.930016   43.912292
 -69.921814   43.920349
 -69.912277   43.921707
 -69.904076   43.926338
 -69.874741   43.953266
 -69.857582   43.944580
 -69.862999   43.931652
 -69.869148   43.911114
 -69.882553   43.890160
 -69.891464   43.883202
 -69.896515   43.866142
 -69.885910   43.855328
 -69.875229   43.851105
 -69.876923   43.839527
 -69.871559   43.814503
 -69.887611   43.787842
 -69.887802   43.777023
 -69.887802   43.776787
 -69.888344   43.776821
 -69.891479   43.777035
 -69.898155   43.773197
 -69.902321   43.771656
 -69.903641   43.775185
 -69.911835   43.777035
 -69.915382   43.774437
 -69.916107   43.775028
 -69.918800   43.775295
 -69.925308   43.777828
 -69.932983   43.775024
 -69.939064   43.772804
 -69.943695   43.766392
 -69.944855   43.764790
 -69.948067   43.765045
 -69.950424   43.766991
 -69.962845   43.766460
 -69.968399   43.756943
 -69.985321   43.749542
 -69.986641   43.741352
 -69.994835   43.728130
 -69.992195   43.724697
 -70.006729   43.716766
 -69.994301   43.744789
 -70.004616   43.746635
 -70.023117   43.734211
 -70.020737   43.741085
 -70.028145   43.745846
 -70.031052   43.743198
 -70.037392   43.743465
 -70.043999   43.737911
 -70.035278   43.756680
 -70.028145   43.764347
 -70.020210   43.766724
 -70.016518   43.780083
 -70.004883   43.786022
 -70.007523   43.788399
 -70.003296   43.789989
 -69.994301   43.808758
 -69.990082   43.809547
 -69.988487   43.813511
 -69.992195   43.819328
 -69.999062   43.819328
 -70.013069   43.810341
 -70.017036   43.816422
 -70.016144   43.824684
 -70.015984   43.826199
 -70.026817   43.822498
 -70.023651   43.830959
 -70.006729   43.843380
 -70.001175   43.850521
 -70.002243   43.855011
 -70.008850   43.857922
 -70.017830   43.860298
 -70.021271   43.859241
 -70.024551   43.856720
 -70.035019   43.848667
 -70.041100   43.842060
 -70.040031   43.838097
 -70.043999   43.837833
 -70.045319   43.834396
 -70.041100   43.831490
 -70.045319   43.829636
 -70.049812   43.831490
 -70.054047   43.829372
 -70.055893   43.819065
 -70.070961   43.809021
 -70.064087   43.825146
 -70.068054   43.826729
 -70.073082   43.824085
 -70.077835   43.828316
 -70.081009   43.826992
 -70.081802   43.820911
 -70.094749   43.815628
 -70.097130   43.810341
 -70.113846   43.801693
 -70.136787   43.795010
 -70.138870   43.793240
 -70.154488   43.779945
 -70.152901   43.775448
 -70.162163   43.770428
 -70.162163   43.772278
 -70.165062   43.772278
 -70.168503   43.765141
 -70.175110   43.761703
 -70.179070   43.762497
 -70.172462   43.777565
 -70.175636   43.778622
 -70.180374   43.776814
 -70.186722   43.774391
 -70.189117   43.770393
 -70.195786   43.769325
 -70.193382   43.764526
 -70.198715   43.754135
 -70.192848   43.748009
 -70.196312   43.738411
 -70.197144   43.737732
 -70.216835   43.721622
 -70.214966   43.712296
 -70.217369   43.705631
 -70.223763   43.701904
 -70.229095   43.702168
 -70.230957   43.704300
 -70.234161   43.702435
 -70.235489   43.697372
 -70.244019   43.692841
 -70.245255   43.690029
 -70.246941   43.686180
 -70.249619   43.686710
 -70.252541   43.684048
 -70.253883   43.673389
 -70.241089   43.669125
 -70.238953   43.665661
 -70.247215   43.658463
 -70.245468   43.655933
 -70.244278   43.654202
 -70.225899   43.649937
 -70.228027   43.644341
 -70.222343   43.633678
 -70.221634   43.632347
 -70.207237   43.622219
 -70.213631   43.608627
 -70.216034   43.609161
 -70.213631   43.603832
 -70.217369   43.596638
 -70.214966   43.596367
 -70.216301   43.591839
 -70.209366   43.588638
 -70.204842   43.589439
 -70.201378   43.585976
 -70.207504   43.577980
 -70.206444   43.574516
 -70.202713   43.574783
 -70.200577   43.568653
 -70.197914   43.568653
 -70.197914   43.564388
 -70.204842   43.556927
 -70.209641   43.557728
 -70.210968   43.556129
 -70.217102   43.556660
 -70.220299   43.561993
 -70.224564   43.563587
 -70.233086   43.560123
 -70.243752   43.551331
 -70.263474   43.551865
 -70.270134   43.556927
 -70.269333   43.559593
 -70.272102   43.560284
 -70.274666   43.560925
 -70.279732   43.559326
 -70.308777   43.543869
 -70.314102   43.535339
 -70.308777   43.528942
 -70.312241   43.527081
 -70.323166   43.527611
 -70.323433   43.530277
 -70.318634   43.533478
 -70.323433   43.539070
 -70.329475   43.541565
 -70.346397   43.539200
 -70.353416   43.535210
 -70.353798   43.535400
 -70.390640   43.553577
 -70.492470   43.606739
 -70.469231   43.631599
 -70.458168   43.642185
 -70.547104   43.713085
 -70.550529   43.715717
 -70.578255   43.687271
 -70.595863   43.697105
 -70.606087   43.687649
 -70.613037   43.686981
 -70.611298   43.692547
 -70.614998   43.698219
 -70.622818   43.699516
 -70.628334   43.704021
 -70.633949   43.703823
 -70.642876   43.702930
 -70.649864   43.699089
 -70.659477   43.703388
 -70.659973   43.711388
 -70.653893   43.731327
 -70.646568   43.740017
 -70.643570   43.752407
 -70.644730   43.755993
 -70.651817   43.758308
 -70.657127   43.764587
 -70.650299   43.768978
 -70.656296   43.780659
 -70.653320   43.787315
 -70.668907   43.792744
 -70.671761   43.793758
 -70.671646   43.790051
 -70.674950   43.788586
 -70.682281   43.796494
 -70.690315   43.795872
 -70.694687   43.798088
 -70.693703   43.803829
 -70.697044   43.805172
 -70.701927   43.798153
 -70.712845   43.799648
 -70.718994   43.794949
 -70.728424   43.793728
 -70.734123   43.789387
 -70.755669   43.788731
 -70.766396   43.792057
 -70.781006   43.803307
 -70.783730   43.813763
 -70.782310   43.823631
 -70.788719   43.833076
 -70.795197   43.834812
 -70.792984   43.847015
 -70.802200   43.856125
 -70.799477   43.858429
 -70.793900   43.857765
 -70.798721   43.863117
 -70.781990   43.873741
 -70.780922   43.868217
 -70.766815   43.877140
 -70.765694   43.871590
 -70.743927   43.885944
 -70.751587   43.885921
 -70.751106   43.888641
 -70.755814   43.888416
 -70.758995   43.907005
 -70.753426   43.913681
 -70.730217   43.928234
 -70.748062   43.945732
 -70.715881   43.961700
 -70.779808   44.028812
 -70.793663   44.026352
 -70.797752   44.044502
 -70.818565   44.035271
 -70.846039   44.052177
 -70.859009   44.059807
 -70.862007   44.077183
 -70.866920   44.079720
 -70.863342   44.086304
 -70.859955   44.085621
 -70.858307   44.088043
 -70.858772   44.095161
 -70.822235   44.077095
 -70.735237   44.121944
 -70.699989   44.139030
 -70.696381   44.134068
 -70.624802   44.170944
 -70.619583   44.164696
 -70.621094   44.161278
 -70.607750   44.154381
 -70.599174   44.149624
 -70.598663   44.142517
 -70.595619   44.144459
 -70.595963   44.137165
 -70.590652   44.132935
 -70.592461   44.128658
 -70.587830   44.124203
 -70.606567   44.101517
 -70.605995   44.089283
 -70.603523   44.088642
 -70.612480   44.070599
 -70.609428   44.067677
 -70.613777   44.066601
 -70.614502   44.062805
 -70.609863   44.058872
 -70.608368   44.051739
 -70.604507   44.050117
 -70.604431   44.041637
 -70.593239   44.035076
 -70.596298   44.031891
 -70.582275   44.022091
 -70.585373   44.021244
 -70.583221   44.018661
 -70.575645   44.015667
 -70.564499   44.024937
 -70.544647   44.005669
 -70.509514   44.041363
 -70.505753   44.039543
 -70.502907   44.042549

Cumberland
ME
13
 -70.201706   43.651638
 -70.201530   43.660801
 -70.195503   43.668552
 -70.205734   43.672539
 -70.205109   43.681129
 -70.194412   43.689640
 -70.188568   43.683868
 -70.190987   43.675880
 -70.181580   43.674961
 -70.184052   43.667709
 -70.173615   43.660774
 -70.185669   43.649632
 -70.201706   43.651638

Franklin
ME
213
 -70.834541   45.276081
 -70.832703   45.278572
 -70.832664   45.278751
 -70.832214   45.278984
 -70.830147   45.290321
 -70.830406   45.290462
 -70.830376   45.290596
 -70.836082   45.293655
 -70.816711   45.298077
 -70.812180   45.304035
 -70.815071   45.307621
 -70.814972   45.308186
 -70.809097   45.311558
 -70.806534   45.320999
 -70.808746   45.327698
 -70.813507   45.327969
 -70.816895   45.330994
 -70.810768   45.348217
 -70.810623   45.348293
 -70.810539   45.348854
 -70.810204   45.349800
 -70.810364   45.350033
 -70.810165   45.351398
 -70.814934   45.356495
 -70.810783   45.357346
 -70.809990   45.359962
 -70.803490   45.364521
 -70.803558   45.364723
 -70.803131   45.364883
 -70.808144   45.378071
 -70.816391   45.389565
 -70.824158   45.390976
 -70.824944   45.393429
 -70.825905   45.399113
 -70.822113   45.403702
 -70.813278   45.411324
 -70.812080   45.415848
 -70.802696   45.417927
 -70.798668   45.426342
 -70.788055   45.426498
 -70.787849   45.426655
 -70.787598   45.426567
 -70.781952   45.431110
 -70.765175   45.426010
 -70.755013   45.427654
 -70.744560   45.421043
 -70.745949   45.415970
 -70.744347   45.414749
 -70.744255   45.411880
 -70.731369   45.404457
 -70.730453   45.399311
 -70.724648   45.395657
 -70.712769   45.390564
 -70.695976   45.393272
 -70.692986   45.392532
 -70.684830   45.394924
 -70.662575   45.386448
 -70.662086   45.386204
 -70.661179   45.382595
 -70.660515   45.377853
 -70.652626   45.377155
 -70.652473   45.377094
 -70.652367   45.377132
 -70.651665   45.377071
 -70.635147   45.383560
 -70.639191   45.389141
 -70.635391   45.397278
 -70.621819   45.402481
 -70.635551   45.412964
 -70.635483   45.413830
 -70.633408   45.416241
 -70.631844   45.416290
 -70.628357   45.421227
 -70.628571   45.421848
 -70.628197   45.422279
 -70.628975   45.423058
 -70.630302   45.426968
 -70.633324   45.427391
 -70.650841   45.444851
 -70.651352   45.444984
 -70.651619   45.445351
 -70.653465   45.445526
 -70.670410   45.449913
 -70.675385   45.452351
 -70.682144   45.452950
 -70.682152   45.452976
 -70.683044   45.462593
 -70.683708   45.462738
 -70.683769   45.463120
 -70.692078   45.464561
 -70.692535   45.474869
 -70.699722   45.479370
 -70.702637   45.479858
 -70.715698   45.486309
 -70.716751   45.487099
 -70.714134   45.495815
 -70.713051   45.496967
 -70.712364   45.501896
 -70.721138   45.506298
 -70.722099   45.515011
 -70.711563   45.519817
 -70.706200   45.528343
 -70.699600   45.530331
 -70.701256   45.532730
 -70.701019   45.533138
 -70.680443   45.550816
 -70.680771   45.551498
 -70.677773   45.551819
 -70.683029   45.556236
 -70.687019   45.564598
 -70.685448   45.566792
 -70.688614   45.568806
 -70.688332   45.569054
 -70.678947   45.570633
 -70.672691   45.578609
 -70.659767   45.586838
 -70.645164   45.607040
 -70.620277   45.611832
 -70.620163   45.611923
 -70.619919   45.611969
 -70.619446   45.612484
 -70.599007   45.628479
 -70.591743   45.630524
 -70.568703   45.652332
 -70.568413   45.652958
 -70.565269   45.655106
 -70.562492   45.660545
 -70.563812   45.662117
 -70.553268   45.667793
 -70.506226   45.513699
 -70.519112   45.512051
 -70.443512   45.236794
 -70.419350   45.144894
 -70.363731   45.151566
 -70.365181   45.156921
 -70.313011   45.163475
 -70.312378   45.161655
 -70.308784   45.162010
 -70.294891   45.109913
 -70.160072   45.128384
 -70.133537   45.037468
 -70.110130   44.947147
 -70.152153   44.942139
 -70.144920   44.910599
 -70.153923   44.909248
 -70.149666   44.896084
 -70.143051   44.897480
 -70.141518   44.895458
 -70.132156   44.851650
 -70.033272   44.864315
 -70.027405   44.830254
 -70.032982   44.829807
 -70.032013   44.821850
 -70.030426   44.808758
 -70.020599   44.809357
 -70.016861   44.786697
 -70.004303   44.788185
 -70.000977   44.773777
 -70.005280   44.773079
 -70.002495   44.758362
 -70.014488   44.756226
 -70.002426   44.705292
 -69.996742   44.677502
 -69.960732   44.681252
 -69.965286   44.675053
 -69.959244   44.669697
 -69.959114   44.663136
 -69.960442   44.660736
 -69.966904   44.662922
 -69.969231   44.661232
 -69.968102   44.658558
 -69.947578   44.647968
 -69.931046   44.610741
 -69.928192   44.604000
 -69.947289   44.582287
 -69.954056   44.574593
 -70.040344   44.588993
 -70.037804   44.583527
 -70.041458   44.571228
 -70.046478   44.567410
 -70.055176   44.552776
 -70.058411   44.552158
 -70.060585   44.544868
 -70.070999   44.535282
 -70.072693   44.529751
 -70.030640   44.508595
 -70.035919   44.507523
 -70.037811   44.500000
 -70.046402   44.493584
 -70.042793   44.485142
 -70.129990   44.487240
 -70.200172   44.478172
 -70.239281   44.458866
 -70.251343   44.503422
 -70.269859   44.501148
 -70.271057   44.506176
 -70.281410   44.505051
 -70.290375   44.540230
 -70.308136   44.537884
 -70.281288   44.569580
 -70.348175   44.580025
 -70.472221   44.598644
 -70.550560   44.610760
 -70.511040   44.627094
 -70.564377   44.713039
 -70.615440   44.795532
 -70.769722   44.732147
 -70.774445   44.839939
 -70.795563   44.921581
 -70.796844   44.925838
 -70.804939   44.924957
 -70.824104   45.014172
 -70.780571   45.018509

Hancock
ME
366
 -68.816093   44.683689
 -68.798599   44.688633
 -68.793304   44.685375
 -68.786552   44.686611
 -68.785461   44.678364
 -68.766830   44.675583
 -68.772392   44.664303
 -68.744385   44.660557
 -68.727158   44.695835
 -68.721184   44.699657
 -68.691223   44.721539
 -68.647766   44.703838
 -68.617188   44.740948
 -68.555206   44.748657
 -68.529053   44.752224
 -68.446594   44.763908
 -68.455811   44.801151
 -68.473381   44.872131
 -68.477562   44.888363
 -68.490761   44.943382
 -68.502617   44.981510
 -68.375450   44.997822
 -68.397293   45.083393
 -68.270439   45.100262
 -68.295464   45.190544
 -68.303818   45.221558
 -68.180992   45.237183
 -68.056366   45.255219
 -68.020279   45.125000
 -67.983406   44.955666
 -68.106567   44.939133
 -68.082214   44.849339
 -68.058739   44.761261
 -68.035210   44.674080
 -68.016579   44.676575
 -67.994064   44.592159
 -68.017815   44.588913
 -67.992264   44.504520
 -67.991371   44.502457
 -67.977837   44.497936
 -67.977249   44.491089
 -67.973686   44.488983
 -67.975662   44.477112
 -67.982513   44.472847
 -67.978455   44.461021
 -67.972504   44.454296
 -67.970558   44.440044
 -67.963074   44.423199
 -67.954575   44.411392
 -67.961060   44.412289
 -67.963310   44.408222
 -67.959694   44.399197
 -67.964218   44.396488
 -67.971436   44.396488
 -67.973694   44.392426
 -67.978653   44.391521
 -67.978653   44.385201
 -67.983627   44.383842
 -68.009361   44.413189
 -68.012062   44.402809
 -68.019737   44.404160
 -68.021095   44.397839
 -68.014320   44.391521
 -68.015221   44.385651
 -68.025604   44.376171
 -68.028320   44.368950
 -68.025604   44.356308
 -68.037003   44.362411
 -68.038246   44.363079
 -68.045921   44.360371
 -68.047279   44.354504
 -68.044121   44.343216
 -68.049080   44.330124
 -68.059013   44.331478
 -68.072105   44.340057
 -68.076622   44.348183
 -68.077072   44.373917
 -68.087906   44.376625
 -68.088806   44.371204
 -68.095131   44.371655
 -68.103706   44.384296
 -68.103706   44.388813
 -68.100548   44.391068
 -68.112740   44.404160
 -68.112740   44.410931
 -68.108223   44.412735
 -68.109772   44.415379
 -68.117249   44.428089
 -68.119507   44.443436
 -68.119507   44.457878
 -68.114548   44.468716
 -68.126282   44.479553
 -68.133507   44.475941
 -68.145241   44.482712
 -68.150459   44.480629
 -68.154274   44.479099
 -68.167358   44.469170
 -68.166458   44.462849
 -68.172325   44.463299
 -68.192192   44.467812
 -68.193993   44.472328
 -68.184067   44.478649
 -68.187675   44.487675
 -68.212914   44.492500
 -68.218376   44.493546
 -68.231018   44.479099
 -68.224243   44.465103
 -68.231018   44.463753
 -68.245911   44.473682
 -68.251778   44.482712
 -68.260361   44.487675
 -68.261284   44.486954
 -68.264420   44.484516
 -68.270737   44.458332
 -68.282478   44.451561
 -68.297821   44.449303
 -68.298637   44.444214
 -68.299629   44.438019
 -68.294662   44.432148
 -68.269386   44.439373
 -68.255394   44.435760
 -68.245453   44.429893
 -68.243202   44.419960
 -68.250427   44.417252
 -68.250427   44.413189
 -68.233269   44.405064
 -68.230560   44.399647
 -68.220177   44.395584
 -68.216110   44.390167
 -68.211151   44.392876
 -68.204834   44.392426
 -68.184509   44.368046
 -68.183609   44.356758
 -68.179092   44.347279
 -68.174583   44.345470
 -68.178192   44.342766
 -68.174126   44.328320
 -68.179092   44.324707
 -68.181351   44.328773
 -68.184509   44.328320
 -68.191292   44.305748
 -68.198761   44.309109
 -68.200310   44.309807
 -68.208076   44.297516
 -68.215012   44.295204
 -68.218704   44.298901
 -68.222397   44.292435
 -68.232094   44.287354
 -68.236259   44.288277
 -68.243187   44.295204
 -68.243187   44.287815
 -68.248260   44.287815
 -68.254265   44.292435
 -68.260269   44.286430
 -68.281517   44.290588
 -68.280594   44.286892
 -68.290276   44.281605
 -68.290749   44.281349
 -68.299065   44.265182
 -68.295380   44.261028
 -68.291214   44.245323
 -68.299187   44.242222
 -68.302757   44.235622
 -68.309235   44.235622
 -68.311081   44.227772
 -68.317543   44.224998
 -68.322182   44.224846
 -68.331398   44.224541
 -68.334633   44.221310
 -68.339249   44.221310
 -68.352646   44.237007
 -68.359573   44.235165
 -68.364189   44.224998
 -68.368355   44.228695
 -68.367424   44.235165
 -68.370659   44.243015
 -68.382668   44.249481
 -68.390984   44.244400
 -68.399300   44.254101
 -68.402992   44.251328
 -68.414070   44.269802
 -68.420547   44.273960
 -68.427010   44.289200
 -68.425621   44.293362
 -68.431160   44.297050
 -68.431625   44.309982
 -68.431160   44.312756
 -68.413155   44.322922
 -68.410843   44.327999
 -68.411240   44.328304
 -68.422386   44.336777
 -68.417770   44.340931
 -68.415001   44.351093
 -68.410843   44.356171
 -68.404373   44.357098
 -68.398834   44.362640
 -68.398834   44.373791
 -68.398834   44.376034
 -68.379433   44.382034
 -68.377129   44.385731
 -68.378967   44.389889
 -68.372505   44.393124
 -68.367889   44.392200
 -68.363274   44.387581
 -68.354950   44.399590
 -68.365112   44.407906
 -68.368355   44.419449
 -68.371979   44.421463
 -68.376663   44.424068
 -68.378052   44.430534
 -68.386826   44.433304
 -68.391907   44.427765
 -68.393288   44.417141
 -68.402992   44.408363
 -68.408073   44.407906
 -68.413155   44.403744
 -68.414536   44.399128
 -68.422386   44.394974
 -68.427925   44.395893
 -68.434402   44.400513
 -68.430237   44.410671
 -68.434853   44.413445
 -68.428391   44.439308
 -68.430702   44.464252
 -68.427010   44.471642
 -68.428780   44.473339
 -68.434326   44.478668
 -68.438553   44.482727
 -68.457031   44.486420
 -68.468575   44.479492
 -68.468575   44.465176
 -68.458870   44.452244
 -68.458870   44.446239
 -68.469498   44.441620
 -68.457489   44.413445
 -68.464882   44.397739
 -68.464417   44.388504
 -68.460266   44.384808
 -68.462112   44.378345
 -68.468109   44.376495
 -68.478737   44.378803
 -68.482430   44.386196
 -68.484283   44.393585
 -68.480118   44.399128
 -68.475037   44.400051
 -68.473656   44.404667
 -68.482430   44.432842
 -68.483757   44.433395
 -68.487976   44.435150
 -68.491669   44.431461
 -68.497208   44.431461
 -68.498138   44.418064
 -68.505852   44.411320
 -68.516609   44.412983
 -68.531845   44.396816
 -68.560951   44.403744
 -68.564651   44.402359
 -68.567413   44.391277
 -68.558174   44.372799
 -68.551712   44.370491
 -68.545250   44.354324
 -68.554947   44.346474
 -68.554947   44.340931
 -68.563332   44.334225
 -68.564186   44.333542
 -68.567413   44.316914
 -68.564651   44.307674
 -68.556793   44.301212
 -68.549866   44.290123
 -68.542473   44.290588
 -68.538322   44.288277
 -68.538773   44.299362
 -68.531845   44.299362
 -68.529541   44.293819
 -68.532310   44.284584
 -68.529160   44.276123
 -68.519669   44.265064
 -68.519669   44.260033
 -68.527222   44.259617
 -68.530579   44.246197
 -68.523865   44.236134
 -68.524284   44.227745
 -68.533928   44.228584
 -68.552803   44.236973
 -68.548195   44.244099
 -68.556992   44.245358
 -68.577545   44.253323
 -68.579216   44.257935
 -68.595993   44.267162
 -68.601868   44.273872
 -68.614861   44.273453
 -68.626183   44.279743
 -68.628906   44.283554
 -68.630379   44.285610
 -68.650085   44.288967
 -68.656380   44.292324
 -68.668533   44.292740
 -68.681534   44.302387
 -68.684891   44.295677
 -68.692856   44.297771
 -68.698311   44.304485
 -68.698311   44.306240
 -68.698311   44.308678
 -68.714249   44.315384
 -68.714661   44.318741
 -68.728920   44.322517
 -68.737305   44.333416
 -68.745270   44.333416
 -68.744019   44.329643
 -68.760368   44.332996
 -68.764984   44.326710
 -68.771698   44.323353
 -68.771271   44.320000
 -68.777145   44.318321
 -68.779243   44.322098
 -68.783012   44.318321
 -68.785950   44.320835
 -68.788467   44.319580
 -68.795593   44.306580
 -68.801048   44.306999
 -68.803146   44.309937
 -68.811531   44.308254
 -68.826622   44.311192
 -68.829147   44.315384
 -68.827881   44.320415
 -68.822433   44.325447
 -68.826210   44.332996
 -68.824532   44.341385
 -68.821594   44.351448
 -68.817818   44.352287
 -68.817375   44.355755
 -68.816147   44.365284
 -68.811531   44.368641
 -68.810310   44.372543
 -68.809433   44.375347
 -68.810081   44.378159
 -68.810684   44.380798
 -68.816147   44.382061
 -68.819496   44.380379
 -68.821175   44.382061
 -68.822433   44.393379
 -68.812370   44.396317
 -68.812370   44.399254
 -68.814880   44.402607
 -68.819077   44.402607
 -68.822845   44.408478
 -68.815308   44.428185
 -68.801048   44.436573
 -68.800621   44.447475
 -68.809151   44.456219
 -68.801231   44.462223
 -68.796638   44.471462
 -68.793022   44.497528
 -68.803787   44.527344
 -68.805496   44.549030
 -68.806129   44.554737
 -68.798523   44.568134
 -68.814194   44.575741
 -68.824417   44.596313
 -68.841957   44.611233
 -68.846107   44.614883
 -68.847542   44.625446
 -68.835449   44.641277
 -68.831848   44.652023
 -68.823357   44.663311
 -68.812233   44.669807

Hancock
ME
17
 -68.492119   44.311771
 -68.492470   44.315132
 -68.504684   44.324600
 -68.525650   44.323921
 -68.533356   44.330029
 -68.529266   44.342583
 -68.520111   44.359089
 -68.522179   44.371574
 -68.518501   44.380894
 -68.508492   44.385712
 -68.502975   44.382526
 -68.491043   44.352730
 -68.487465   44.340977
 -68.489624   44.331692
 -68.480278   44.324306
 -68.479355   44.319874
 -68.492119   44.311771

Hancock
ME
75
 -68.709244   44.167877
 -68.709465   44.168110
 -68.715263   44.170647
 -68.720711   44.167564
 -68.718536   44.178631
 -68.720528   44.181721
 -68.718353   44.187344
 -68.713455   44.189159
 -68.714546   44.199326
 -68.711815   44.205311
 -68.714363   44.206944
 -68.722168   44.204769
 -68.719986   44.210754
 -68.727608   44.218739
 -68.733231   44.220554
 -68.724518   44.226910
 -68.710548   44.226364
 -68.705292   44.233624
 -68.700027   44.232170
 -68.697845   44.246872
 -68.677521   44.267017
 -68.676788   44.272640
 -68.680237   44.279720
 -68.670624   44.277725
 -68.663910   44.269554
 -68.659370   44.269192
 -68.655373   44.261753
 -68.645218   44.265018
 -68.640862   44.263927
 -68.640137   44.260845
 -68.632149   44.258846
 -68.631065   44.255943
 -68.625999   44.258095
 -68.618721   44.247959
 -68.609100   44.241245
 -68.615273   44.234711
 -68.606201   44.233261
 -68.606201   44.228539
 -68.610733   44.227451
 -68.609467   44.223824
 -68.604385   44.222733
 -68.608192   44.218380
 -68.599480   44.214569
 -68.596947   44.210030
 -68.611099   44.211121
 -68.614914   44.206036
 -68.610924   44.205311
 -68.610191   44.202953
 -68.625618   44.197327
 -68.625633   44.197254
 -68.626160   44.194424
 -68.619446   44.191700
 -68.615089   44.180634
 -68.621078   44.179726
 -68.621811   44.175911
 -68.630333   44.169197
 -68.645218   44.172646
 -68.648483   44.165569
 -68.639771   44.165024
 -68.640495   44.160126
 -68.653381   44.155224
 -68.670082   44.153770
 -68.667717   44.139072
 -68.668991   44.137436
 -68.680611   44.137077
 -68.682968   44.138344
 -68.677521   44.144878
 -68.679337   44.147781
 -68.685501   44.146690
 -68.686050   44.151775
 -68.698570   44.155403
 -68.700752   44.159031
 -68.709465   44.157036
 -68.706192   44.164661
 -68.709244   44.167877

Hancock
ME
14
 -68.273460   44.234905
 -68.278397   44.246284
 -68.274391   44.259121
 -68.259171   44.259628
 -68.250809   44.257038
 -68.239204   44.265465
 -68.225922   44.265984
 -68.214912   44.262428
 -68.211815   44.254616
 -68.229454   44.255627
 -68.240974   44.251354
 -68.241600   44.239971
 -68.253326   44.234550
 -68.273460   44.234905

Hancock
ME
49
 -68.436691   44.120934
 -68.445656   44.126057
 -68.449074   44.125198
 -68.447151   44.133533
 -68.452705   44.134384
 -68.458893   44.139725
 -68.453766   44.150616
 -68.458473   44.153606
 -68.458473   44.160015
 -68.461670   44.159801
 -68.467438   44.154037
 -68.477905   44.154037
 -68.481110   44.146770
 -68.486023   44.145065
 -68.485809   44.141647
 -68.489227   44.148056
 -68.498405   44.146988
 -68.504387   44.151043
 -68.501404   44.159588
 -68.489227   44.168983
 -68.485596   44.167706
 -68.485168   44.159161
 -68.480682   44.159588
 -68.472351   44.168556
 -68.470001   44.180733
 -68.461670   44.189487
 -68.459320   44.183937
 -68.449287   44.178169
 -68.450134   44.172829
 -68.446938   44.170692
 -68.437965   44.172615
 -68.441383   44.167274
 -68.438828   44.165569
 -68.422592   44.174324
 -68.425789   44.190556
 -68.418526   44.186710
 -68.413612   44.186710
 -68.410202   44.177311
 -68.402946   44.170910
 -68.396538   44.168983
 -68.389694   44.156597
 -68.384377   44.155518
 -68.393120   44.153606
 -68.395248   44.151043
 -68.393326   44.141220
 -68.421738   44.128193
 -68.432198   44.129688
 -68.438393   44.124989
 -68.436691   44.120934

Hancock
ME
10
 -68.367256   44.098850
 -68.377243   44.116066
 -68.363823   44.128269
 -68.351616   44.129620
 -68.339653   44.121105
 -68.338326   44.113678
 -68.330330   44.107601
 -68.339432   44.100426
 -68.351494   44.103409
 -68.367256   44.098850

Kennebec
ME
102
 -69.931046   44.610741
 -69.853653   44.621433
 -69.826324   44.606991
 -69.822937   44.607330
 -69.822716   44.601116
 -69.817947   44.597019
 -69.819267   44.581303
 -69.793327   44.577297
 -69.787857   44.594021
 -69.776817   44.608177
 -69.744843   44.602703
 -69.742561   44.598217
 -69.664856   44.586220
 -69.606247   44.577255
 -69.594208   44.581921
 -69.590340   44.586754
 -69.589401   44.592751
 -69.593498   44.602779
 -69.579224   44.624645
 -69.587730   44.633888
 -69.604713   44.650024
 -69.616539   44.655415
 -69.628250   44.670879
 -69.633507   44.700340
 -69.604012   44.704521
 -69.483963   44.720325
 -69.470985   44.718208
 -69.473701   44.708630
 -69.468002   44.707870
 -69.472130   44.692947
 -69.477776   44.692085
 -69.476013   44.676819
 -69.443123   44.672127
 -69.447884   44.662258
 -69.456039   44.662228
 -69.460381   44.655037
 -69.460419   44.646923
 -69.393555   44.640289
 -69.409950   44.578964
 -69.417366   44.551193
 -69.372887   44.544510
 -69.396507   44.457008
 -69.445953   44.463776
 -69.507278   44.342785
 -69.521706   44.280693
 -69.528725   44.275307
 -69.534592   44.272221
 -69.535477   44.266823
 -69.547478   44.261089
 -69.650734   44.279655
 -69.652374   44.275013
 -69.665947   44.227539
 -69.657379   44.125351
 -69.657204   44.122303
 -69.666817   44.124004
 -69.758896   44.139225
 -69.764008   44.153198
 -69.855423   44.167820
 -69.866066   44.162868
 -69.882072   44.149261
 -69.894264   44.125000
 -69.898384   44.107651
 -70.005798   44.124500
 -70.012924   44.125404
 -70.012138   44.127869
 -70.027870   44.130547
 -70.018906   44.157845
 -70.014297   44.157463
 -70.010658   44.168556
 -69.999428   44.166756
 -69.994186   44.180653
 -70.060875   44.191673
 -70.055840   44.198956
 -70.066246   44.200588
 -70.076157   44.206184
 -70.074776   44.290119
 -70.074944   44.298393
 -70.099533   44.319504
 -70.100693   44.334438
 -70.132027   44.371452
 -70.120605   44.372700
 -70.122704   44.381004
 -70.101089   44.383793
 -70.101639   44.385792
 -70.129990   44.487240
 -70.042793   44.485142
 -70.046402   44.493584
 -70.037811   44.500000
 -70.035919   44.507523
 -70.030640   44.508595
 -70.072693   44.529751
 -70.070999   44.535282
 -70.060585   44.544868
 -70.058411   44.552158
 -70.055176   44.552776
 -70.046478   44.567410
 -70.041458   44.571228
 -70.037804   44.583527
 -70.040344   44.588993
 -69.954056   44.574593
 -69.947289   44.582287
 -69.928192   44.604000

Knox
ME
145
 -69.409927   44.328011
 -69.405075   44.332733
 -69.409531   44.336269
 -69.402733   44.343002
 -69.397079   44.340542
 -69.394623   44.342567
 -69.346748   44.308201
 -69.269890   44.364506
 -69.188011   44.304573
 -69.171562   44.292316
 -69.122200   44.255516
 -69.043571   44.259388
 -69.028847   44.248959
 -69.032791   44.239929
 -69.039505   44.233219
 -69.046211   44.208221
 -69.055969   44.211269
 -69.060844   44.206390
 -69.055359   44.202126
 -69.055931   44.191219
 -69.056580   44.178951
 -69.052917   44.174683
 -69.055359   44.170418
 -69.062065   44.164322
 -69.062065   44.172855
 -69.069382   44.179565
 -69.073647   44.177124
 -69.076088   44.164322
 -69.081573   44.157001
 -69.077919   44.149685
 -69.079140   44.142368
 -69.084015   44.138100
 -69.083405   44.134441
 -69.076698   44.134441
 -69.079140   44.116756
 -69.081818   44.115417
 -69.086456   44.113098
 -69.093765   44.119804
 -69.099258   44.117977
 -69.103058   44.093758
 -69.104134   44.086880
 -69.081573   44.086880
 -69.074875   44.091148
 -69.066940   44.091148
 -69.064507   44.086880
 -69.059013   44.095417
 -69.043159   44.092369
 -69.047432   44.086269
 -69.051697   44.086269
 -69.052917   44.078342
 -69.059013   44.068588
 -69.063896   44.069195
 -69.069992   44.066757
 -69.079140   44.054562
 -69.073647   44.046024
 -69.078529   44.041149
 -69.090721   44.039928
 -69.110107   44.030022
 -69.118156   44.025906
 -69.119995   44.021023
 -69.127922   44.016754
 -69.127922   44.009441
 -69.129753   44.007427
 -69.134018   44.002731
 -69.137062   43.993584
 -69.147430   43.983219
 -69.149872   43.996635
 -69.153526   43.998463
 -69.162674   43.997856
 -69.169991   43.994804
 -69.179741   43.976513
 -69.184624   43.980782
 -69.196823   43.973465
 -69.199257   43.966148
 -69.192551   43.958221
 -69.195602   43.949074
 -69.202301   43.941147
 -69.209015   43.938095
 -69.210846   43.932613
 -69.215721   43.928951
 -69.218163   43.933826
 -69.223648   43.936268
 -69.230362   43.934441
 -69.230362   43.931393
 -69.244385   43.928951
 -69.243156   43.923466
 -69.260231   43.914928
 -69.262062   43.918583
 -69.259621   43.927120
 -69.273041   43.935658
 -69.265717   43.944805
 -69.271828   43.944805
 -69.276695   43.948463
 -69.276085   43.952732
 -69.283638   43.957958
 -69.284019   43.958221
 -69.288895   43.957611
 -69.299873   43.947243
 -69.306580   43.946026
 -69.308411   43.940536
 -69.318161   43.940536
 -69.320602   43.945415
 -69.305969   43.956390
 -69.301697   43.962486
 -69.305969   43.966755
 -69.310234   43.960049
 -69.315720   43.966755
 -69.321442   43.968876
 -69.332184   43.972855
 -69.346207   43.967976
 -69.354744   43.972244
 -69.377068   43.959099
 -69.364220   44.012581
 -69.358879   44.010750
 -69.345383   44.018528
 -69.334991   44.004795
 -69.328278   44.005939
 -69.328629   44.013622
 -69.326599   44.019684
 -69.319214   44.026730
 -69.320618   44.033085
 -69.318115   44.038025
 -69.309456   44.044998
 -69.298927   44.046715
 -69.297661   44.052795
 -69.300766   44.053440
 -69.298393   44.058949
 -69.289734   44.055328
 -69.277771   44.056534
 -69.277802   44.059914
 -69.304367   44.096272
 -69.306183   44.093918
 -69.311745   44.095177
 -69.304260   44.132847
 -69.321960   44.172783
 -69.338249   44.209320
 -69.372665   44.205334
 -69.406456   44.210644
 -69.404091   44.219135
 -69.433266   44.226643
 -69.450081   44.262264
 -69.441139   44.284367
 -69.451744   44.313950
 -69.437401   44.324444
 -69.416946   44.321198

Knox
ME
82
 -68.903091   44.123016
 -68.903648   44.126747
 -68.910233   44.130341
 -68.917709   44.127644
 -68.924896   44.127945
 -68.936569   44.113579
 -68.936874   44.109089
 -68.943459   44.109688
 -68.945251   44.112980
 -68.934776   44.122555
 -68.936272   44.129742
 -68.917709   44.147995
 -68.911125   44.147995
 -68.911125   44.151890
 -68.903046   44.152187
 -68.859489   44.176949
 -68.844383   44.184811
 -68.839897   44.181221
 -68.824928   44.185707
 -68.820145   44.179424
 -68.825531   44.177326
 -68.825531   44.174934
 -68.820145   44.171043
 -68.819839   44.161167
 -68.811157   44.161469
 -68.804283   44.151890
 -68.792007   44.147099
 -68.802483   44.137524
 -68.819839   44.134232
 -68.825829   44.135128
 -68.827927   44.132820
 -68.831818   44.128544
 -68.830017   44.124352
 -68.824631   44.121658
 -68.819542   44.122257
 -68.814751   44.115376
 -68.807274   44.115673
 -68.804573   44.111183
 -68.808167   44.109089
 -68.808167   44.104900
 -68.804283   44.101307
 -68.796204   44.101009
 -68.792908   44.094425
 -68.786621   44.092930
 -68.786621   44.089336
 -68.781830   44.085445
 -68.780937   44.066288
 -68.777039   44.064793
 -68.780937   44.060005
 -68.786621   44.059402
 -68.790810   44.053120
 -68.797699   44.055511
 -68.799484   44.052219
 -68.796204   44.050129
 -68.795898   44.045040
 -68.800690   44.041744
 -68.800987   44.047733
 -68.806068   44.046234
 -68.808472   44.043541
 -68.807274   44.034859
 -68.818947   44.031273
 -68.834808   44.032467
 -68.845284   44.040546
 -68.848869   44.038155
 -68.850967   44.027679
 -68.856361   44.028275
 -68.863243   44.023788
 -68.875214   44.039654
 -68.872818   44.051323
 -68.882401   44.060303
 -68.893166   44.061501
 -68.892273   44.056110
 -68.904846   44.052219
 -68.907539   44.042946
 -68.912331   44.041447
 -68.914719   44.044441
 -68.914124   44.052818
 -68.899452   44.070480
 -68.915321   44.084545
 -68.911125   44.109989
 -68.902756   44.120762
 -68.903091   44.123016

Knox
ME
52
 -68.656723   44.002834
 -68.657021   44.010918
 -68.661804   44.016304
 -68.656128   44.027382
 -68.657021   44.031273
 -68.654327   44.037857
 -68.646248   44.041149
 -68.647446   44.043839
 -68.642059   44.045635
 -68.641457   44.048332
 -68.646851   44.054916
 -68.655823   44.044441
 -68.656128   44.047432
 -68.661804   44.047432
 -68.656425   44.053421
 -68.652832   44.064194
 -68.654625   44.068382
 -68.662109   44.069881
 -68.665108   44.073174
 -68.670189   44.072277
 -68.671982   44.074669
 -68.668098   44.079159
 -68.660912   44.074966
 -68.660019   44.077961
 -68.654327   44.077065
 -68.646851   44.080055
 -68.643257   44.078560
 -68.627098   44.083649
 -68.625893   44.089336
 -68.617516   44.086044
 -68.612427   44.088436
 -68.604050   44.086941
 -68.601059   44.084843
 -68.602844   44.082451
 -68.599854   44.066288
 -68.603142   44.053421
 -68.601646   44.044739
 -68.611229   44.026180
 -68.611229   44.012417
 -68.616318   44.009121
 -68.618416   44.010319
 -68.618713   44.018700
 -68.622002   44.020496
 -68.631279   44.021393
 -68.629181   44.017506
 -68.631882   44.016304
 -68.636482   44.019444
 -68.639061   44.014809
 -68.646545   44.014507
 -68.652229   44.009720
 -68.653435   44.002834
 -68.656723   44.002834

Knox
ME
13
 -68.880531   43.843479
 -68.876175   43.836208
 -68.888252   43.820145
 -68.900879   43.821617
 -68.891998   43.837959
 -68.892204   43.841896
 -68.892609   43.849964
 -68.909988   43.849266
 -68.901924   43.871719
 -68.891418   43.875843
 -68.877724   43.863457
 -68.884041   43.849346
 -68.880531   43.843479

Lincoln
ME
148
 -69.507278   44.342785
 -69.435364   44.331985
 -69.409927   44.328011
 -69.416946   44.321198
 -69.437401   44.324444
 -69.451744   44.313950
 -69.441139   44.284367
 -69.450081   44.262264
 -69.433266   44.226643
 -69.404091   44.219135
 -69.406456   44.210644
 -69.372665   44.205334
 -69.338249   44.209320
 -69.321960   44.172783
 -69.304260   44.132847
 -69.311745   44.095177
 -69.306183   44.093918
 -69.304367   44.096272
 -69.277802   44.059914
 -69.277771   44.056534
 -69.289734   44.055328
 -69.298393   44.058949
 -69.300766   44.053440
 -69.297661   44.052795
 -69.298927   44.046715
 -69.309456   44.044998
 -69.318115   44.038025
 -69.320618   44.033085
 -69.319214   44.026730
 -69.326599   44.019684
 -69.328629   44.013622
 -69.328278   44.005939
 -69.334991   44.004795
 -69.345383   44.018528
 -69.358879   44.010750
 -69.364220   44.012581
 -69.377068   43.959099
 -69.377251   43.958992
 -69.390343   43.960617
 -69.391930   43.957066
 -69.395081   43.957458
 -69.401794   43.968903
 -69.415207   43.968117
 -69.428230   43.957458
 -69.431381   43.964954
 -69.435326   43.967323
 -69.436958   43.966816
 -69.441650   43.965351
 -69.446777   43.947598
 -69.450325   43.944832
 -69.459984   43.902203
 -69.474792   43.885643
 -69.479126   43.885246
 -69.485046   43.875778
 -69.484657   43.870647
 -69.499252   43.846581
 -69.501625   43.837109
 -69.508728   43.835922
 -69.514252   43.831188
 -69.516228   43.837109
 -69.514252   43.843815
 -69.521744   43.860394
 -69.521355   43.867493
 -69.540298   43.881306
 -69.544037   43.881500
 -69.547791   43.881699
 -69.552528   43.877750
 -69.544632   43.860783
 -69.550941   43.848156
 -69.552132   43.835136
 -69.556084   43.832767
 -69.556084   43.838291
 -69.567520   43.844212
 -69.570808   43.843426
 -69.575806   43.842239
 -69.579361   43.822510
 -69.584877   43.822510
 -69.590797   43.814617
 -69.603035   43.812248
 -69.606583   43.815014
 -69.605797   43.824875
 -69.597115   43.825665
 -69.591988   43.830399
 -69.594353   43.836716
 -69.591591   43.846973
 -69.593170   43.854076
 -69.597115   43.857628
 -69.600967   43.858269
 -69.604218   43.858810
 -69.606583   43.856445
 -69.605011   43.852501
 -69.607376   43.847763
 -69.616058   43.841843
 -69.614479   43.831982
 -69.621979   43.826061
 -69.630264   43.833954
 -69.635002   43.843029
 -69.642891   43.839478
 -69.641830   43.834999
 -69.639725   43.826061
 -69.647232   43.818954
 -69.652359   43.817772
 -69.653542   43.783047
 -69.657097   43.781075
 -69.661552   43.786098
 -69.669724   43.795280
 -69.669724   43.800014
 -69.685112   43.808701
 -69.697853   43.809074
 -69.698395   43.827133
 -69.697067   43.835148
 -69.689438   43.845936
 -69.691032   43.854099
 -69.692810   43.857113
 -69.715309   43.850464
 -69.721695   43.851768
 -69.730896   43.868122
 -69.729889   43.876366
 -69.744141   43.893177
 -69.729881   43.908863
 -69.715630   43.917259
 -69.707626   43.927219
 -69.725441   43.934498
 -69.720016   43.971378
 -69.700745   44.006649
 -69.746758   44.013824
 -69.814407   44.026089
 -69.814400   44.026306
 -69.812492   44.029530
 -69.791634   44.041336
 -69.786957   44.064316
 -69.783524   44.069115
 -69.788101   44.075272
 -69.785484   44.088570
 -69.774750   44.098843
 -69.769279   44.108730
 -69.758896   44.139225
 -69.666817   44.124004
 -69.657204   44.122303
 -69.657379   44.125351
 -69.665947   44.227539
 -69.652374   44.275013
 -69.650734   44.279655
 -69.547478   44.261089
 -69.535477   44.266823
 -69.534592   44.272221
 -69.528725   44.275307
 -69.521706   44.280693

Lincoln
ME
8
 -69.322075   43.756016
 -69.329491   43.765320
 -69.322929   43.767361
 -69.316353   43.772797
 -69.304756   43.774761
 -69.299957   43.769882
 -69.312218   43.757854
 -69.322075   43.756016

Oxford
ME
212
 -71.084816   45.305248
 -71.056404   45.312267
 -71.054436   45.311420
 -71.051140   45.311874
 -71.034126   45.310207
 -71.020302   45.315136
 -71.017860   45.315300
 -71.009529   45.318977
 -71.002876   45.328438
 -71.012238   45.333469
 -71.011292   45.347202
 -70.986076   45.332142
 -70.968483   45.332241
 -70.968246   45.332344
 -70.967674   45.332352
 -70.966774   45.333012
 -70.955421   45.338135
 -70.952927   45.338726
 -70.951538   45.337269
 -70.949844   45.331490
 -70.939674   45.320129
 -70.933685   45.319023
 -70.929298   45.317085
 -70.927750   45.315216
 -70.921761   45.313080
 -70.920006   45.305180
 -70.912590   45.296146
 -70.922188   45.279396
 -70.921799   45.279114
 -70.921959   45.278824
 -70.918571   45.276730
 -70.915634   45.274563
 -70.907051   45.261402
 -70.906563   45.261223
 -70.906654   45.260811
 -70.899071   45.258461
 -70.898972   45.244041
 -70.897209   45.243069
 -70.897385   45.241985
 -70.885521   45.234825
 -70.881821   45.234577
 -70.879463   45.233276
 -70.873215   45.233452
 -70.858238   45.229019
 -70.839844   45.234211
 -70.840782   45.235317
 -70.837059   45.236660
 -70.848167   45.244221
 -70.848427   45.246140
 -70.846611   45.253128
 -70.849396   45.255981
 -70.839867   45.268875
 -70.839531   45.269085
 -70.839012   45.270039
 -70.834541   45.276081
 -70.780571   45.018509
 -70.824104   45.014172
 -70.804939   44.924957
 -70.796844   44.925838
 -70.795563   44.921581
 -70.774445   44.839939
 -70.769722   44.732147
 -70.615440   44.795532
 -70.564377   44.713039
 -70.511040   44.627094
 -70.550560   44.610760
 -70.472221   44.598644
 -70.348175   44.580025
 -70.281288   44.569580
 -70.308136   44.537884
 -70.290375   44.540230
 -70.281410   44.505051
 -70.271057   44.506176
 -70.269859   44.501148
 -70.251343   44.503422
 -70.239281   44.458866
 -70.274742   44.440758
 -70.268784   44.416477
 -70.279160   44.415012
 -70.277214   44.407513
 -70.265747   44.362896
 -70.282043   44.322311
 -70.315002   44.237202
 -70.325798   44.208302
 -70.334602   44.210602
 -70.392311   44.153431
 -70.402382   44.143383
 -70.451736   44.094315
 -70.485794   44.060368
 -70.479584   44.054939
 -70.482040   44.043636
 -70.478996   44.035301
 -70.480553   44.031933
 -70.502907   44.042549
 -70.505753   44.039543
 -70.509514   44.041363
 -70.544647   44.005669
 -70.564499   44.024937
 -70.575645   44.015667
 -70.583221   44.018661
 -70.585373   44.021244
 -70.582275   44.022091
 -70.596298   44.031891
 -70.593239   44.035076
 -70.604431   44.041637
 -70.604507   44.050117
 -70.608368   44.051739
 -70.609863   44.058872
 -70.614502   44.062805
 -70.613777   44.066601
 -70.609428   44.067677
 -70.612480   44.070599
 -70.603523   44.088642
 -70.605995   44.089283
 -70.606567   44.101517
 -70.587830   44.124203
 -70.592461   44.128658
 -70.590652   44.132935
 -70.595963   44.137165
 -70.595619   44.144459
 -70.598663   44.142517
 -70.599174   44.149624
 -70.607750   44.154381
 -70.621094   44.161278
 -70.619583   44.164696
 -70.624802   44.170944
 -70.696381   44.134068
 -70.699989   44.139030
 -70.735237   44.121944
 -70.822235   44.077095
 -70.858772   44.095161
 -70.858307   44.088043
 -70.859955   44.085621
 -70.863342   44.086304
 -70.866920   44.079720
 -70.862007   44.077183
 -70.859009   44.059807
 -70.846039   44.052177
 -70.818565   44.035271
 -70.797752   44.044502
 -70.793663   44.026352
 -70.779808   44.028812
 -70.715881   43.961700
 -70.748062   43.945732
 -70.730217   43.928234
 -70.753426   43.913681
 -70.758995   43.907005
 -70.755814   43.888416
 -70.751106   43.888641
 -70.751587   43.885921
 -70.743927   43.885944
 -70.765694   43.871590
 -70.766815   43.877140
 -70.780922   43.868217
 -70.781990   43.873741
 -70.798721   43.863117
 -70.793900   43.857765
 -70.799477   43.858429
 -70.802200   43.856125
 -70.792984   43.847015
 -70.795197   43.834812
 -70.788719   43.833076
 -70.782310   43.823631
 -70.783730   43.813763
 -70.789795   43.814011
 -70.795670   43.809250
 -70.798637   43.809593
 -70.797813   43.806320
 -70.809059   43.810184
 -70.811745   43.807144
 -70.812439   43.810642
 -70.815689   43.811375
 -70.823013   43.807098
 -70.840309   43.809814
 -70.853065   43.804771
 -70.861710   43.804733
 -70.861397   43.807526
 -70.870049   43.806629
 -70.881203   43.810757
 -70.900528   43.802246
 -70.913750   43.800671
 -70.928253   43.790165
 -70.943146   43.792328
 -70.957802   43.785103
 -70.964745   43.788078
 -70.971840   43.784988
 -70.982826   43.793629
 -70.989563   43.792362
 -70.992218   43.877525
 -70.992645   43.886246
 -70.993759   43.925282
 -70.995399   43.960609
 -71.000000   44.059551
 -71.000771   44.069187
 -71.002686   44.109776
 -71.010162   44.272919
 -71.010513   44.284695
 -71.013229   44.340721
 -71.015388   44.371376
 -71.017799   44.415157
 -71.019264   44.440365
 -71.029221   44.610291
 -71.031517   44.655399
 -71.035347   44.709854
 -71.039726   44.778061
 -71.043747   44.828506
 -71.046806   44.863529
 -71.050041   44.896210
 -71.056366   44.973461
 -71.057632   44.990471
 -71.060226   45.014797
 -71.077400   45.246864

Penobscot
ME
91
 -68.819847   46.395641
 -68.695396   46.395153
 -68.695427   46.382252
 -68.568939   46.382645
 -68.436913   46.381821
 -68.437218   46.207676
 -68.436928   46.124470
 -68.438278   46.043343
 -68.433487   46.035480
 -68.431519   45.952137
 -68.428101   45.944630
 -68.427406   45.852554
 -68.433060   45.668499
 -68.433090   45.581276
 -68.425774   45.576561
 -68.410805   45.573101
 -68.299850   45.590256
 -68.256821   45.597183
 -68.259483   45.605118
 -68.178871   45.617821
 -68.168365   45.619499
 -68.048683   45.639965
 -68.020966   45.553448
 -67.994171   45.466461
 -67.955269   45.353638
 -67.966682   45.351894
 -67.939613   45.267357
 -68.003967   45.259541
 -68.056366   45.255219
 -68.180992   45.237183
 -68.303818   45.221558
 -68.295464   45.190544
 -68.270439   45.100262
 -68.397293   45.083393
 -68.375450   44.997822
 -68.502617   44.981510
 -68.490761   44.943382
 -68.477562   44.888363
 -68.473381   44.872131
 -68.455811   44.801151
 -68.446594   44.763908
 -68.529053   44.752224
 -68.555206   44.748657
 -68.617188   44.740948
 -68.647766   44.703838
 -68.691223   44.721539
 -68.721184   44.699657
 -68.727158   44.695835
 -68.744385   44.660557
 -68.772392   44.664303
 -68.766830   44.675583
 -68.785461   44.678364
 -68.786552   44.686611
 -68.793304   44.685375
 -68.798599   44.688633
 -68.816093   44.683689
 -68.819168   44.687206
 -68.838387   44.692440
 -68.837868   44.701962
 -68.866890   44.696995
 -68.866150   44.694073
 -68.896454   44.689247
 -68.897224   44.691692
 -68.962929   44.680622
 -69.014656   44.671700
 -69.061340   44.663982
 -69.089165   44.659260
 -69.184052   44.643986
 -69.205719   44.729584
 -69.267265   44.721905
 -69.286713   44.807961
 -69.281715   44.808647
 -69.305954   44.895866
 -69.331474   44.987015
 -69.354378   45.067127
 -69.356270   45.073463
 -69.232399   45.090080
 -69.109741   45.107052
 -68.984169   45.125767
 -68.857063   45.142796
 -68.881500   45.224953
 -68.776588   45.240307
 -68.801353   45.329601
 -68.827095   45.420837
 -68.833282   45.442623
 -68.858231   45.527000
 -68.964523   45.512268
 -68.952133   45.581184
 -68.951180   45.634876
 -68.959717   45.662163
 -68.825485   45.684429

Piscataquis
ME
157
 -69.721542   46.573830
 -69.381584   46.573040
 -68.822464   46.572418
 -68.819847   46.395641
 -68.825485   45.684429
 -68.959717   45.662163
 -68.951180   45.634876
 -68.952133   45.581184
 -68.964523   45.512268
 -68.858231   45.527000
 -68.833282   45.442623
 -68.827095   45.420837
 -68.801353   45.329601
 -68.776588   45.240307
 -68.881500   45.224953
 -68.857063   45.142796
 -68.984169   45.125767
 -69.109741   45.107052
 -69.232399   45.090080
 -69.356270   45.073463
 -69.500977   45.053631
 -69.495659   45.036606
 -69.520409   45.033329
 -69.517685   45.024708
 -69.621582   45.010803
 -69.646011   45.100933
 -69.655357   45.100060
 -69.681770   45.195229
 -69.685745   45.209465
 -69.683243   45.212910
 -69.708046   45.290249
 -69.700623   45.292393
 -69.728081   45.380836
 -69.781113   45.542747
 -69.774193   45.545502
 -69.775894   45.554169
 -69.759895   45.554829
 -69.728767   45.569386
 -69.724281   45.580914
 -69.712662   45.586617
 -69.712608   45.594612
 -69.719116   45.599068
 -69.720558   45.605927
 -69.716942   45.609177
 -69.719131   45.613586
 -69.711899   45.613655
 -69.710274   45.612602
 -69.703362   45.619659
 -69.701057   45.628010
 -69.708061   45.637539
 -69.717651   45.640099
 -69.715858   45.647736
 -69.712631   45.647072
 -69.712303   45.650455
 -69.696037   45.640308
 -69.692192   45.645290
 -69.704552   45.652973
 -69.722054   45.657562
 -69.734802   45.657330
 -69.732285   45.655411
 -69.736488   45.650517
 -69.743866   45.652092
 -69.738487   45.656689
 -69.743965   45.661373
 -69.739250   45.666931
 -69.738213   45.679073
 -69.745453   45.681057
 -69.756439   45.679935
 -69.783569   45.690735
 -69.786728   45.700478
 -69.791130   45.704159
 -69.791321   45.710949
 -69.798630   45.715729
 -69.804314   45.716434
 -69.808159   45.722496
 -69.815308   45.721741
 -69.808846   45.724049
 -69.805519   45.722496
 -69.805870   45.725399
 -69.799736   45.723522
 -69.791809   45.728596
 -69.800552   45.733513
 -69.810280   45.733650
 -69.810936   45.737080
 -69.824020   45.742065
 -69.827065   45.737743
 -69.833687   45.738861
 -69.828133   45.739639
 -69.817795   45.746658
 -69.811722   45.745995
 -69.801758   45.749172
 -69.796600   45.746567
 -69.788597   45.747295
 -69.792351   45.751087
 -69.790619   45.755730
 -69.795517   45.757423
 -69.792419   45.758362
 -69.791008   45.766403
 -69.781822   45.773289
 -69.789757   45.777859
 -69.785385   45.782909
 -69.799919   45.783440
 -69.803055   45.786114
 -69.793648   45.783596
 -69.785843   45.785130
 -69.782539   45.781837
 -69.786827   45.779732
 -69.785934   45.776875
 -69.781853   45.778198
 -69.780396   45.772301
 -69.769615   45.761391
 -69.753777   45.761543
 -69.751488   45.765270
 -69.747139   45.759327
 -69.744034   45.759464
 -69.737396   45.754143
 -69.732597   45.755562
 -69.724533   45.765442
 -69.728699   45.774879
 -69.738205   45.782604
 -69.723114   45.783134
 -69.709175   45.811623
 -69.718178   45.831303
 -69.725601   45.834389
 -69.712097   45.832588
 -69.704704   45.845551
 -69.708275   45.846989
 -69.706375   45.853779
 -69.711182   45.855862
 -69.711975   45.860432
 -69.717575   45.865459
 -69.724968   45.866188
 -69.725464   45.873665
 -69.734558   45.877361
 -69.740425   45.883415
 -69.732368   45.878483
 -69.715523   45.883495
 -69.712769   45.881458
 -69.709854   45.885162
 -69.698524   45.885487
 -69.698891   45.881077
 -69.703018   45.878353
 -69.701347   45.872135
 -69.697021   45.864227
 -69.693329   45.863934
 -69.690247   45.853897
 -69.685799   45.851288
 -69.674873   45.851746
 -69.673401   45.861759
 -69.656746   45.860226
 -69.654190   45.863770
 -69.646530   45.863983
 -69.685158   45.981743
 -69.730392   45.975746
 -69.732483   46.324379
 -69.732834   46.393330
 -69.719910   46.393520

Sagadahoc
ME
141
 -70.005798   44.124500
 -69.898384   44.107651
 -69.894264   44.125000
 -69.882072   44.149261
 -69.866066   44.162868
 -69.855423   44.167820
 -69.764008   44.153198
 -69.758896   44.139225
 -69.769279   44.108730
 -69.774750   44.098843
 -69.785484   44.088570
 -69.788101   44.075272
 -69.783524   44.069115
 -69.786957   44.064316
 -69.791634   44.041336
 -69.812492   44.029530
 -69.814400   44.026306
 -69.814407   44.026089
 -69.746758   44.013824
 -69.700745   44.006649
 -69.720016   43.971378
 -69.725441   43.934498
 -69.707626   43.927219
 -69.715630   43.917259
 -69.729881   43.908863
 -69.744141   43.893177
 -69.729889   43.876366
 -69.730896   43.868122
 -69.721695   43.851768
 -69.715309   43.850464
 -69.692810   43.857113
 -69.691032   43.854099
 -69.689438   43.845936
 -69.697067   43.835148
 -69.698395   43.827133
 -69.697853   43.809074
 -69.710007   43.809429
 -69.721664   43.805820
 -69.717506   43.798882
 -69.721336   43.782139
 -69.721382   43.781948
 -69.729538   43.776875
 -69.738602   43.771248
 -69.741928   43.769176
 -69.747200   43.762238
 -69.747688   43.760780
 -69.753311   43.743916
 -69.755257   43.742805
 -69.757751   43.744747
 -69.760246   43.749470
 -69.765526   43.745304
 -69.767189   43.753075
 -69.772743   43.754463
 -69.777489   43.753185
 -69.779961   43.752522
 -69.778297   43.744190
 -69.793007   43.738640
 -69.795502   43.733368
 -69.802719   43.732258
 -69.806610   43.734474
 -69.809662   43.730591
 -69.836311   43.720043
 -69.836029   43.714211
 -69.832146   43.710884
 -69.831871   43.706440
 -69.836311   43.709217
 -69.838531   43.706997
 -69.833534   43.702000
 -69.834923   43.699780
 -69.839264   43.703072
 -69.842865   43.705803
 -69.842979   43.705887
 -69.843140   43.705860
 -69.849525   43.704693
 -69.853859   43.703903
 -69.855026   43.704136
 -69.852585   43.711472
 -69.850746   43.716988
 -69.855461   43.718929
 -69.855865   43.720490
 -69.856865   43.724350
 -69.857407   43.726429
 -69.853241   43.733925
 -69.856293   43.740585
 -69.869926   43.742455
 -69.868996   43.748600
 -69.869835   43.750763
 -69.869621   43.753632
 -69.863510   43.758350
 -69.863525   43.758404
 -69.865097   43.763103
 -69.865456   43.764179
 -69.869514   43.764179
 -69.872276   43.764851
 -69.873146   43.768635
 -69.874275   43.773521
 -69.875450   43.778618
 -69.881470   43.776611
 -69.882111   43.776398
 -69.887802   43.776787
 -69.887802   43.777023
 -69.887611   43.787842
 -69.871559   43.814503
 -69.876923   43.839527
 -69.875229   43.851105
 -69.885910   43.855328
 -69.896515   43.866142
 -69.891464   43.883202
 -69.882553   43.890160
 -69.869148   43.911114
 -69.862999   43.931652
 -69.857582   43.944580
 -69.874741   43.953266
 -69.904076   43.926338
 -69.912277   43.921707
 -69.921814   43.920349
 -69.930016   43.912292
 -69.935318   43.912750
 -69.958382   43.923325
 -69.965759   43.920048
 -69.967865   43.921291
 -69.977959   43.914932
 -69.993187   43.930943
 -70.002457   43.933167
 -70.008636   43.942169
 -70.020683   43.945915
 -70.034401   43.975700
 -70.052002   43.990501
 -70.051201   43.993401
 -70.045105   43.996498
 -70.043800   44.001301
 -70.039703   44.001598
 -70.038200   43.999500
 -70.033104   44.001499
 -70.035103   44.005501
 -70.038101   44.017399
 -70.033501   44.021500
 -70.036598   44.025002
 -70.033600   44.030300
 -70.027000   44.033298
 -70.026001   44.050598

Somerset
ME
413
 -70.023453   46.573933
 -69.721542   46.573830
 -69.719910   46.393520
 -69.732834   46.393330
 -69.732483   46.324379
 -69.730392   45.975746
 -69.685158   45.981743
 -69.646530   45.863983
 -69.654190   45.863770
 -69.656746   45.860226
 -69.673401   45.861759
 -69.674873   45.851746
 -69.685799   45.851288
 -69.690247   45.853897
 -69.693329   45.863934
 -69.697021   45.864227
 -69.701347   45.872135
 -69.703018   45.878353
 -69.698891   45.881077
 -69.698524   45.885487
 -69.709854   45.885162
 -69.712769   45.881458
 -69.715523   45.883495
 -69.732368   45.878483
 -69.740425   45.883415
 -69.734558   45.877361
 -69.725464   45.873665
 -69.724968   45.866188
 -69.717575   45.865459
 -69.711975   45.860432
 -69.711182   45.855862
 -69.706375   45.853779
 -69.708275   45.846989
 -69.704704   45.845551
 -69.712097   45.832588
 -69.725601   45.834389
 -69.718178   45.831303
 -69.709175   45.811623
 -69.723114   45.783134
 -69.738205   45.782604
 -69.728699   45.774879
 -69.724533   45.765442
 -69.732597   45.755562
 -69.737396   45.754143
 -69.744034   45.759464
 -69.747139   45.759327
 -69.751488   45.765270
 -69.753777   45.761543
 -69.769615   45.761391
 -69.780396   45.772301
 -69.781853   45.778198
 -69.785934   45.776875
 -69.786827   45.779732
 -69.782539   45.781837
 -69.785843   45.785130
 -69.793648   45.783596
 -69.803055   45.786114
 -69.799919   45.783440
 -69.785385   45.782909
 -69.789757   45.777859
 -69.781822   45.773289
 -69.791008   45.766403
 -69.792419   45.758362
 -69.795517   45.757423
 -69.790619   45.755730
 -69.792351   45.751087
 -69.788597   45.747295
 -69.796600   45.746567
 -69.801758   45.749172
 -69.811722   45.745995
 -69.817795   45.746658
 -69.828133   45.739639
 -69.833687   45.738861
 -69.827065   45.737743
 -69.824020   45.742065
 -69.810936   45.737080
 -69.810280   45.733650
 -69.800552   45.733513
 -69.791809   45.728596
 -69.799736   45.723522
 -69.805870   45.725399
 -69.805519   45.722496
 -69.808846   45.724049
 -69.815308   45.721741
 -69.808159   45.722496
 -69.804314   45.716434
 -69.798630   45.715729
 -69.791321   45.710949
 -69.791130   45.704159
 -69.786728   45.700478
 -69.783569   45.690735
 -69.756439   45.679935
 -69.745453   45.681057
 -69.738213   45.679073
 -69.739250   45.666931
 -69.743965   45.661373
 -69.738487   45.656689
 -69.743866   45.652092
 -69.736488   45.650517
 -69.732285   45.655411
 -69.734802   45.657330
 -69.722054   45.657562
 -69.704552   45.652973
 -69.692192   45.645290
 -69.696037   45.640308
 -69.712303   45.650455
 -69.712631   45.647072
 -69.715858   45.647736
 -69.717651   45.640099
 -69.708061   45.637539
 -69.701057   45.628010
 -69.703362   45.619659
 -69.710274   45.612602
 -69.711899   45.613655
 -69.719131   45.613586
 -69.716942   45.609177
 -69.720558   45.605927
 -69.719116   45.599068
 -69.712608   45.594612
 -69.712662   45.586617
 -69.724281   45.580914
 -69.728767   45.569386
 -69.759895   45.554829
 -69.775894   45.554169
 -69.774193   45.545502
 -69.781113   45.542747
 -69.728081   45.380836
 -69.700623   45.292393
 -69.708046   45.290249
 -69.683243   45.212910
 -69.685745   45.209465
 -69.681770   45.195229
 -69.655357   45.100060
 -69.646011   45.100933
 -69.621582   45.010803
 -69.517685   45.024708
 -69.520409   45.033329
 -69.495659   45.036606
 -69.500977   45.053631
 -69.356270   45.073463
 -69.354378   45.067127
 -69.331474   44.987015
 -69.305954   44.895866
 -69.281715   44.808647
 -69.286713   44.807961
 -69.267265   44.721905
 -69.327904   44.714428
 -69.344063   44.749840
 -69.350914   44.749268
 -69.372200   44.754581
 -69.387741   44.752945
 -69.389030   44.747108
 -69.396561   44.747459
 -69.398918   44.745209
 -69.395523   44.732098
 -69.406113   44.727180
 -69.415237   44.718307
 -69.417274   44.700966
 -69.472130   44.692947
 -69.468002   44.707870
 -69.473701   44.708630
 -69.470985   44.718208
 -69.483963   44.720325
 -69.604012   44.704521
 -69.633507   44.700340
 -69.628250   44.670879
 -69.616539   44.655415
 -69.604713   44.650024
 -69.587730   44.633888
 -69.579224   44.624645
 -69.593498   44.602779
 -69.589401   44.592751
 -69.590340   44.586754
 -69.594208   44.581921
 -69.606247   44.577255
 -69.664856   44.586220
 -69.742561   44.598217
 -69.744843   44.602703
 -69.776817   44.608177
 -69.787857   44.594021
 -69.793327   44.577297
 -69.819267   44.581303
 -69.817947   44.597019
 -69.822716   44.601116
 -69.822937   44.607330
 -69.826324   44.606991
 -69.853653   44.621433
 -69.931046   44.610741
 -69.947578   44.647968
 -69.968102   44.658558
 -69.969231   44.661232
 -69.966904   44.662922
 -69.960442   44.660736
 -69.959114   44.663136
 -69.959244   44.669697
 -69.965286   44.675053
 -69.960732   44.681252
 -69.996742   44.677502
 -70.002426   44.705292
 -70.014488   44.756226
 -70.002495   44.758362
 -70.005280   44.773079
 -70.000977   44.773777
 -70.004303   44.788185
 -70.016861   44.786697
 -70.020599   44.809357
 -70.030426   44.808758
 -70.032013   44.821850
 -70.032982   44.829807
 -70.027405   44.830254
 -70.033272   44.864315
 -70.132156   44.851650
 -70.141518   44.895458
 -70.143051   44.897480
 -70.149666   44.896084
 -70.153923   44.909248
 -70.144920   44.910599
 -70.152153   44.942139
 -70.110130   44.947147
 -70.133537   45.037468
 -70.160072   45.128384
 -70.294891   45.109913
 -70.308784   45.162010
 -70.312378   45.161655
 -70.313011   45.163475
 -70.365181   45.156921
 -70.363731   45.151566
 -70.419350   45.144894
 -70.443512   45.236794
 -70.519112   45.512051
 -70.506226   45.513699
 -70.553268   45.667793
 -70.541893   45.666668
 -70.536194   45.669857
 -70.526939   45.666458
 -70.526604   45.666683
 -70.526314   45.666504
 -70.523796   45.668560
 -70.493500   45.688782
 -70.470352   45.701591
 -70.467087   45.706394
 -70.452576   45.704685
 -70.452515   45.704700
 -70.451981   45.704388
 -70.439362   45.704342
 -70.426567   45.707199
 -70.430000   45.710220
 -70.419952   45.712975
 -70.419632   45.713089
 -70.418968   45.713257
 -70.418663   45.713428
 -70.401405   45.719448
 -70.399353   45.724041
 -70.391380   45.728424
 -70.391304   45.728493
 -70.390862   45.728497
 -70.384033   45.734825
 -70.390884   45.735992
 -70.388466   45.748085
 -70.389679   45.748981
 -70.388985   45.749672
 -70.407028   45.761768
 -70.406494   45.776741
 -70.410965   45.784012
 -70.416328   45.784859
 -70.415184   45.790615
 -70.417274   45.793842
 -70.401627   45.795986
 -70.401421   45.795940
 -70.401237   45.796040
 -70.400124   45.796192
 -70.399986   45.796715
 -70.396614   45.798546
 -70.397011   45.806583
 -70.392395   45.811855
 -70.389091   45.814243
 -70.388847   45.815895
 -70.382935   45.822643
 -70.370537   45.830902
 -70.371521   45.834816
 -70.370026   45.835457
 -70.359062   45.836098
 -70.351868   45.843250
 -70.323738   45.855316
 -70.322136   45.856201
 -70.308281   45.858898
 -70.284691   45.871990
 -70.270866   45.884338
 -70.262619   45.888157
 -70.260521   45.890209
 -70.259598   45.890717
 -70.259911   45.890800
 -70.259628   45.891079
 -70.265472   45.892967
 -70.254189   45.902939
 -70.255241   45.904076
 -70.254181   45.905067
 -70.255325   45.908657
 -70.259766   45.909348
 -70.258369   45.918098
 -70.263657   45.923649
 -70.263649   45.923923
 -70.262039   45.925312
 -70.241409   45.939056
 -70.240593   45.942699
 -70.241165   45.943256
 -70.240662   45.943691
 -70.253448   45.955196
 -70.261261   45.952808
 -70.259537   45.959267
 -70.266464   45.963718
 -70.266502   45.963745
 -70.266914   45.964005
 -70.275139   45.960918
 -70.277885   45.967136
 -70.282654   45.964024
 -70.304916   45.964642
 -70.305458   45.964813
 -70.305847   45.964668
 -70.306801   45.964695
 -70.313446   45.961819
 -70.317001   45.963665
 -70.312897   45.966160
 -70.313034   45.970585
 -70.311356   45.973202
 -70.285057   45.995350
 -70.292778   45.996849
 -70.293350   45.997360
 -70.303520   45.998936
 -70.306038   46.009739
 -70.318077   46.019451
 -70.299141   46.030422
 -70.299629   46.038307
 -70.280128   46.052158
 -70.278648   46.059631
 -70.284653   46.062721
 -70.290573   46.061298
 -70.310593   46.064091
 -70.310875   46.064331
 -70.306190   46.068050
 -70.303009   46.070354
 -70.303169   46.070450
 -70.302910   46.070656
 -70.302185   46.076248
 -70.300713   46.078358
 -70.301620   46.080639
 -70.301331   46.082878
 -70.297966   46.084480
 -70.293877   46.085785
 -70.293533   46.086594
 -70.292107   46.087273
 -70.288383   46.094601
 -70.256866   46.099899
 -70.256653   46.100452
 -70.253220   46.100079
 -70.254089   46.107052
 -70.246620   46.126270
 -70.243225   46.131413
 -70.237381   46.145172
 -70.238586   46.146950
 -70.238434   46.147343
 -70.239365   46.148090
 -70.240913   46.150383
 -70.242630   46.150730
 -70.292480   46.190968
 -70.272537   46.209797
 -70.273361   46.211536
 -70.265396   46.226818
 -70.261292   46.229931
 -70.257248   46.242447
 -70.254768   46.247200
 -70.252205   46.248898
 -70.253105   46.250393
 -70.241386   46.272842
 -70.240929   46.272846
 -70.240768   46.274025
 -70.236755   46.281723
 -70.233162   46.284393
 -70.232216   46.290253
 -70.206360   46.299580
 -70.206322   46.299789
 -70.206200   46.299831
 -70.206223   46.300320
 -70.203598   46.314342
 -70.209084   46.328613
 -70.209145   46.328983
 -70.182747   46.351887
 -70.182709   46.351898
 -70.174301   46.358330
 -70.167297   46.357498
 -70.167046   46.357666
 -70.166344   46.357498
 -70.162346   46.360790
 -70.159767   46.359169
 -70.158035   46.360176
 -70.149010   46.358887
 -70.148941   46.358925
 -70.141640   46.362637
 -70.141296   46.363186
 -70.127739   46.370743
 -70.127632   46.378895
 -70.114357   46.385208
 -70.110924   46.386078
 -70.112396   46.387707
 -70.112236   46.387913
 -70.106728   46.390652
 -70.101059   46.401100
 -70.098976   46.400894
 -70.100258   46.403053
 -70.080017   46.409363
 -70.076607   46.409355
 -70.056915   46.415527
 -70.041801   46.487705

Waldo
ME
123
 -69.472130   44.692947
 -69.417274   44.700966
 -69.415237   44.718307
 -69.406113   44.727180
 -69.395523   44.732098
 -69.398918   44.745209
 -69.396561   44.747459
 -69.389030   44.747108
 -69.387741   44.752945
 -69.372200   44.754581
 -69.350914   44.749268
 -69.344063   44.749840
 -69.327904   44.714428
 -69.267265   44.721905
 -69.205719   44.729584
 -69.184052   44.643986
 -69.089165   44.659260
 -69.061340   44.663982
 -69.014656   44.671700
 -68.962929   44.680622
 -68.897224   44.691692
 -68.896454   44.689247
 -68.866150   44.694073
 -68.866890   44.696995
 -68.837868   44.701962
 -68.838387   44.692440
 -68.819168   44.687206
 -68.816093   44.683689
 -68.812233   44.669807
 -68.823357   44.663311
 -68.831848   44.652023
 -68.835449   44.641277
 -68.847542   44.625446
 -68.846107   44.614883
 -68.841957   44.611233
 -68.824417   44.596313
 -68.814194   44.575741
 -68.798523   44.568134
 -68.806129   44.554737
 -68.805496   44.549030
 -68.803787   44.527344
 -68.793022   44.497528
 -68.796638   44.471462
 -68.801231   44.462223
 -68.809151   44.456219
 -68.816986   44.464249
 -68.829445   44.461414
 -68.832001   44.458012
 -68.851273   44.449226
 -68.859200   44.443844
 -68.860619   44.439880
 -68.864883   44.439526
 -68.870827   44.439030
 -68.870537   44.435345
 -68.875351   44.429958
 -68.881592   44.427692
 -68.887535   44.430244
 -68.893486   44.443844
 -68.883575   44.455463
 -68.885551   44.461979
 -68.897179   44.467934
 -68.897743   44.451496
 -68.908501   44.450928
 -68.911621   44.454330
 -68.925789   44.454895
 -68.934006   44.436195
 -68.941093   44.433361
 -68.944206   44.427692
 -68.953850   44.431095
 -68.958305   44.428020
 -68.958374   44.427975
 -68.988136   44.425991
 -69.003151   44.431095
 -69.004570   44.428543
 -68.995499   44.420609
 -68.983597   44.402477
 -68.983597   44.398224
 -68.989174   44.393764
 -68.989265   44.393692
 -68.984451   44.386326
 -68.968292   44.380939
 -68.948174   44.354874
 -68.950447   44.339851
 -68.954697   44.324268
 -68.963760   44.308117
 -68.969711   44.306133
 -68.970848   44.302448
 -68.980766   44.294518
 -68.985298   44.299049
 -68.994934   44.296383
 -69.003723   44.293949
 -69.001450   44.289982
 -69.008247   44.282612
 -69.004845   44.274681
 -69.017601   44.256542
 -69.028847   44.248959
 -69.043571   44.259388
 -69.122200   44.255516
 -69.171562   44.292316
 -69.188011   44.304573
 -69.269890   44.364506
 -69.346748   44.308201
 -69.394623   44.342567
 -69.397079   44.340542
 -69.402733   44.343002
 -69.409531   44.336269
 -69.405075   44.332733
 -69.409927   44.328011
 -69.435364   44.331985
 -69.507278   44.342785
 -69.445953   44.463776
 -69.396507   44.457008
 -69.372887   44.544510
 -69.417366   44.551193
 -69.409950   44.578964
 -69.393555   44.640289
 -69.460419   44.646923
 -69.460381   44.655037
 -69.456039   44.662228
 -69.447884   44.662258
 -69.443123   44.672127
 -69.476013   44.676819
 -69.477776   44.692085

Waldo
ME
64
 -68.952141   44.218006
 -68.953278   44.219707
 -68.940529   44.237560
 -68.941376   44.243793
 -68.950447   44.249458
 -68.956680   44.243507
 -68.966599   44.249458
 -68.965179   44.261642
 -68.962341   44.261078
 -68.960930   44.257111
 -68.957817   44.259090
 -68.954124   44.271843
 -68.938545   44.285446
 -68.937973   44.291397
 -68.930893   44.293949
 -68.929482   44.301880
 -68.912758   44.314068
 -68.920128   44.331352
 -68.919273   44.337585
 -68.911346   44.341267
 -68.908791   44.345802
 -68.913040   44.357986
 -68.906807   44.373287
 -68.904541   44.372719
 -68.902840   44.375271
 -68.903976   44.378674
 -68.900291   44.380657
 -68.886406   44.377541
 -68.882553   44.380566
 -68.880737   44.393124
 -68.879044   44.386040
 -68.868553   44.380939
 -68.865997   44.367619
 -68.860901   44.364788
 -68.866570   44.359406
 -68.870827   44.360252
 -68.875069   44.357986
 -68.875923   44.353737
 -68.869965   44.353168
 -68.867981   44.350903
 -68.873940   44.350334
 -68.872238   44.344669
 -68.884422   44.338154
 -68.888954   44.338154
 -68.893211   44.333900
 -68.893486   44.326252
 -68.896317   44.327385
 -68.898872   44.325401
 -68.894333   44.317467
 -68.901146   44.318600
 -68.901703   44.307549
 -68.887825   44.304150
 -68.891792   44.296497
 -68.896606   44.295364
 -68.896042   44.291111
 -68.903976   44.280350
 -68.908791   44.257675
 -68.914742   44.249176
 -68.913887   44.244362
 -68.925224   44.236423
 -68.927498   44.231892
 -68.940811   44.227077
 -68.944206   44.221691
 -68.952141   44.218006

Washington
ME
515
 -68.048683   45.639965
 -68.035393   45.642193
 -67.934364   45.658688
 -67.914993   45.661877
 -67.916374   45.666248
 -67.906410   45.667767
 -67.907532   45.671329
 -67.900009   45.672344
 -67.902458   45.679668
 -67.889503   45.671848
 -67.878288   45.671795
 -67.873962   45.668957
 -67.806572   45.680759
 -67.803864   45.677822
 -67.769203   45.677521
 -67.755066   45.667912
 -67.754791   45.667728
 -67.745476   45.673168
 -67.745438   45.673191
 -67.733864   45.664078
 -67.720955   45.662460
 -67.720802   45.662815
 -67.720200   45.662758
 -67.718605   45.667923
 -67.725967   45.672802
 -67.728691   45.676537
 -67.735153   45.688923
 -67.728203   45.688408
 -67.718513   45.679672
 -67.710136   45.681549
 -67.698517   45.659676
 -67.691971   45.653984
 -67.693176   45.650303
 -67.675964   45.630898
 -67.646362   45.613533
 -67.640793   45.616112
 -67.644760   45.623158
 -67.640297   45.624706
 -67.612045   45.609356
 -67.606728   45.606468
 -67.589333   45.607044
 -67.583893   45.602428
 -67.561913   45.594841
 -67.546669   45.597992
 -67.519135   45.587860
 -67.500000   45.586948
 -67.491478   45.591423
 -67.490059   45.593845
 -67.489006   45.594578
 -67.488098   45.597206
 -67.494125   45.599285
 -67.493797   45.601845
 -67.477264   45.604092
 -67.474815   45.602551
 -67.472374   45.601009
 -67.468079   45.601284
 -67.465797   45.603752
 -67.455971   45.604599
 -67.450233   45.602795
 -67.447952   45.597218
 -67.426010   45.579021
 -67.424393   45.571873
 -67.424446   45.571804
 -67.428757   45.568764
 -67.428535   45.566929
 -67.428802   45.566616
 -67.428391   45.565666
 -67.428223   45.564285
 -67.424377   45.556473
 -67.421616   45.550144
 -67.426521   45.540749
 -67.432793   45.540955
 -67.435829   45.530716
 -67.435684   45.530193
 -67.435837   45.529613
 -67.432785   45.519981
 -67.432770   45.519928
 -67.424370   45.513535
 -67.419441   45.506813
 -67.417694   45.502354
 -67.417862   45.502090
 -67.423683   45.505871
 -67.424171   45.505482
 -67.424797   45.505840
 -67.425461   45.504459
 -67.427010   45.503227
 -67.428383   45.502140
 -67.430092   45.501572
 -67.449921   45.510578
 -67.453682   45.508995
 -67.450211   45.499435
 -67.457520   45.503632
 -67.459267   45.504925
 -67.463440   45.508625
 -67.463951   45.508385
 -67.464043   45.508450
 -67.465103   45.507843
 -67.471321   45.504929
 -67.471313   45.504295
 -67.471466   45.504211
 -67.471291   45.500000
 -67.464981   45.497208
 -67.480835   45.495815
 -67.485405   45.495525
 -67.485489   45.495403
 -67.485664   45.495388
 -67.488945   45.490105
 -67.495033   45.489082
 -67.495949   45.489426
 -67.498993   45.490993
 -67.499489   45.490757
 -67.500000   45.490948
 -67.503639   45.489620
 -67.503761   45.488724
 -67.504326   45.488457
 -67.503952   45.487362
 -67.504074   45.486443
 -67.502106   45.482002
 -67.501091   45.479057
 -67.500626   45.478668
 -67.500320   45.477985
 -67.492516   45.471893
 -67.487091   45.467365
 -67.485359   45.464630
 -67.483009   45.460304
 -67.483551   45.457867
 -67.485405   45.455933
 -67.484711   45.452652
 -67.484886   45.451889
 -67.484482   45.451565
 -67.484169   45.450062
 -67.477577   45.445099
 -67.477470   45.444527
 -67.478783   45.441498
 -67.480293   45.440300
 -67.479797   45.439140
 -67.479843   45.439045
 -67.475571   45.429150
 -67.473923   45.425259
 -67.473801   45.425232
 -67.471817   45.423409
 -67.463371   45.422920
 -67.461815   45.422573
 -67.459480   45.419315
 -67.454437   45.411182
 -67.445587   45.404556
 -67.427383   45.390659
 -67.419624   45.377083
 -67.420235   45.376064
 -67.430656   45.371792
 -67.431229   45.370914
 -67.431793   45.370716
 -67.434837   45.365368
 -67.434097   45.361256
 -67.426964   45.357506
 -67.431633   45.350990
 -67.429939   45.344139
 -67.444824   45.330894
 -67.456688   45.326576
 -67.456429   45.325912
 -67.457230   45.325569
 -67.452827   45.316769
 -67.459007   45.308743
 -67.460808   45.301525
 -67.466553   45.299786
 -67.467339   45.299713
 -67.467316   45.299557
 -67.467720   45.299435
 -67.467072   45.293968
 -67.474876   45.291832
 -67.474907   45.291824
 -67.477005   45.288921
 -67.486237   45.291363
 -67.486420   45.290897
 -67.486794   45.290974
 -67.490021   45.282585
 -67.489815   45.282368
 -67.490059   45.281761
 -67.487991   45.280247
 -67.485985   45.278778
 -67.482346   45.275887
 -67.482033   45.275875
 -67.481918   45.275795
 -67.477745   45.275726
 -67.473297   45.258610
 -67.473053   45.258213
 -67.472946   45.257832
 -67.464127   45.244022
 -67.454033   45.241055
 -67.440590   45.227020
 -67.428970   45.202652
 -67.429680   45.193459
 -67.429436   45.193382
 -67.429451   45.193138
 -67.421341   45.190792
 -67.418449   45.189865
 -67.417946   45.189308
 -67.412064   45.182373
 -67.411400   45.182037
 -67.410706   45.181271
 -67.404655   45.178665
 -67.400734   45.176701
 -67.400391   45.174706
 -67.399857   45.169559
 -67.405159   45.166897
 -67.405212   45.166878
 -67.405212   45.166203
 -67.405190   45.159851
 -67.405067   45.159813
 -67.405067   45.159760
 -67.380936   45.152233
 -67.357681   45.131706
 -67.342796   45.125713
 -67.342323   45.125938
 -67.340919   45.125408
 -67.331367   45.131119
 -67.331017   45.131283
 -67.325981   45.131664
 -67.321579   45.131741
 -67.318481   45.137707
 -67.318657   45.138111
 -67.318542   45.138344
 -67.320480   45.142368
 -67.306038   45.144753
 -67.295448   45.149593
 -67.294930   45.153431
 -67.302299   45.157043
 -67.302582   45.162533
 -67.302231   45.163322
 -67.299606   45.168926
 -67.291985   45.171375
 -67.292023   45.171482
 -67.291985   45.171494
 -67.294304   45.177891
 -67.290436   45.188374
 -67.284607   45.191708
 -67.272156   45.191036
 -67.248009   45.181000
 -67.242859   45.172169
 -67.227890   45.163574
 -67.227470   45.163712
 -67.226891   45.163395
 -67.204208   45.171200
 -67.192642   45.165985
 -67.168442   45.164520
 -67.159653   45.161797
 -67.125366   45.126816
 -67.123604   45.124565
 -67.111305   45.108845
 -67.091339   45.068596
 -67.083359   45.055370
 -67.042313   44.987240
 -67.047821   44.985443
 -67.051620   44.973572
 -67.058365   44.970379
 -67.060646   44.969299
 -67.059723   44.968285
 -67.057777   44.966137
 -67.055901   44.964077
 -67.051147   44.965500
 -67.043549   44.960751
 -67.039406   44.955685
 -67.039276   44.955528
 -67.039276   44.949928
 -67.039276   44.947887
 -67.039276   44.945080
 -67.035004   44.940331
 -67.030251   44.937485
 -67.024078   44.938431
 -67.010780   44.934158
 -67.016953   44.927513
 -66.998436   44.915642
 -66.991791   44.918011
 -66.984184   44.911366
 -66.985138   44.896645
 -66.992737   44.894268
 -66.993690   44.889046
 -66.987511   44.876225
 -66.987793   44.870899
 -66.987991   44.867199
 -66.980385   44.854855
 -66.996063   44.846779
 -66.996063   44.842506
 -66.990837   44.837284
 -66.990364   44.828735
 -66.983719   44.813065
 -66.980385   44.811165
 -66.980865   44.805943
 -66.983719   44.802143
 -66.990364   44.800720
 -66.995590   44.789795
 -67.010307   44.781723
 -67.020279   44.769852
 -67.044502   44.763680
 -67.049248   44.759403
 -67.050674   44.768429
 -67.057793   44.772228
 -67.062546   44.770329
 -67.062378   44.766472
 -67.062065   44.759403
 -67.065392   44.751808
 -67.072037   44.750381
 -67.074890   44.740883
 -67.084862   44.738506
 -67.093887   44.742783
 -67.099586   44.740883
 -67.101959   44.734711
 -67.097687   44.729965
 -67.103386   44.726635
 -67.105347   44.716831
 -67.115631   44.712006
 -67.119362   44.705288
 -67.120758   44.702778
 -67.149475   44.682266
 -67.155624   44.668938
 -67.166901   44.661758
 -67.189453   44.659706
 -67.190491   44.644329
 -67.198685   44.643303
 -67.208946   44.637150
 -67.231506   44.635101
 -67.239700   44.640224
 -67.244835   44.647404
 -67.253036   44.647404
 -67.261238   44.644329
 -67.261238   44.636124
 -67.255089   44.632023
 -67.259193   44.625870
 -67.263290   44.628948
 -67.270470   44.627918
 -67.272522   44.618690
 -67.269440   44.609463
 -67.279694   44.608437
 -67.280724   44.601261
 -67.292000   44.601261
 -67.299187   44.597157
 -67.313538   44.597157
 -67.321739   44.601261
 -67.323792   44.612541
 -67.317642   44.612541
 -67.311485   44.615616
 -67.303284   44.624844
 -67.290977   44.618690
 -67.287903   44.624844
 -67.299187   44.653557
 -67.311485   44.660736
 -67.310463   44.672016
 -67.306358   44.678169
 -67.309433   44.688419
 -67.301231   44.694572
 -67.301231   44.703804
 -67.301941   44.704109
 -67.308411   44.706879
 -67.325523   44.700459
 -67.333015   44.697647
 -67.350449   44.697647
 -67.355576   44.689449
 -67.366859   44.686371
 -67.382240   44.674065
 -67.362762   44.640224
 -67.364807   44.630997
 -67.368912   44.622791
 -67.378136   44.618690
 -67.382240   44.623821
 -67.389420   44.620743
 -67.391472   44.613564
 -67.395569   44.613564
 -67.398651   44.602283
 -67.407875   44.592033
 -67.419151   44.605358
 -67.425217   44.606876
 -67.431465   44.608437
 -67.450943   44.598183
 -67.460175   44.596130
 -67.470421   44.606388
 -67.484787   44.609463
 -67.491959   44.606388
 -67.497086   44.614594
 -67.495041   44.626896
 -67.499138   44.632023
 -67.506317   44.634071
 -67.514519   44.634071
 -67.531952   44.619717
 -67.539131   44.624844
 -67.541832   44.623859
 -67.550148   44.620834
 -67.550407   44.620743
 -67.557594   44.598183
 -67.563744   44.589981
 -67.563744   44.580753
 -67.570923   44.569473
 -67.571945   44.557167
 -67.564766   44.551010
 -67.562714   44.538708
 -67.567841   44.531532
 -67.566818   44.521275
 -67.557594   44.515125
 -67.524773   44.512047
 -67.514519   44.503845
 -67.509392   44.493587
 -67.526825   44.484360
 -67.529907   44.473080
 -67.539131   44.471031
 -67.552467   44.478207
 -67.555733   44.474937
 -67.559639   44.471031
 -67.567841   44.471031
 -67.570923   44.464874
 -67.568863   44.454624
 -67.588348   44.446419
 -67.594505   44.459751
 -67.595528   44.471031
 -67.605782   44.486412
 -67.606812   44.500767
 -67.621170   44.502819
 -67.623978   44.523453
 -67.624237   44.525379
 -67.643723   44.527428
 -67.643974   44.527351
 -67.653976   44.524353
 -67.656029   44.529480
 -67.675514   44.533581
 -67.683708   44.537685
 -67.702179   44.530502
 -67.701141   44.511024
 -67.704224   44.508972
 -67.705246   44.498730
 -67.713455   44.493587
 -67.718575   44.496670
 -67.727806   44.496670
 -67.738068   44.493587
 -67.745239   44.496670
 -67.743195   44.506920
 -67.747292   44.533581
 -67.754471   44.538708
 -67.758568   44.546913
 -67.763496   44.546913
 -67.772926   44.546913
 -67.783180   44.539738
 -67.783180   44.523327
 -67.777031   44.514099
 -67.784210   44.513073
 -67.801643   44.521275
 -67.831375   44.515125
 -67.837524   44.525379
 -67.837524   44.534607
 -67.842567   44.534607
 -67.849831   44.534607
 -67.851891   44.529480
 -67.858040   44.525379
 -67.852631   44.505085
 -67.853928   44.497822
 -67.850555   44.494705
 -67.853149   44.481987
 -67.867691   44.471088
 -67.868980   44.465378
 -67.868462   44.456295
 -67.864830   44.454220
 -67.865349   44.446953
 -67.860413   44.444878
 -67.858597   44.433197
 -67.855225   44.433975
 -67.852112   44.428268
 -67.855743   44.418922
 -67.866646   44.425152
 -67.870026   44.423855
 -67.876511   44.440464
 -67.882370   44.439293
 -67.886887   44.438389
 -67.890518   44.428783
 -67.889221   44.423855
 -67.893379   44.422035
 -67.891815   44.416069
 -67.894417   44.413994
 -67.890266   44.409061
 -67.895454   44.404133
 -67.899864   44.393230
 -67.913879   44.417370
 -67.914398   44.433716
 -67.921143   44.438389
 -67.929710   44.434498
 -67.931786   44.425934
 -67.929710   44.421261
 -67.933861   44.416069
 -67.931786   44.411655
 -67.938271   44.409321
 -67.948135   44.416328
 -67.954575   44.411392
 -67.963074   44.423199
 -67.970558   44.440044
 -67.972504   44.454296
 -67.978455   44.461021
 -67.982513   44.472847
 -67.975662   44.477112
 -67.973686   44.488983
 -67.977249   44.491089
 -67.977837   44.497936
 -67.991371   44.502457
 -67.992264   44.504520
 -68.017815   44.588913
 -67.994064   44.592159
 -68.016579   44.676575
 -68.035210   44.674080
 -68.058739   44.761261
 -68.082214   44.849339
 -68.106567   44.939133
 -67.983406   44.955666
 -68.020279   45.125000
 -68.056366   45.255219
 -68.003967   45.259541
 -67.939613   45.267357
 -67.966682   45.351894
 -67.955269   45.353638
 -67.994171   45.466461
 -68.020966   45.553448

York
ME
340
 -70.989563   43.792362
 -70.982826   43.793629
 -70.971840   43.784988
 -70.964745   43.788078
 -70.957802   43.785103
 -70.943146   43.792328
 -70.928253   43.790165
 -70.913750   43.800671
 -70.900528   43.802246
 -70.881203   43.810757
 -70.870049   43.806629
 -70.861397   43.807526
 -70.861710   43.804733
 -70.853065   43.804771
 -70.840309   43.809814
 -70.823013   43.807098
 -70.815689   43.811375
 -70.812439   43.810642
 -70.811745   43.807144
 -70.809059   43.810184
 -70.797813   43.806320
 -70.798637   43.809593
 -70.795670   43.809250
 -70.789795   43.814011
 -70.783730   43.813763
 -70.781006   43.803307
 -70.766396   43.792057
 -70.755669   43.788731
 -70.734123   43.789387
 -70.728424   43.793728
 -70.718994   43.794949
 -70.712845   43.799648
 -70.701927   43.798153
 -70.697044   43.805172
 -70.693703   43.803829
 -70.694687   43.798088
 -70.690315   43.795872
 -70.682281   43.796494
 -70.674950   43.788586
 -70.671646   43.790051
 -70.671761   43.793758
 -70.668907   43.792744
 -70.653320   43.787315
 -70.656296   43.780659
 -70.650299   43.768978
 -70.657127   43.764587
 -70.651817   43.758308
 -70.644730   43.755993
 -70.643570   43.752407
 -70.646568   43.740017
 -70.653893   43.731327
 -70.659973   43.711388
 -70.659477   43.703388
 -70.649864   43.699089
 -70.642876   43.702930
 -70.633949   43.703823
 -70.628334   43.704021
 -70.622818   43.699516
 -70.614998   43.698219
 -70.611298   43.692547
 -70.613037   43.686981
 -70.606087   43.687649
 -70.595863   43.697105
 -70.578255   43.687271
 -70.550529   43.715717
 -70.547104   43.713085
 -70.458168   43.642185
 -70.469231   43.631599
 -70.492470   43.606739
 -70.390640   43.553577
 -70.353798   43.535400
 -70.354668   43.534496
 -70.356491   43.533459
 -70.362312   43.526531
 -70.380310   43.505104
 -70.381180   43.504070
 -70.381454   43.503113
 -70.385178   43.496616
 -70.384857   43.491199
 -70.386261   43.486271
 -70.383873   43.474670
 -70.382744   43.469170
 -70.382309   43.467056
 -70.377556   43.461208
 -70.371284   43.453495
 -70.355461   43.446995
 -70.347549   43.447845
 -70.346138   43.450382
 -70.340210   43.450104
 -70.335968   43.447277
 -70.340210   43.441910
 -70.343597   43.439365
 -70.345009   43.441345
 -70.357437   43.439648
 -70.369392   43.434921
 -70.369591   43.434845
 -70.376938   43.426369
 -70.377968   43.422405
 -70.378319   43.421059
 -70.386841   43.417385
 -70.386909   43.415337
 -70.387115   43.414215
 -70.386948   43.414135
 -70.386971   43.413494
 -70.381699   43.411343
 -70.389229   43.407116
 -70.390450   43.405407
 -70.393051   43.406590
 -70.394745   43.404613
 -70.392708   43.402241
 -70.396019   43.397602
 -70.402046   43.399860
 -70.404915   43.400936
 -70.404953   43.400925
 -70.419800   43.395889
 -70.421585   43.395283
 -70.426453   43.390602
 -70.426781   43.390285
 -70.428925   43.388222
 -70.426140   43.383091
 -70.425499   43.375843
 -70.425446   43.375813
 -70.426102   43.374939
 -70.429214   43.376072
 -70.432320   43.367313
 -70.436836   43.367313
 -70.435432   43.365898
 -70.440231   43.361378
 -70.436562   43.358837
 -70.439949   43.354595
 -70.443054   43.355728
 -70.445320   43.354218
 -70.446281   43.353577
 -70.448990   43.351772
 -70.450340   43.348236
 -70.451469   43.346752
 -70.458939   43.345879
 -70.459938   43.341991
 -70.460152   43.341930
 -70.462273   43.343575
 -70.464828   43.340618
 -70.466476   43.340160
 -70.473274   43.342854
 -70.473831   43.343712
 -70.475616   43.347370
 -70.483871   43.347130
 -70.484825   43.345890
 -70.485161   43.345837
 -70.485382   43.345158
 -70.486191   43.344109
 -70.488121   43.344048
 -70.489967   43.344707
 -70.502190   43.343395
 -70.513702   43.342163
 -70.516823   43.343983
 -70.517090   43.344139
 -70.517532   43.343967
 -70.518204   43.343952
 -70.540382   43.335533
 -70.547569   43.328041
 -70.553825   43.322384
 -70.556412   43.318813
 -70.563606   43.308907
 -70.566544   43.304863
 -70.567673   43.300282
 -70.568718   43.296051
 -70.569725   43.291946
 -70.571213   43.285923
 -70.571426   43.285049
 -70.578552   43.280548
 -70.579597   43.278942
 -70.580292   43.278477
 -70.581657   43.275761
 -70.588882   43.261375
 -70.593552   43.248005
 -70.594337   43.245750
 -70.589890   43.244267
 -70.589081   43.241962
 -70.588509   43.239124
 -70.591118   43.237595
 -70.587402   43.233696
 -70.585464   43.231655
 -70.584373   43.230515
 -70.576294   43.222023
 -70.577278   43.216835
 -70.589394   43.206947
 -70.590134   43.194096
 -70.598045   43.185196
 -70.601997   43.187916
 -70.603973   43.186928
 -70.603233   43.180996
 -70.608673   43.175308
 -70.607193   43.173332
 -70.598534   43.173084
 -70.596245   43.171329
 -70.593979   43.167355
 -70.593666   43.165192
 -70.595062   43.164581
 -70.598885   43.164318
 -70.608482   43.167355
 -70.610397   43.168140
 -70.610596   43.168022
 -70.618805   43.163200
 -70.626709   43.144169
 -70.625679   43.143009
 -70.622757   43.139721
 -70.623611   43.134167
 -70.631317   43.133797
 -70.631943   43.132721
 -70.634377   43.132553
 -70.634293   43.128666
 -70.634125   43.120937
 -70.641045   43.118713
 -70.640587   43.117500
 -70.639183   43.113819
 -70.639748   43.113342
 -70.642784   43.112534
 -70.652931   43.102177
 -70.655502   43.099995
 -70.656715   43.094257
 -70.657173   43.092590
 -70.663223   43.090092
 -70.660210   43.086155
 -70.666267   43.083454
 -70.666260   43.083118
 -70.666473   43.076515
 -70.672119   43.073879
 -70.672874   43.070641
 -70.676506   43.069382
 -70.681587   43.068535
 -70.686966   43.065758
 -70.704323   43.059734
 -70.705200   43.070900
 -70.709396   43.074902
 -70.738403   43.073399
 -70.742401   43.077301
 -70.756905   43.079899
 -70.768501   43.093498
 -70.779602   43.095798
 -70.783302   43.099499
 -70.820503   43.122501
 -70.828598   43.129002
 -70.834305   43.146801
 -70.829597   43.157799
 -70.828796   43.168900
 -70.823997   43.174500
 -70.825302   43.179600
 -70.828400   43.188599
 -70.820389   43.191975
 -70.820610   43.196888
 -70.817398   43.214520
 -70.810165   43.224476
 -70.812355   43.228226
 -70.817787   43.228966
 -70.816139   43.233143
 -70.818359   43.237827
 -70.827797   43.242802
 -70.838402   43.242310
 -70.839478   43.244488
 -70.842407   43.253460
 -70.852509   43.256725
 -70.855576   43.255108
 -70.859261   43.256531
 -70.863647   43.265263
 -70.870590   43.266254
 -70.874374   43.271778
 -70.883301   43.273102
 -70.883003   43.278900
 -70.886307   43.280300
 -70.884506   43.283401
 -70.896797   43.285198
 -70.898903   43.287498
 -70.896797   43.292301
 -70.905106   43.291302
 -70.907906   43.293499
 -70.904404   43.296799
 -70.897102   43.298500
 -70.902306   43.301399
 -70.903305   43.305901
 -70.907906   43.304699
 -70.912315   43.307442
 -70.915466   43.315331
 -70.912804   43.316139
 -70.912498   43.319740
 -70.916924   43.320194
 -70.920143   43.324211
 -70.922798   43.323608
 -70.923180   43.326073
 -70.931282   43.329487
 -70.933731   43.335220
 -70.931335   43.336433
 -70.937607   43.337288
 -70.953529   43.333176
 -70.957024   43.334614
 -70.960938   43.340969
 -70.967720   43.343697
 -70.967392   43.348465
 -70.973557   43.349483
 -70.972473   43.354202
 -70.977699   43.358971
 -70.974648   43.362843
 -70.986191   43.379139
 -70.988136   43.393013
 -70.983368   43.394730
 -70.983055   43.398594
 -70.987167   43.403461
 -70.987595   43.413490
 -70.982323   43.421013
 -70.971527   43.425529
 -70.969681   43.434292
 -70.961441   43.439384
 -70.967392   43.450378
 -70.961624   43.469028
 -70.964928   43.473194
 -70.970871   43.473137
 -70.976494   43.478073
 -70.970406   43.480587
 -70.967865   43.482327
 -70.970062   43.486118
 -70.965019   43.497169
 -70.959679   43.499271
 -70.958450   43.507961
 -70.955185   43.509106
 -70.957352   43.512642
 -70.954559   43.522533
 -70.957703   43.524918
 -70.958710   43.531509
 -70.963829   43.535168
 -70.962669   43.540951
 -70.954277   43.540409
 -70.951324   43.550949
 -70.955513   43.554161
 -70.957726   43.561279
 -70.963432   43.563595
 -70.967407   43.569355
 -70.973206   43.570175
 -70.975769   43.614380
 -70.980118   43.673019
 -70.981041   43.684055
 -70.989548   43.792076

