 -90.417961   41.696041
 -82.413055   48.190071
87

Alcona
MI
22
 -83.888611   44.856316
 -83.526131   44.859455
 -83.320419   44.858852
 -83.321762   44.854595
 -83.315742   44.844517
 -83.300934   44.830116
 -83.299400   44.816219
 -83.293846   44.805660
 -83.296204   44.778553
 -83.291779   44.765728
 -83.297905   44.756607
 -83.296310   44.742371
 -83.285706   44.723125
 -83.271439   44.710960
 -83.291206   44.648998
 -83.305328   44.633461
 -83.314552   44.608711
 -83.313683   44.564575
 -83.307701   44.545807
 -83.318741   44.511719
 -83.318665   44.511169
 -83.886719   44.508896

Alger
MI
44
 -85.863152   46.690144
 -85.864815   46.504795
 -86.364639   46.505814
 -86.365105   46.331692
 -86.615402   46.333263
 -86.615341   46.158852
 -87.115761   46.158829
 -87.114578   46.495941
 -87.056519   46.521908
 -87.019325   46.531925
 -86.989288   46.529060
 -86.963547   46.513329
 -86.944954   46.481857
 -86.893456   46.460400
 -86.876289   46.436085
 -86.850533   46.430359
 -86.814774   46.438946
 -86.804771   46.464691
 -86.791893   46.474705
 -86.770432   46.477566
 -86.733246   46.470413
 -86.707497   46.474705
 -86.696053   46.503311
 -86.706062   46.520481
 -86.708931   46.544796
 -86.684608   46.560532
 -86.648849   46.557671
 -86.627396   46.531925
 -86.608803   46.491871
 -86.605934   46.477566
 -86.598785   46.470413
 -86.581619   46.470413
 -86.550156   46.493301
 -86.515816   46.513329
 -86.464317   46.554810
 -86.411400   46.557671
 -86.298393   46.599152
 -86.159637   46.669243
 -86.142479   46.669243
 -86.119591   46.653507
 -86.102425   46.653507
 -86.059509   46.657799
 -85.969391   46.679256
 -85.864250   46.690205

Allegan
MI
14
 -86.209267   42.768513
 -85.782501   42.768101
 -85.545403   42.768101
 -85.543198   42.421101
 -85.764290   42.420700
 -85.994492   42.418774
 -86.274467   42.419765
 -86.262039   42.442425
 -86.247086   42.491550
 -86.237808   42.550545
 -86.226219   42.591194
 -86.229294   42.635883
 -86.213799   42.672089
 -86.206673   42.709679

Alpena
MI
47
 -83.881393   45.202061
 -83.514198   45.207199
 -83.388512   45.207184
 -83.388451   45.207100
 -83.379906   45.202190
 -83.372055   45.193172
 -83.366562   45.170811
 -83.359116   45.163357
 -83.348915   45.162182
 -83.338318   45.147667
 -83.316353   45.140999
 -83.308502   45.106873
 -83.288895   45.071564
 -83.291245   45.066860
 -83.289680   45.060974
 -83.278694   45.045284
 -83.272026   45.040184
 -83.266930   45.029591
 -83.260254   45.024883
 -83.264969   45.020569
 -83.343811   45.043320
 -83.360680   45.052734
 -83.366959   45.061367
 -83.368134   45.071564
 -83.373230   45.076271
 -83.385002   45.076271
 -83.392456   45.070782
 -83.435997   45.055878
 -83.444229   45.048027
 -83.453651   45.032730
 -83.455215   45.024490
 -83.453651   44.996246
 -83.446594   44.983303
 -83.445412   44.958591
 -83.432465   44.932701
 -83.422653   44.926422
 -83.405006   44.919758
 -83.392845   44.902889
 -83.376366   44.900532
 -83.352829   44.887196
 -83.342628   44.884453
 -83.312820   44.882881
 -83.320419   44.858852
 -83.526131   44.859455
 -83.888611   44.856316
 -83.889725   45.030392
 -83.881233   45.030308

Antrim
MI
34
 -85.388123   45.206352
 -85.222748   45.205685
 -85.223763   45.117744
 -84.856651   45.116337
 -84.857307   45.029816
 -84.849373   45.029381
 -84.847527   44.858463
 -85.291801   44.859554
 -85.327141   44.850758
 -85.321365   44.841835
 -85.320808   44.827179
 -85.316093   44.821720
 -85.332977   44.812805
 -85.339409   44.817879
 -85.345284   44.827717
 -85.361977   44.825336
 -85.373070   44.827511
 -85.382141   44.859615
 -85.442284   44.859604
 -85.425079   44.882999
 -85.423714   44.894871
 -85.407730   44.908115
 -85.389458   44.946934
 -85.391289   44.955608
 -85.383980   44.966110
 -85.381241   44.975700
 -85.383522   44.988487
 -85.380783   45.046028
 -85.377129   45.055614
 -85.368912   45.064747
 -85.362976   45.110416
 -85.378494   45.144665
 -85.380783   45.181656
 -85.386719   45.197182

Arenac
MI
37
 -83.884361   44.161842
 -83.578850   44.163158
 -83.564972   44.163364
 -83.568985   44.150028
 -83.568275   44.105923
 -83.587479   44.088852
 -83.590324   44.071785
 -83.577522   44.048309
 -83.608109   44.056133
 -83.631584   44.054710
 -83.658615   44.046883
 -83.678528   44.035503
 -83.688484   44.024124
 -83.681374   43.998516
 -83.677101   43.992115
 -83.679237   43.987137
 -83.696312   43.992115
 -83.702003   43.997803
 -83.736145   44.004917
 -83.743965   44.002785
 -83.743965   43.992115
 -83.746819   43.988556
 -83.769577   43.985001
 -83.795898   43.985710
 -83.829330   43.990692
 -83.847115   43.984287
 -83.867035   43.960815
 -83.878410   43.955837
 -83.889076   43.935207
 -83.889793   43.923828
 -83.899750   43.919559
 -83.909775   43.910461
 -83.909790   43.910404
 -84.044510   43.911171
 -84.045288   43.997032
 -84.166260   43.996880
 -84.166031   44.161736

Baraga
MI
31
 -88.451477   46.938866
 -88.458679   46.914013
 -88.475220   46.884483
 -88.481117   46.838421
 -88.472847   46.810074
 -88.459854   46.786449
 -88.431511   46.795898
 -88.379547   46.838421
 -88.311043   46.888027
 -88.244896   46.929367
 -88.183472   46.951809
 -88.156311   46.964802
 -88.137405   46.962437
 -88.129143   46.932907
 -88.104340   46.916370
 -88.068901   46.916370
 -88.044502   46.912102
 -88.044106   46.912094
 -88.044647   46.765427
 -87.991501   46.765251
 -87.991386   46.679329
 -88.115662   46.678360
 -88.116867   46.419682
 -88.679558   46.420139
 -88.678566   46.723026
 -88.675873   46.730412
 -88.676521   46.764675
 -88.679024   46.764889
 -88.678802   46.851727
 -88.551849   46.851189
 -88.552017   46.938473

Barry
MI
7
 -85.309715   42.769958
 -85.074081   42.770672
 -85.075409   42.612484
 -85.071602   42.421398
 -85.299400   42.419498
 -85.543198   42.421101
 -85.545403   42.768101

Bay
MI
34
 -84.166260   43.996880
 -84.045288   43.997032
 -84.044510   43.911171
 -83.909790   43.910404
 -83.912201   43.900352
 -83.916115   43.897152
 -83.916115   43.867275
 -83.922508   43.848427
 -83.921089   43.818550
 -83.926422   43.801479
 -83.927139   43.787251
 -83.934250   43.784409
 -83.939941   43.774448
 -83.948120   43.773029
 -83.954521   43.768761
 -83.955231   43.755245
 -83.951317   43.744572
 -83.911491   43.674152
 -83.901176   43.665974
 -83.852806   43.644989
 -83.835373   43.648544
 -83.806213   43.641434
 -83.779533   43.629696
 -83.769577   43.628983
 -83.742554   43.620449
 -83.724052   43.613693
 -83.699211   43.596897
 -83.698830   43.478935
 -83.817726   43.478863
 -83.817307   43.522400
 -84.050911   43.523937
 -84.050003   43.567215
 -84.167923   43.568756
 -84.167015   43.825565

Benzie
MI
20
 -86.075340   44.778381
 -86.008675   44.778736
 -85.814934   44.774437
 -85.817459   44.512993
 -86.010513   44.513756
 -86.234245   44.518501
 -86.223694   44.549046
 -86.220734   44.570038
 -86.225357   44.594593
 -86.243919   44.627731
 -86.258858   44.663040
 -86.255562   44.690804
 -86.244682   44.701557
 -86.172104   44.720623
 -86.154686   44.732445
 -86.137428   44.728683
 -86.117027   44.728294
 -86.101151   44.733219
 -86.089958   44.740677
 -86.073418   44.769810

Berrien
MI
18
 -86.365761   42.243172
 -86.223579   42.243374
 -86.222961   42.071503
 -86.226067   41.759968
 -86.523911   41.759495
 -86.823814   41.760723
 -86.749016   41.800350
 -86.683983   41.840336
 -86.668991   41.855595
 -86.625000   41.888611
 -86.597878   41.918247
 -86.582047   41.942596
 -86.556396   42.000000
 -86.501305   42.084499
 -86.490097   42.105335
 -86.488800   42.116199
 -86.470100   42.130699
 -86.390976   42.210728

Branch
MI
5
 -85.293556   42.071503
 -84.826401   42.072533
 -84.825241   41.759941
 -85.196663   41.759686
 -85.292130   41.759911

Calhoun
MI
7
 -85.071602   42.421398
 -84.718452   42.421963
 -84.717010   42.250000
 -84.709656   42.070335
 -84.826401   42.072533
 -85.293556   42.071503
 -85.299400   42.419498

Cass
MI
12
 -86.222961   42.071503
 -85.762863   42.069344
 -85.760155   41.799007
 -85.769760   41.784595
 -85.786926   41.776302
 -85.787659   41.768246
 -85.790375   41.765789
 -85.784676   41.759960
 -85.791077   41.761234
 -85.791367   41.758999
 -86.062653   41.760544
 -86.226067   41.759968

Charlevoix
MI
40
 -85.560936   45.571869
 -85.607712   45.579540
 -85.622665   45.585178
 -85.629936   45.598164
 -85.621811   45.611217
 -85.619965   45.625000
 -85.606522   45.634499
 -85.604149   45.640945
 -85.608727   45.664330
 -85.600983   45.688564
 -85.572350   45.711132
 -85.572845   45.727131
 -85.563515   45.732388
 -85.561554   45.736683
 -85.562370   45.742264
 -85.568932   45.749279
 -85.566612   45.760014
 -85.549469   45.757267
 -85.543663   45.751415
 -85.535538   45.750397
 -85.505203   45.754692
 -85.500000   45.752586
 -85.498024   45.745060
 -85.510010   45.742893
 -85.511932   45.735737
 -85.498695   45.726292
 -85.496429   45.715572
 -85.495621   45.695892
 -85.503792   45.689445
 -85.506027   45.681149
 -85.501862   45.667019
 -85.490005   45.651482
 -85.487434   45.619423
 -85.490784   45.609001
 -85.503563   45.603462
 -85.509201   45.596474
 -85.526817   45.591587
 -85.534378   45.582813
 -85.533981   45.578197
 -85.540634   45.575409

Charlevoix
MI
42
 -85.095695   45.366291
 -85.096230   45.335552
 -85.045677   45.334534
 -85.038704   45.328442
 -85.035522   45.320732
 -85.023460   45.310734
 -85.016098   45.298908
 -85.014755   45.294888
 -85.018890   45.290195
 -85.013649   45.280804
 -85.000549   45.272106
 -84.988602   45.274452
 -84.964615   45.271053
 -84.966949   45.281116
 -84.964432   45.291332
 -84.732475   45.289059
 -84.734047   45.202000
 -84.734642   45.114700
 -84.856651   45.116337
 -85.223763   45.117744
 -85.222748   45.205685
 -85.388123   45.206352
 -85.389755   45.217052
 -85.387489   45.233837
 -85.380676   45.251530
 -85.374786   45.265587
 -85.365257   45.276024
 -85.355728   45.284641
 -85.299477   45.320930
 -85.294037   45.316395
 -85.283150   45.314579
 -85.270905   45.315941
 -85.255478   45.325920
 -85.250038   45.338623
 -85.243233   45.341797
 -85.232346   45.341343
 -85.203323   45.361755
 -85.181541   45.360397
 -85.164307   45.367653
 -85.137993   45.373096
 -85.095734   45.366295
 -85.095695   45.366291

Cheboygan
MI
34
 -84.732361   45.788334
 -84.727577   45.787323
 -84.719742   45.778191
 -84.715836   45.765797
 -84.681252   45.756008
 -84.646027   45.741657
 -84.632965   45.731869
 -84.578171   45.710991
 -84.557289   45.708382
 -84.554024   45.697945
 -84.540329   45.690765
 -84.523361   45.685547
 -84.514877   45.676411
 -84.499870   45.673805
 -84.480949   45.661407
 -84.465950   45.658146
 -84.458778   45.651619
 -84.443771   45.656189
 -84.426804   45.669888
 -84.411140   45.669888
 -84.379173   45.656841
 -84.330246   45.664669
 -84.260429   45.643139
 -84.215416   45.634655
 -84.205177   45.626186
 -84.251976   45.626122
 -84.247452   45.431931
 -84.249245   45.281963
 -84.246529   45.281979
 -84.246712   45.198830
 -84.366806   45.198753
 -84.734047   45.202000
 -84.732475   45.289059
 -84.729691   45.422470

Chippewa
MI
160
 -85.237755   46.245399
 -85.238945   46.625000
 -85.237495   46.755394
 -85.175163   46.762943
 -85.066223   46.757500
 -85.031723   46.760223
 -85.011749   46.767483
 -84.969078   46.772022
 -84.950928   46.769299
 -84.997223   46.735710
 -85.021736   46.710293
 -85.030815   46.683964
 -85.036263   46.604984
 -85.035355   46.578655
 -85.028091   46.559593
 -85.025368   46.542339
 -85.042618   46.538712
 -85.057144   46.527817
 -85.050781   46.505119
 -85.034447   46.486057
 -85.008118   46.477882
 -84.969078   46.475163
 -84.932770   46.476974
 -84.888290   46.465176
 -84.828369   46.443390
 -84.775711   46.451561
 -84.711258   46.472439
 -84.676758   46.486965
 -84.631371   46.484241
 -84.619568   46.474255
 -84.608673   46.456097
 -84.600502   46.418877
 -84.595963   46.413429
 -84.572357   46.415245
 -84.539680   46.423416
 -84.475555   46.452843
 -84.445107   46.488995
 -84.420235   46.501057
 -84.394691   46.499222
 -84.373924   46.509075
 -84.341393   46.507668
 -84.325333   46.500000
 -84.292984   46.492783
 -84.275780   46.492802
 -84.265358   46.494373
 -84.254402   46.500801
 -84.226105   46.533901
 -84.193703   46.539902
 -84.177399   46.526901
 -84.166000   46.526199
 -84.139397   46.532200
 -84.128906   46.530102
 -84.123306   46.520901
 -84.117905   46.517601
 -84.111198   46.504101
 -84.146141   46.418499
 -84.138878   46.372204
 -84.119095   46.336994
 -84.106224   46.321945
 -84.119301   46.315151
 -84.119606   46.314995
 -84.115540   46.268208
 -84.097748   46.256496
 -84.108063   46.241219
 -84.116562   46.241077
 -84.137451   46.227612
 -84.144646   46.225986
 -84.146965   46.214378
 -84.152542   46.213451
 -84.156723   46.209042
 -84.159737   46.193485
 -84.152779   46.181881
 -84.122360   46.179092
 -84.113075   46.171665
 -84.100998   46.154018
 -84.060143   46.145664
 -84.026016   46.131733
 -84.032982   46.122681
 -84.047836   46.120361
 -84.066879   46.106659
 -84.072212   46.096447
 -84.066650   46.089718
 -84.029945   46.057144
 -84.003616   46.043980
 -83.989677   46.032368
 -83.958702   46.029266
 -83.940117   46.024624
 -83.910698   46.011459
 -83.905273   46.006039
 -83.854172   46.013008
 -83.845650   46.024624
 -83.834808   46.023849
 -83.817780   46.002167
 -83.804611   45.995972
 -83.789894   46.000614
 -83.772865   46.010685
 -83.759697   46.025394
 -83.713234   46.037788
 -83.686905   46.050175
 -83.672966   46.050953
 -83.676064   46.062565
 -83.686134   46.071083
 -83.703941   46.074181
 -83.728722   46.084248
 -83.719429   46.101284
 -83.661354   46.099735
 -83.638123   46.103607
 -83.627281   46.102058
 -83.600952   46.089668
 -83.580826   46.088120
 -83.566879   46.064117
 -83.552940   46.056374
 -83.543655   46.033916
 -83.540550   46.017651
 -83.518875   46.006813
 -83.508034   45.995972
 -83.501839   45.995197
 -83.492546   46.000614
 -83.479385   45.995197
 -83.472404   45.985130
 -83.483253   45.968868
 -83.490990   45.967319
 -83.497192   45.960354
 -83.514999   45.922409
 -83.527390   45.916988
 -83.561462   45.910793
 -83.583145   45.913887
 -83.617218   45.929375
 -83.628830   45.928604
 -83.635803   45.935574
 -83.650513   45.941769
 -83.666000   45.940220
 -83.714783   45.929375
 -83.750404   45.939445
 -83.794540   45.932476
 -83.806931   45.943317
 -83.820099   45.949512
 -83.836357   45.948734
 -83.853394   45.958027
 -83.881271   45.966549
 -83.891335   45.972740
 -83.906052   45.971191
 -83.914566   45.965771
 -83.934708   45.968098
 -83.978065   45.968098
 -83.997421   45.957256
 -84.017563   45.958027
 -84.038467   45.960354
 -84.057823   45.966549
 -84.080276   45.968868
 -84.101181   45.975063
 -84.114136   45.981865
 -84.114311   45.981785
 -84.114166   45.985195
 -84.239288   45.984859
 -84.238808   46.071465
 -84.363014   46.071556
 -84.363266   46.158123
 -85.112358   46.158184
 -85.113045   46.245659

Clare
MI
5
 -85.086998   44.164295
 -84.851784   44.161327
 -84.608025   44.160538
 -84.606064   43.814796
 -85.088768   43.813614

Clinton
MI
6
 -84.836746   43.118786
 -84.367821   43.117870
 -84.363762   42.776001
 -84.363800   42.769901
 -84.602882   42.769840
 -84.837105   42.770576

Crawford
MI
5
 -84.847527   44.858463
 -84.371773   44.854965
 -84.369926   44.507313
 -84.471069   44.510677
 -84.850830   44.510944

Delta
MI
79
 -87.115761   46.158829
 -86.615341   46.158852
 -86.490105   46.158157
 -86.489914   45.896366
 -86.458504   45.896072
 -86.459465   45.758629
 -86.477829   45.757484
 -86.493179   45.748852
 -86.525787   45.747890
 -86.531532   45.725842
 -86.543999   45.708576
 -86.581398   45.686520
 -86.623589   45.653915
 -86.616882   45.614601
 -86.642776   45.614601
 -86.673462   45.626106
 -86.702232   45.646244
 -86.713737   45.660629
 -86.717567   45.679810
 -86.670586   45.717205
 -86.665794   45.730633
 -86.642776   45.743099
 -86.637024   45.761318
 -86.637978   45.770908
 -86.621681   45.785294
 -86.610168   45.780495
 -86.590996   45.782417
 -86.540169   45.847626
 -86.527702   45.857212
 -86.526741   45.867760
 -86.538246   45.887897
 -86.561264   45.900364
 -86.582359   45.895573
 -86.596741   45.877354
 -86.613045   45.877354
 -86.630302   45.861050
 -86.630302   45.841869
 -86.645645   45.835155
 -86.660034   45.835155
 -86.693604   45.841869
 -86.719490   45.838036
 -86.741547   45.863922
 -86.761681   45.865845
 -86.782776   45.858173
 -86.782776   45.844749
 -86.771271   45.810223
 -86.782776   45.793919
 -86.824013   45.754608
 -86.840309   45.719124
 -86.866211   45.708576
 -86.921822   45.697067
 -86.948677   45.685562
 -86.965935   45.669258
 -86.980324   45.694191
 -86.983200   45.713371
 -86.976486   45.745014
 -86.981277   45.779541
 -86.991829   45.812145
 -87.014839   45.838036
 -87.033066   45.837074
 -87.048409   45.823647
 -87.058952   45.807346
 -87.057991   45.735428
 -87.065666   45.722961
 -87.074982   45.714790
 -87.093483   45.702824
 -87.100189   45.685562
 -87.115540   45.685562
 -87.136635   45.677891
 -87.173073   45.659672
 -87.196083   45.638577
 -87.233482   45.585831
 -87.263840   45.550560
 -87.327354   45.550537
 -87.325630   45.898659
 -87.368240   45.899258
 -87.367599   45.985313
 -87.242950   45.985058
 -87.241531   46.158974

Dickinson
MI
53
 -88.117096   46.246681
 -87.615776   46.246849
 -87.616905   45.985931
 -87.617477   45.898716
 -87.696899   45.898632
 -87.697296   45.723026
 -87.846474   45.722584
 -87.855362   45.726982
 -87.863785   45.736431
 -87.862091   45.745060
 -87.876778   45.754421
 -87.898239   45.752544
 -87.904533   45.759205
 -87.911217   45.756580
 -87.917763   45.759415
 -87.921875   45.757030
 -87.929008   45.760406
 -87.945374   45.756645
 -87.952057   45.758461
 -87.960632   45.757607
 -87.964424   45.759083
 -87.966850   45.764065
 -87.986305   45.769642
 -87.989700   45.772987
 -87.980743   45.777020
 -87.987816   45.793121
 -87.991318   45.795437
 -88.006920   45.792236
 -88.017464   45.792500
 -88.027107   45.789234
 -88.039604   45.789673
 -88.041626   45.783779
 -88.058121   45.780743
 -88.071968   45.780304
 -88.079643   45.784996
 -88.094391   45.785915
 -88.103119   45.791405
 -88.107384   45.802711
 -88.129333   45.809334
 -88.135986   45.819077
 -88.133514   45.823174
 -88.088699   45.855907
 -88.082466   45.864990
 -88.075012   45.864880
 -88.075920   45.869255
 -88.069817   45.872852
 -88.083839   45.881233
 -88.095711   45.880089
 -88.101135   45.882328
 -88.105545   45.904434
 -88.095284   45.915222
 -88.102776   45.921917
 -88.116867   45.921757

Eaton
MI
7
 -85.074081   42.770672
 -84.837105   42.770576
 -84.602882   42.769840
 -84.600800   42.421700
 -84.718452   42.421963
 -85.071602   42.421398
 -85.075409   42.612484

Emmet
MI
76
 -85.095695   45.366291
 -85.055984   45.364269
 -85.041115   45.361294
 -85.011848   45.370220
 -84.987541   45.368732
 -84.972664   45.374680
 -84.953827   45.378647
 -84.937950   45.386089
 -84.929024   45.387081
 -84.916130   45.393032
 -84.913651   45.402454
 -84.915138   45.417332
 -84.923073   45.421795
 -84.962753   45.427254
 -84.985558   45.419811
 -85.039627   45.437172
 -85.078796   45.468910
 -85.095665   45.485279
 -85.115997   45.541817
 -85.119469   45.568104
 -85.115349   45.582985
 -85.092690   45.600342
 -85.089714   45.608772
 -85.077805   45.619186
 -85.075821   45.629601
 -85.062927   45.639023
 -85.014328   45.651920
 -85.002426   45.659855
 -84.996475   45.668781
 -84.993500   45.681179
 -84.979111   45.681675
 -84.969696   45.687134
 -84.951843   45.707466
 -84.944397   45.708454
 -84.941917   45.719368
 -84.945389   45.729286
 -84.958786   45.740696
 -84.983574   45.752106
 -85.002922   45.753593
 -85.014328   45.760036
 -85.007385   45.762516
 -84.994492   45.760036
 -84.938942   45.759541
 -84.922577   45.755573
 -84.907204   45.747639
 -84.892815   45.750118
 -84.886864   45.756069
 -84.878937   45.756069
 -84.839256   45.745159
 -84.822891   45.752602
 -84.815445   45.749123
 -84.802551   45.747143
 -84.787186   45.754086
 -84.780243   45.766483
 -84.789665   45.771938
 -84.793137   45.779381
 -84.791153   45.782852
 -84.773788   45.789791
 -84.750481   45.781857
 -84.732361   45.788334
 -84.729691   45.422470
 -84.732475   45.289059
 -84.964432   45.291332
 -84.966949   45.281116
 -84.964615   45.271053
 -84.988602   45.274452
 -85.000549   45.272106
 -85.013649   45.280804
 -85.018890   45.290195
 -85.014755   45.294888
 -85.016098   45.298908
 -85.023460   45.310734
 -85.035522   45.320732
 -85.038704   45.328442
 -85.045677   45.334534
 -85.096230   45.335552

Genesee
MI
11
 -83.695877   43.221397
 -83.460793   43.223034
 -83.458878   43.033710
 -83.453056   42.880299
 -83.452881   42.876057
 -83.689529   42.871246
 -83.686600   42.782970
 -83.922729   42.780880
 -83.930130   42.956448
 -83.929070   43.132683
 -83.932220   43.220112

Gladwin
MI
8
 -84.367889   44.160717
 -84.166031   44.161736
 -84.166260   43.996880
 -84.167015   43.825565
 -84.366272   43.828609
 -84.366570   43.813629
 -84.606064   43.814796
 -84.608025   44.160538

Gogebic
MI
97
 -90.417961   46.566147
 -90.403870   46.571541
 -90.381020   46.586082
 -90.354698   46.597164
 -90.292366   46.607552
 -90.183632   46.639412
 -90.030571   46.672657
 -89.995247   46.692047
 -89.975159   46.709366
 -89.948151   46.720444
 -89.914902   46.742607
 -89.888771   46.765446
 -89.862602   46.765400
 -89.864311   46.592819
 -89.740105   46.592201
 -89.741302   46.505299
 -89.365196   46.505699
 -89.365265   46.333015
 -88.990433   46.333282
 -88.990669   46.097343
 -89.091499   46.138554
 -89.180344   46.155407
 -89.928993   46.299801
 -90.120819   46.337090
 -90.117981   46.341866
 -90.123428   46.346497
 -90.116570   46.350704
 -90.117371   46.357033
 -90.133865   46.372089
 -90.132080   46.381306
 -90.144180   46.390308
 -90.146591   46.399174
 -90.152763   46.401348
 -90.158623   46.413334
 -90.157410   46.421543
 -90.160446   46.423027
 -90.167473   46.441948
 -90.169922   46.439709
 -90.177689   46.440601
 -90.177849   46.456890
 -90.190575   46.460228
 -90.193153   46.463425
 -90.188828   46.469067
 -90.192360   46.468475
 -90.192886   46.472336
 -90.201553   46.476128
 -90.205330   46.484764
 -90.211578   46.490402
 -90.214691   46.500000
 -90.220360   46.503456
 -90.230019   46.501698
 -90.230186   46.509762
 -90.240837   46.505619
 -90.256981   46.504768
 -90.260330   46.502876
 -90.265259   46.504314
 -90.266212   46.507927
 -90.272339   46.504822
 -90.270248   46.511745
 -90.274544   46.515469
 -90.277626   46.514877
 -90.271790   46.519810
 -90.276955   46.524540
 -90.283836   46.518806
 -90.294106   46.521755
 -90.294235   46.518902
 -90.298103   46.517872
 -90.316437   46.516983
 -90.317596   46.521690
 -90.311714   46.528748
 -90.310677   46.539421
 -90.316277   46.540813
 -90.316048   46.545109
 -90.326515   46.546204
 -90.327240   46.551369
 -90.332367   46.551758
 -90.332176   46.553558
 -90.343170   46.552711
 -90.343468   46.550907
 -90.339096   46.549400
 -90.341743   46.548008
 -90.346809   46.549419
 -90.345215   46.545811
 -90.350410   46.537220
 -90.355911   46.540485
 -90.368057   46.541286
 -90.375450   46.539127
 -90.377876   46.535816
 -90.380325   46.536800
 -90.393143   46.532669
 -90.395027   46.534317
 -90.392174   46.536053
 -90.395393   46.536373
 -90.399826   46.544441
 -90.405418   46.547642
 -90.408058   46.554653
 -90.414413   46.557377

Grand Traverse
MI
67
 -85.442284   44.859604
 -85.382141   44.859615
 -85.373070   44.827511
 -85.361977   44.825336
 -85.345284   44.827717
 -85.339409   44.817879
 -85.332977   44.812805
 -85.334007   44.512493
 -85.817459   44.512993
 -85.814934   44.774437
 -85.640434   44.775459
 -85.640488   44.775242
 -85.632355   44.769596
 -85.621849   44.767223
 -85.598808   44.766544
 -85.594406   44.771290
 -85.578827   44.817364
 -85.564255   44.831253
 -85.550026   44.862083
 -85.532745   44.872925
 -85.530708   44.888847
 -85.538849   44.899689
 -85.548676   44.895962
 -85.553413   44.890202
 -85.559174   44.887829
 -85.563911   44.894604
 -85.562225   44.897991
 -85.552399   44.904770
 -85.533424   44.925434
 -85.528679   44.936615
 -85.528008   44.947456
 -85.519875   44.960667
 -85.522247   44.965748
 -85.519539   44.973881
 -85.497177   44.982353
 -85.492767   44.989464
 -85.480576   44.992176
 -85.474815   44.990479
 -85.464989   44.961685
 -85.467026   44.958977
 -85.480911   44.962360
 -85.486671   44.958977
 -85.485992   44.943050
 -85.491081   44.924419
 -85.488029   44.915272
 -85.489044   44.903412
 -85.493111   44.882408
 -85.498528   44.872246
 -85.499207   44.856323
 -85.509369   44.848190
 -85.539520   44.835320
 -85.557816   44.812962
 -85.559845   44.786198
 -85.574417   44.763836
 -85.573067   44.757061
 -85.562561   44.751640
 -85.542564   44.747574
 -85.526985   44.747574
 -85.518852   44.757736
 -85.503952   44.768917
 -85.505302   44.782467
 -85.509033   44.786533
 -85.507004   44.795006
 -85.498528   44.803810
 -85.470070   44.816010
 -85.462959   44.823799
 -85.462616   44.831932

Gratiot
MI
8
 -84.607567   43.465946
 -84.369896   43.466080
 -84.367798   43.128265
 -84.367821   43.117870
 -84.836746   43.118786
 -84.835159   43.292099
 -84.845421   43.292255
 -84.845993   43.466049

Hillsdale
MI
8
 -84.709656   42.070335
 -84.362953   42.073437
 -84.360603   41.706573
 -84.399483   41.705711
 -84.806129   41.696041
 -84.805931   41.760166
 -84.825241   41.759941
 -84.826401   42.072533

Houghton
MI
41
 -88.512260   47.286018
 -88.298897   47.286121
 -88.298401   47.199837
 -88.227852   47.199871
 -88.228004   47.199783
 -88.238037   47.182804
 -88.241440   47.163261
 -88.234642   47.143711
 -88.286484   47.117367
 -88.295822   47.098671
 -88.320473   47.087624
 -88.351067   47.057030
 -88.365509   47.025585
 -88.407150   46.978844
 -88.430954   46.973743
 -88.442848   46.968643
 -88.451477   46.938866
 -88.552017   46.938473
 -88.551849   46.851189
 -88.678802   46.851727
 -88.679024   46.764889
 -88.676521   46.764675
 -88.675873   46.730412
 -88.678566   46.723026
 -88.679558   46.420139
 -88.990913   46.419743
 -88.989227   46.680187
 -88.864433   46.679417
 -88.863647   46.764927
 -88.932198   46.764919
 -88.933128   47.031681
 -88.933182   47.033157
 -88.920456   47.047680
 -88.909409   47.074875
 -88.889008   47.101219
 -88.855019   47.114815
 -88.789581   47.149658
 -88.695251   47.207451
 -88.656158   47.225296
 -88.611115   47.238045
 -88.578827   47.241444

Huron
MI
54
 -83.467361   43.728939
 -83.431923   43.784557
 -83.411880   43.807632
 -83.402161   43.810669
 -83.392448   43.825851
 -83.390015   43.834961
 -83.391235   43.846497
 -83.383942   43.853176
 -83.360268   43.856819
 -83.336586   43.877464
 -83.326256   43.882324
 -83.328079   43.899326
 -83.346901   43.904793
 -83.348724   43.910255
 -83.344475   43.914509
 -83.309258   43.919971
 -83.293465   43.929688
 -83.267960   43.959442
 -83.261887   43.974625
 -83.223633   43.981304
 -83.198128   43.983124
 -83.183563   43.981911
 -83.167770   43.986767
 -83.139229   43.991020
 -83.111298   44.004379
 -83.085793   44.000736
 -83.062721   44.004986
 -83.044502   44.015308
 -83.039032   44.031097
 -83.026886   44.046883
 -83.014137   44.045063
 -83.002571   44.047050
 -82.983734   44.055054
 -82.969116   44.066017
 -82.959068   44.067844
 -82.928917   44.069668
 -82.902428   44.060532
 -82.877762   44.045918
 -82.854912   44.040432
 -82.833900   44.038609
 -82.791870   44.023075
 -82.746193   43.996578
 -82.695030   43.921661
 -82.680405   43.892426
 -82.665794   43.875065
 -82.654831   43.868668
 -82.642952   43.835781
 -82.632904   43.831207
 -82.621933   43.785526
 -82.608231   43.706039
 -82.606895   43.690239
 -82.639793   43.689796
 -83.117844   43.675430
 -83.466507   43.667603

Ingham
MI
7
 -84.363762   42.776001
 -84.158203   42.776600
 -84.142105   42.553600
 -84.140800   42.424599
 -84.600800   42.421700
 -84.602882   42.769840
 -84.363800   42.769901

Ionia
MI
5
 -85.312462   43.118889
 -84.836746   43.118786
 -84.837105   42.770576
 -85.074081   42.770672
 -85.309715   42.769958

Iosco
MI
30
 -83.886719   44.508896
 -83.318665   44.511169
 -83.317192   44.500191
 -83.315918   44.493576
 -83.317963   44.484421
 -83.327461   44.429768
 -83.320053   44.407436
 -83.333794   44.372471
 -83.333359   44.337502
 -83.343773   44.329746
 -83.347153   44.331642
 -83.364342   44.332573
 -83.372398   44.328457
 -83.403984   44.300308
 -83.412331   44.296127
 -83.419266   44.287785
 -83.426239   44.271877
 -83.444847   44.263992
 -83.444878   44.272816
 -83.453468   44.276585
 -83.481438   44.280029
 -83.498581   44.276981
 -83.513542   44.269535
 -83.535309   44.251465
 -83.548393   44.228981
 -83.553001   44.203129
 -83.564972   44.163364
 -83.578850   44.163158
 -83.884361   44.161842
 -83.883736   44.392380

Iron
MI
116
 -88.990913   46.419743
 -88.679558   46.420139
 -88.116867   46.419682
 -88.117096   46.246681
 -88.116867   45.921757
 -88.126839   45.921799
 -88.127296   45.926201
 -88.140869   45.930656
 -88.146980   45.937290
 -88.154228   45.937260
 -88.161591   45.940479
 -88.165039   45.938442
 -88.171165   45.940056
 -88.177879   45.947159
 -88.191856   45.952789
 -88.197495   45.953129
 -88.201981   45.949883
 -88.201721   45.945221
 -88.209457   45.944328
 -88.222031   45.948559
 -88.233009   45.947453
 -88.239532   45.949028
 -88.245613   45.954197
 -88.247261   45.963558
 -88.254677   45.963585
 -88.259209   45.959541
 -88.269081   45.956486
 -88.284904   45.955528
 -88.292252   45.951164
 -88.319542   45.963779
 -88.320396   45.960007
 -88.327675   45.955322
 -88.330170   45.956673
 -88.327744   45.958981
 -88.330040   45.966110
 -88.337936   45.970131
 -88.341774   45.969376
 -88.345573   45.974453
 -88.371254   45.985527
 -88.380051   45.991699
 -88.385101   45.990284
 -88.388710   45.982719
 -88.409737   45.979733
 -88.416000   45.975346
 -88.422913   45.978592
 -88.425995   45.984283
 -88.433334   45.985336
 -88.439598   45.990501
 -88.450195   45.990227
 -88.454124   45.993473
 -88.454231   45.997562
 -88.458527   45.999435
 -88.470718   46.001049
 -88.474564   45.998817
 -88.475868   45.992870
 -88.486099   45.990993
 -88.492439   45.992268
 -88.498009   45.995880
 -88.496765   45.999058
 -88.500648   46.000721
 -88.506348   46.011192
 -88.507057   46.018345
 -88.532280   46.021255
 -88.532417   46.018242
 -88.540947   46.013809
 -88.550621   46.012939
 -88.565353   46.015751
 -88.580536   46.007019
 -88.588875   46.005119
 -88.593727   46.015175
 -88.601311   46.017643
 -88.607834   46.006851
 -88.612320   46.004772
 -88.611526   45.998421
 -88.615685   45.993938
 -88.614044   45.988819
 -88.633926   45.988045
 -88.637367   45.985004
 -88.647400   45.988571
 -88.652374   45.987713
 -88.657631   45.989330
 -88.663040   45.987366
 -88.663895   45.989079
 -88.670586   45.988487
 -88.663269   45.992718
 -88.671135   45.999069
 -88.674934   46.011185
 -88.683189   46.014057
 -88.703217   46.018246
 -88.707870   46.015205
 -88.711906   46.016277
 -88.712921   46.012711
 -88.718269   46.013329
 -88.721878   46.017395
 -88.721001   46.022057
 -88.724670   46.024548
 -88.739861   46.027351
 -88.758492   46.019585
 -88.770416   46.025536
 -88.769585   46.019012
 -88.779785   46.015480
 -88.783882   46.023029
 -88.778610   46.031734
 -88.784462   46.032700
 -88.788643   46.028667
 -88.796059   46.033756
 -88.800545   46.030079
 -88.796112   46.026897
 -88.796326   46.023647
 -88.815872   46.020630
 -88.818916   46.026302
 -88.838844   46.029625
 -88.850143   46.040321
 -88.932411   46.073662
 -88.990669   46.097343
 -88.990433   46.333282

Isabella
MI
5
 -85.088768   43.813614
 -84.606064   43.814796
 -84.607567   43.465946
 -84.845993   43.466049
 -85.084877   43.466213

Jackson
MI
11
 -84.140800   42.424599
 -84.131134   42.424480
 -84.130997   42.242699
 -84.133797   42.169800
 -84.131203   42.072102
 -84.180702   42.073799
 -84.362953   42.073437
 -84.709656   42.070335
 -84.717010   42.250000
 -84.718452   42.421963
 -84.600800   42.421700

Kalamazoo
MI
6
 -85.764290   42.420700
 -85.543198   42.421101
 -85.299400   42.419498
 -85.293556   42.071503
 -85.762863   42.069344
 -85.766136   42.244003

Kalkaska
MI
9
 -85.332977   44.812805
 -85.316093   44.821720
 -85.320808   44.827179
 -85.321365   44.841835
 -85.327141   44.850758
 -85.291801   44.859554
 -84.847527   44.858463
 -84.850830   44.510944
 -85.334007   44.512493

Kent
MI
9
 -85.790619   43.293053
 -85.562881   43.294495
 -85.312241   43.294365
 -85.312462   43.118889
 -85.309715   42.769958
 -85.545403   42.768101
 -85.782501   42.768101
 -85.781906   42.911499
 -85.790779   43.205124

Keweenaw
MI
41
 -89.163414   47.821800
 -89.191917   47.829784
 -89.263756   47.865128
 -89.247787   47.890213
 -89.202187   47.924416
 -88.995819   48.000805
 -88.894341   48.033867
 -88.840752   48.046413
 -88.788307   48.062370
 -88.772346   48.070354
 -88.766640   48.084038
 -88.684639   48.111115
 -88.673149   48.125080
 -88.636665   48.146744
 -88.591064   48.159286
 -88.560280   48.157005
 -88.493011   48.174107
 -88.459946   48.185509
 -88.424599   48.190071
 -88.417763   48.184368
 -88.416618   48.168407
 -88.449677   48.158150
 -88.465637   48.143326
 -88.563698   48.090878
 -88.572815   48.072636
 -88.575096   48.055531
 -88.691391   47.999664
 -88.749542   47.984844
 -88.803131   47.982563
 -88.849869   47.963181
 -88.890923   47.949501
 -88.921707   47.934677
 -88.952492   47.926697
 -88.959328   47.909592
 -88.939941   47.899330
 -88.900040   47.899330
 -88.916000   47.886787
 -88.947929   47.876530
 -88.994675   47.867409
 -89.056236   47.851444
 -89.123512   47.825218

Keweenaw
MI
36
 -88.512260   47.286018
 -88.477127   47.312702
 -88.468079   47.330799
 -88.420830   47.372017
 -88.366554   47.394135
 -88.286125   47.422283
 -88.218765   47.450432
 -88.088081   47.469532
 -88.009674   47.476566
 -87.949348   47.478580
 -87.803581   47.470535
 -87.766396   47.461487
 -87.715118   47.439373
 -87.711098   47.419270
 -87.712105   47.398155
 -87.767395   47.393127
 -87.816658   47.383076
 -87.844803   47.391121
 -87.882004   47.393127
 -87.909134   47.393127
 -87.952370   47.387096
 -87.964432   47.372017
 -87.957390   47.357944
 -87.939293   47.346886
 -87.942314   47.333817
 -87.980515   47.323765
 -88.013687   47.306671
 -88.057922   47.295616
 -88.096130   47.261436
 -88.158455   47.221226
 -88.194641   47.210163
 -88.210732   47.210163
 -88.227852   47.199871
 -88.298401   47.199837
 -88.298897   47.286121
 -88.512260   47.286018

Lake
MI
7
 -85.821198   44.164314
 -85.564613   44.164902
 -85.562248   43.815491
 -85.861450   43.813988
 -86.038696   43.815651
 -86.042183   44.168049
 -85.946518   44.165108

Lapeer
MI
13
 -83.460793   43.223034
 -83.460716   43.232727
 -83.351990   43.235088
 -83.354614   43.322273
 -83.120499   43.326927
 -83.119270   43.283882
 -83.000626   43.284676
 -82.996429   43.154072
 -82.983856   42.893562
 -83.027069   42.890091
 -83.100853   42.888332
 -83.453056   42.880299
 -83.458878   43.033710

Leelanau
MI
56
 -86.075340   44.778381
 -86.078705   44.793407
 -86.067474   44.811256
 -86.064827   44.833073
 -86.072762   44.887936
 -86.064171   44.908428
 -86.040367   44.915039
 -86.029129   44.906448
 -86.011948   44.900497
 -85.989464   44.900497
 -85.972946   44.913715
 -85.966995   44.929585
 -85.937904   44.963295
 -85.923363   44.969906
 -85.897583   44.962635
 -85.879074   44.944122
 -85.861221   44.937515
 -85.832138   44.940159
 -85.805038   44.951397
 -85.795120   44.964615
 -85.778595   44.979820
 -85.775291   45.001637
 -85.745544   45.052536
 -85.701912   45.072369
 -85.679443   45.092861
 -85.652336   45.149708
 -85.617302   45.187389
 -85.604744   45.180775
 -85.586235   45.180115
 -85.570366   45.188049
 -85.549217   45.211185
 -85.538643   45.209866
 -85.525414   45.188049
 -85.533356   45.173504
 -85.551857   45.165573
 -85.569702   45.153675
 -85.588882   45.153011
 -85.599457   45.147724
 -85.614655   45.125912
 -85.598793   45.092201
 -85.584251   45.071705
 -85.584251   45.054520
 -85.599457   45.034027
 -85.598793   44.989735
 -85.603424   44.939499
 -85.601440   44.924957
 -85.626556   44.920326
 -85.630524   44.905125
 -85.639122   44.890579
 -85.647049   44.883308
 -85.651016   44.830429
 -85.641762   44.809273
 -85.633835   44.801338
 -85.640434   44.775459
 -85.814934   44.774437
 -86.008675   44.778736

Leelanau
MI
20
 -86.000000   45.053905
 -86.008667   45.057728
 -86.019783   45.071674
 -86.038681   45.088440
 -86.058563   45.100792
 -86.060051   45.121231
 -86.065536   45.138771
 -86.059303   45.152309
 -86.047958   45.159397
 -86.000000   45.154465
 -85.989326   45.151089
 -85.976723   45.138378
 -85.976341   45.120720
 -85.980347   45.113060
 -85.983879   45.086330
 -85.978119   45.073872
 -85.964569   45.066078
 -85.961952   45.061714
 -85.979668   45.062328
 -86.000000   45.053905

Leelanau
MI
14
 -86.133560   44.996883
 -86.155312   45.002834
 -86.156334   45.013401
 -86.140472   45.041096
 -86.119171   45.048489
 -86.084305   45.039173
 -86.077240   45.029617
 -86.093361   45.031673
 -86.101799   45.022820
 -86.099342   45.014637
 -86.091476   45.010384
 -86.095406   45.006565
 -86.115608   44.999100
 -86.133560   44.996883

Lenawee
MI
9
 -84.131203   42.072102
 -84.007645   42.074295
 -84.007813   42.077847
 -83.774017   42.082394
 -83.763107   41.723499
 -83.880600   41.720032
 -84.360603   41.706573
 -84.362953   42.073437
 -84.180702   42.073799

Livingston
MI
9
 -83.922729   42.780880
 -83.686600   42.782970
 -83.682785   42.689064
 -83.664238   42.431961
 -83.944801   42.424099
 -84.131134   42.424480
 -84.140800   42.424599
 -84.142105   42.553600
 -84.158203   42.776600

Luce
MI
15
 -85.863152   46.690144
 -85.840897   46.688908
 -85.772118   46.678890
 -85.714264   46.677158
 -85.656616   46.680244
 -85.587212   46.674625
 -85.501244   46.676414
 -85.405014   46.703671
 -85.293419   46.743778
 -85.255219   46.753242
 -85.237495   46.755394
 -85.238945   46.625000
 -85.237755   46.245399
 -85.865059   46.244579
 -85.864815   46.504795

Mackinac
MI
69
 -85.865059   46.244579
 -85.237755   46.245399
 -85.113045   46.245659
 -85.112358   46.158184
 -84.363266   46.158123
 -84.363014   46.071556
 -84.238808   46.071465
 -84.239288   45.984859
 -84.114166   45.985195
 -84.114311   45.981785
 -84.131569   45.974030
 -84.191597   45.970947
 -84.215462   45.967098
 -84.258560   45.955555
 -84.296280   45.953247
 -84.323982   45.954018
 -84.343224   45.944012
 -84.377861   45.930923
 -84.433273   45.957863
 -84.461754   45.967098
 -84.514091   45.970181
 -84.532562   45.967869
 -84.535637   45.979416
 -84.534874   45.995575
 -84.553345   46.024822
 -84.568733   46.032520
 -84.594139   46.026363
 -84.610298   46.026363
 -84.633385   46.037907
 -84.649551   46.049454
 -84.667259   46.050224
 -84.691109   46.031754
 -84.691879   46.014050
 -84.684952   45.999424
 -84.685730   45.972488
 -84.690346   45.969406
 -84.701118   45.970181
 -84.729187   45.962418
 -84.734612   45.933910
 -84.729187   45.893196
 -84.712898   45.861980
 -84.699318   45.852474
 -84.726463   45.842976
 -84.759041   45.841621
 -84.791618   45.856552
 -84.825546   45.867409
 -84.912407   45.921700
 -84.939552   45.959702
 -84.997917   46.001778
 -85.052208   46.019421
 -85.098351   46.024849
 -85.148567   46.047924
 -85.217789   46.057423
 -85.278862   46.070995
 -85.333160   46.089996
 -85.405090   46.096783
 -85.477020   46.095428
 -85.521812   46.091354
 -85.589684   46.041138
 -85.618179   46.004494
 -85.671112   45.965134
 -85.710472   45.961060
 -85.763405   45.965134
 -85.797333   45.978703
 -85.825844   45.977345
 -85.843483   45.965134
 -85.865196   45.968182
 -85.865479   45.968166
 -85.864151   46.042007

Macomb
MI
45
 -83.100853   42.888332
 -83.027069   42.890091
 -82.983856   42.893562
 -82.738930   42.897480
 -82.728752   42.706108
 -82.719421   42.702946
 -82.722801   42.700607
 -82.705582   42.686729
 -82.706963   42.686192
 -82.706917   42.686035
 -82.706223   42.683548
 -82.707817   42.683586
 -82.721153   42.683910
 -82.731003   42.680302
 -82.736000   42.673000
 -82.747101   42.672600
 -82.758400   42.665501
 -82.759804   42.656399
 -82.780907   42.652199
 -82.792503   42.655102
 -82.803307   42.650398
 -82.813797   42.640099
 -82.819397   42.626099
 -82.819107   42.616299
 -82.793503   42.603699
 -82.786903   42.592999
 -82.788597   42.585400
 -82.781601   42.571602
 -82.782501   42.564800
 -82.784599   42.563599
 -82.789200   42.568401
 -82.796799   42.570999
 -82.809799   42.571602
 -82.832901   42.568298
 -82.844307   42.561901
 -82.851105   42.548901
 -82.868202   42.532101
 -82.882401   42.500999
 -82.882202   42.472198
 -82.874001   42.462399
 -82.870300   42.451199
 -82.870445   42.450733
 -82.938400   42.450500
 -83.083397   42.447201
 -83.098869   42.785229

Manistee
MI
18
 -86.234245   44.518501
 -86.010513   44.513756
 -85.817459   44.512993
 -85.821388   44.374683
 -85.821198   44.164314
 -85.946518   44.165108
 -86.042183   44.168049
 -86.378723   44.178677
 -86.388809   44.178780
 -86.371178   44.196796
 -86.347366   44.238235
 -86.344727   44.248817
 -86.323563   44.266453
 -86.312981   44.287613
 -86.268013   44.344925
 -86.248619   44.411938
 -86.247734   44.433979
 -86.252144   44.466599

Marquette
MI
35
 -88.044106   46.912094
 -87.957985   46.910324
 -87.900742   46.912811
 -87.824837   46.890411
 -87.740227   46.854328
 -87.630722   46.813263
 -87.595871   46.780910
 -87.587166   46.741093
 -87.471443   46.632832
 -87.440895   46.596928
 -87.411224   46.592297
 -87.397316   46.585896
 -87.381615   46.593197
 -87.379463   46.582279
 -87.391098   46.569469
 -87.376663   46.545887
 -87.392784   46.535294
 -87.384338   46.522083
 -87.337051   46.497196
 -87.233765   46.488487
 -87.174042   46.493465
 -87.116249   46.495193
 -87.114578   46.495941
 -87.115761   46.158829
 -87.241531   46.158974
 -87.242950   45.985058
 -87.367599   45.985313
 -87.616905   45.985931
 -87.615776   46.246849
 -88.117096   46.246681
 -88.116867   46.419682
 -88.115662   46.678360
 -87.991386   46.679329
 -87.991501   46.765251
 -88.044647   46.765427

Mason
MI
16
 -86.388809   44.178780
 -86.378723   44.178677
 -86.042183   44.168049
 -86.038696   43.815651
 -86.430870   43.819733
 -86.430840   43.819927
 -86.433395   43.851669
 -86.445503   43.893246
 -86.451584   43.933517
 -86.462738   43.969761
 -86.513458   44.043800
 -86.515419   44.057266
 -86.505569   44.071445
 -86.448288   44.105003
 -86.421021   44.129475
 -86.403427   44.152752

Mecosta
MI
4
 -85.562248   43.815491
 -85.088768   43.813614
 -85.084877   43.466213
 -85.562149   43.468437

Menominee
MI
148
 -87.616905   45.985931
 -87.367599   45.985313
 -87.368240   45.899258
 -87.325630   45.898659
 -87.327354   45.550537
 -87.263840   45.550560
 -87.264282   45.550049
 -87.265022   45.539303
 -87.285507   45.507359
 -87.331375   45.445927
 -87.336288   45.415619
 -87.356766   45.406612
 -87.362495   45.390228
 -87.372330   45.379581
 -87.391983   45.366474
 -87.396080   45.347637
 -87.421471   45.323879
 -87.437042   45.304222
 -87.447685   45.285385
 -87.502571   45.231323
 -87.535332   45.202656
 -87.584473   45.166615
 -87.599823   45.149517
 -87.609558   45.131496
 -87.611397   45.119514
 -87.605675   45.109280
 -87.590103   45.095280
 -87.591774   45.094704
 -87.627533   45.103344
 -87.631432   45.106239
 -87.648087   45.106384
 -87.652405   45.108646
 -87.659851   45.107529
 -87.661194   45.112583
 -87.672340   45.121311
 -87.678101   45.130100
 -87.675865   45.135456
 -87.683792   45.144154
 -87.692268   45.149525
 -87.703384   45.152225
 -87.708092   45.157883
 -87.717842   45.161175
 -87.728302   45.169968
 -87.735748   45.172020
 -87.741623   45.198223
 -87.736229   45.204678
 -87.726089   45.209412
 -87.726845   45.218971
 -87.721245   45.226868
 -87.724876   45.232162
 -87.718155   45.238358
 -87.711487   45.239540
 -87.711205   45.252419
 -87.707649   45.258659
 -87.710197   45.259399
 -87.705536   45.266129
 -87.698669   45.269444
 -87.698135   45.281536
 -87.690063   45.290657
 -87.687386   45.298080
 -87.678978   45.305862
 -87.672821   45.307579
 -87.661591   45.320766
 -87.661491   45.327633
 -87.647659   45.340588
 -87.647614   45.350746
 -87.656517   45.358643
 -87.657234   45.368778
 -87.673401   45.376972
 -87.674904   45.382481
 -87.690170   45.389847
 -87.699677   45.387955
 -87.708214   45.381245
 -87.720406   45.376328
 -87.738708   45.356880
 -87.750816   45.355064
 -87.753990   45.349468
 -87.762016   45.348427
 -87.769066   45.351223
 -87.782967   45.349751
 -87.790215   45.353474
 -87.809967   45.351295
 -87.822922   45.352680
 -87.826805   45.350567
 -87.832504   45.352276
 -87.838036   45.345127
 -87.850021   45.340466
 -87.850304   45.347519
 -87.863373   45.353046
 -87.865234   45.362125
 -87.869057   45.366081
 -87.875732   45.365047
 -87.870255   45.356297
 -87.882256   45.351257
 -87.888130   45.355835
 -87.884743   45.362820
 -87.871376   45.371574
 -87.875313   45.379402
 -87.859306   45.388256
 -87.856720   45.393135
 -87.859016   45.398994
 -87.849541   45.403088
 -87.850426   45.411716
 -87.857040   45.417938
 -87.861588   45.434505
 -87.844704   45.448444
 -87.835449   45.451134
 -87.831100   45.457214
 -87.812866   45.464191
 -87.805656   45.473171
 -87.806778   45.479122
 -87.798851   45.485180
 -87.798058   45.493698
 -87.792656   45.500000
 -87.793098   45.505058
 -87.798683   45.506321
 -87.802132   45.513092
 -87.803268   45.538307
 -87.813622   45.548653
 -87.832848   45.559498
 -87.831741   45.567772
 -87.810303   45.565346
 -87.805984   45.562901
 -87.792259   45.563091
 -87.788681   45.565983
 -87.786652   45.582863
 -87.777077   45.588535
 -87.774559   45.602058
 -87.777824   45.604485
 -87.780731   45.614635
 -87.795761   45.618885
 -87.796867   45.623650
 -87.804359   45.628971
 -87.810074   45.638767
 -87.824272   45.647747
 -87.823586   45.662544
 -87.803169   45.666531
 -87.795235   45.671371
 -87.781502   45.673321
 -87.782104   45.683090
 -87.808952   45.699757
 -87.804962   45.705013
 -87.810020   45.710266
 -87.832565   45.715351
 -87.846474   45.722584
 -87.697296   45.723026
 -87.696899   45.898632
 -87.617477   45.898716

Midland
MI
9
 -84.606064   43.814796
 -84.366570   43.813629
 -84.366272   43.828609
 -84.167015   43.825565
 -84.167923   43.568756
 -84.170517   43.481880
 -84.369690   43.481625
 -84.369896   43.466080
 -84.607567   43.465946

Missaukee
MI
7
 -85.334007   44.512493
 -84.850830   44.510944
 -84.855927   44.422230
 -84.851784   44.161327
 -85.086998   44.164295
 -85.334641   44.165108
 -85.338280   44.425400

Monroe
MI
75
 -83.774017   42.082394
 -83.539459   42.085461
 -83.420723   42.087624
 -83.420792   42.093452
 -83.295212   42.094227
 -83.288002   42.089600
 -83.285904   42.090900
 -83.287308   42.088200
 -83.283501   42.089802
 -83.281403   42.083199
 -83.277199   42.082298
 -83.280106   42.081799
 -83.279305   42.080002
 -83.274902   42.079601
 -83.277000   42.076401
 -83.269707   42.075901
 -83.267105   42.069099
 -83.258003   42.074001
 -83.254707   42.068802
 -83.251305   42.068199
 -83.254799   42.064400
 -83.250198   42.063801
 -83.249062   42.060802
 -83.243866   42.061775
 -83.237099   42.057941
 -83.234039   42.058788
 -83.232758   42.055115
 -83.229294   42.054604
 -83.230598   42.048698
 -83.219521   42.048817
 -83.214409   42.042473
 -83.210381   42.044216
 -83.210144   42.040440
 -83.200790   42.039120
 -83.199066   42.034756
 -83.190353   42.032803
 -83.184700   42.028557
 -83.181435   42.019855
 -83.182480   42.015144
 -83.190338   42.005714
 -83.192963   42.007023
 -83.192429   42.012264
 -83.198982   42.018284
 -83.202118   42.018284
 -83.205009   42.015667
 -83.207886   42.000217
 -83.215218   41.997856
 -83.245476   41.976044
 -83.255936   41.960930
 -83.257484   41.953178
 -83.253227   41.944653
 -83.264847   41.930317
 -83.269890   41.937675
 -83.289261   41.944263
 -83.303215   41.943493
 -83.315613   41.936516
 -83.326080   41.924889
 -83.331505   41.913651
 -83.334991   41.891563
 -83.341576   41.880325
 -83.365990   41.865601
 -83.385368   41.866760
 -83.403969   41.841183
 -83.410172   41.827621
 -83.418694   41.821033
 -83.432648   41.818707
 -83.438850   41.813667
 -83.443115   41.788868
 -83.438263   41.771721
 -83.424118   41.740719
 -83.436134   41.741009
 -83.443588   41.745953
 -83.450089   41.745953
 -83.453880   41.732674
 -83.763107   41.723499

Montcalm
MI
9
 -85.562149   43.468437
 -85.084877   43.466213
 -84.845993   43.466049
 -84.845421   43.292255
 -84.835159   43.292099
 -84.836746   43.118786
 -85.312462   43.118889
 -85.312241   43.294365
 -85.562881   43.294495

Montmorency
MI
8
 -84.366806   45.198753
 -84.246712   45.198830
 -84.003777   45.198345
 -83.881393   45.202061
 -83.881233   45.030308
 -83.889725   45.030392
 -83.888611   44.856316
 -84.371773   44.854965

Muskegon
MI
14
 -86.461662   43.472607
 -86.407104   43.472366
 -86.039360   43.467175
 -86.038750   43.293472
 -85.790619   43.293053
 -85.790779   43.205124
 -85.908737   43.205971
 -85.907303   43.118900
 -86.190865   43.117455
 -86.271858   43.117783
 -86.280968   43.135216
 -86.307129   43.180286
 -86.373131   43.281700
 -86.425041   43.371040

Newaygo
MI
8
 -86.038696   43.815651
 -85.861450   43.813988
 -85.562248   43.815491
 -85.562149   43.468437
 -85.562881   43.294495
 -85.790619   43.293053
 -86.038750   43.293472
 -86.039360   43.467175

Oakland
MI
10
 -83.453056   42.880299
 -83.100853   42.888332
 -83.098869   42.785229
 -83.083397   42.447201
 -83.551804   42.434898
 -83.664238   42.431961
 -83.682785   42.689064
 -83.686600   42.782970
 -83.689529   42.871246
 -83.452881   42.876057

Oceana
MI
13
 -86.430870   43.819733
 -86.038696   43.815651
 -86.039360   43.467175
 -86.407104   43.472366
 -86.461662   43.472607
 -86.471558   43.500000
 -86.529709   43.593868
 -86.540337   43.627525
 -86.540230   43.650715
 -86.529106   43.677883
 -86.475372   43.731651
 -86.454002   43.756870
 -86.435074   43.795319

Ogemaw
MI
6
 -84.369926   44.507313
 -83.886719   44.508896
 -83.883736   44.392380
 -83.884361   44.161842
 -84.166031   44.161736
 -84.367889   44.160717

Ontonagon
MI
35
 -89.888771   46.765446
 -89.868950   46.782753
 -89.832672   46.802647
 -89.789368   46.817860
 -89.722664   46.829563
 -89.677025   46.830730
 -89.640747   46.821373
 -89.592766   46.828392
 -89.551811   46.837757
 -89.512016   46.840096
 -89.473396   46.835415
 -89.412544   46.843609
 -89.325943   46.876377
 -89.248703   46.900951
 -89.200722   46.931377
 -89.174973   46.961803
 -89.145721   46.985210
 -89.116463   46.993404
 -89.034546   46.998085
 -88.987724   46.996910
 -88.952621   47.010956
 -88.933182   47.033157
 -88.933128   47.031681
 -88.932198   46.764919
 -88.863647   46.764927
 -88.864433   46.679417
 -88.989227   46.680187
 -88.990913   46.419743
 -88.990433   46.333282
 -89.365265   46.333015
 -89.365196   46.505699
 -89.741302   46.505299
 -89.740105   46.592201
 -89.864311   46.592819
 -89.862602   46.765400

Osceola
MI
5
 -85.564613   44.164902
 -85.334641   44.165108
 -85.086998   44.164295
 -85.088768   43.813614
 -85.562248   43.815491

Oscoda
MI
4
 -84.371773   44.854965
 -83.888611   44.856316
 -83.886719   44.508896
 -84.369926   44.507313

Otsego
MI
8
 -84.734047   45.202000
 -84.366806   45.198753
 -84.371773   44.854965
 -84.847527   44.858463
 -84.849373   45.029381
 -84.857307   45.029816
 -84.856651   45.116337
 -84.734642   45.114700

Ottawa
MI
12
 -86.271858   43.117783
 -86.190865   43.117455
 -85.907303   43.118900
 -85.908737   43.205971
 -85.790779   43.205124
 -85.781906   42.911499
 -85.782501   42.768101
 -86.209267   42.768513
 -86.215569   42.911053
 -86.220253   42.951832
 -86.234627   43.022430
 -86.261406   43.097775

Presque Isle
MI
43
 -84.205177   45.626186
 -84.157974   45.587109
 -84.140854   45.577477
 -84.126945   45.561428
 -84.129089   45.547520
 -84.123734   45.528259
 -84.110893   45.504719
 -84.077728   45.491879
 -84.053123   45.487598
 -84.038139   45.496159
 -84.016739   45.496159
 -83.994270   45.490807
 -83.963242   45.495087
 -83.920441   45.487598
 -83.895828   45.474758
 -83.839119   45.435169
 -83.811302   45.423401
 -83.783478   45.414841
 -83.736397   45.412701
 -83.710716   45.413773
 -83.698952   45.397720
 -83.662575   45.383812
 -83.628334   45.364552
 -83.612282   45.363480
 -83.601585   45.358131
 -83.536308   45.358131
 -83.509567   45.346359
 -83.464622   45.332451
 -83.445366   45.309978
 -83.381165   45.272533
 -83.384377   45.260761
 -83.391861   45.252205
 -83.407913   45.252205
 -83.412193   45.238293
 -83.388512   45.207184
 -83.514198   45.207199
 -83.881393   45.202061
 -84.003777   45.198345
 -84.246712   45.198830
 -84.246529   45.281979
 -84.249245   45.281963
 -84.247452   45.431931
 -84.251976   45.626122

Roscommon
MI
7
 -84.850830   44.510944
 -84.471069   44.510677
 -84.369926   44.507313
 -84.367889   44.160717
 -84.608025   44.160538
 -84.851784   44.161327
 -84.855927   44.422230

Saginaw
MI
14
 -84.167923   43.568756
 -84.050003   43.567215
 -84.050911   43.523937
 -83.817307   43.522400
 -83.817726   43.478863
 -83.698830   43.478935
 -83.695877   43.221397
 -83.932220   43.220112
 -83.929070   43.132683
 -84.168251   43.128635
 -84.367798   43.128265
 -84.369896   43.466080
 -84.369690   43.481625
 -84.170517   43.481880

Sanilac
MI
21
 -83.117844   43.675430
 -82.639793   43.689796
 -82.606895   43.690239
 -82.600327   43.612656
 -82.588943   43.560959
 -82.570480   43.507980
 -82.554810   43.479229
 -82.539665   43.421486
 -82.534416   43.376873
 -82.537621   43.354362
 -82.529869   43.313225
 -82.528511   43.278736
 -82.516518   43.212551
 -82.508690   43.189289
 -82.503326   43.168644
 -82.505669   43.168617
 -82.996429   43.154072
 -83.000626   43.284676
 -83.119270   43.283882
 -83.120499   43.326927
 -83.103874   43.327324

Schoolcraft
MI
38
 -85.864815   46.504795
 -85.865059   46.244579
 -85.864151   46.042007
 -85.865479   45.968166
 -85.889168   45.966942
 -85.920494   45.947838
 -85.924309   45.935612
 -85.915146   45.926445
 -85.913612   45.920334
 -85.921257   45.918804
 -85.954880   45.936375
 -85.990784   45.948601
 -86.071007   45.963120
 -86.111504   45.963120
 -86.134422   45.959297
 -86.148178   45.951656
 -86.200134   45.962353
 -86.220001   45.957767
 -86.236809   45.947071
 -86.261253   45.947071
 -86.320847   45.907345
 -86.345299   45.821007
 -86.348351   45.797325
 -86.356758   45.788151
 -86.372040   45.786625
 -86.390373   45.792736
 -86.406425   45.795033
 -86.421707   45.789680
 -86.430870   45.763702
 -86.439270   45.759884
 -86.459465   45.758629
 -86.458504   45.896072
 -86.489914   45.896366
 -86.490105   46.158157
 -86.615341   46.158852
 -86.615402   46.333263
 -86.365105   46.331692
 -86.364639   46.505814

Shiawassee
MI
8
 -84.367798   43.128265
 -84.168251   43.128635
 -83.929070   43.132683
 -83.930130   42.956448
 -83.922729   42.780880
 -84.158203   42.776600
 -84.363762   42.776001
 -84.367821   43.117870

St. Clair
MI
73
 -82.996429   43.154072
 -82.505669   43.168617
 -82.503326   43.168644
 -82.486343   43.103146
 -82.472824   43.089157
 -82.464127   43.071014
 -82.417793   43.004059
 -82.423393   42.998920
 -82.423584   42.997688
 -82.424294   42.996906
 -82.423973   42.995136
 -82.424477   42.991875
 -82.423058   42.990028
 -82.422638   42.987694
 -82.413055   42.977013
 -82.416466   42.967579
 -82.430885   42.950294
 -82.447090   42.937904
 -82.455109   42.926834
 -82.455490   42.925835
 -82.455521   42.925785
 -82.456665   42.922710
 -82.470001   42.887428
 -82.469986   42.886974
 -82.470245   42.886284
 -82.469460   42.867397
 -82.469078   42.853279
 -82.475189   42.831802
 -82.482140   42.808598
 -82.481926   42.808117
 -82.482101   42.807499
 -82.471214   42.783649
 -82.467575   42.761879
 -82.483696   42.733593
 -82.483704   42.733349
 -82.483795   42.733181
 -82.483963   42.717949
 -82.510628   42.665138
 -82.510612   42.664379
 -82.510780   42.664040
 -82.510345   42.636528
 -82.516136   42.621254
 -82.523430   42.607452
 -82.548264   42.591816
 -82.555740   42.582748
 -82.557449   42.581482
 -82.570671   42.572990
 -82.579208   42.565380
 -82.579308   42.565308
 -82.584091   42.554008
 -82.590401   42.550575
 -82.605927   42.548580
 -82.623444   42.556877
 -82.624313   42.556889
 -82.625000   42.557198
 -82.643410   42.579887
 -82.643410   42.604240
 -82.647766   42.617336
 -82.645706   42.631809
 -82.629623   42.644444
 -82.623184   42.657307
 -82.628700   42.670631
 -82.633751   42.673847
 -82.646851   42.676147
 -82.653053   42.672470
 -82.673042   42.686256
 -82.695549   42.690620
 -82.705582   42.686729
 -82.722801   42.700607
 -82.719421   42.702946
 -82.728752   42.706108
 -82.738930   42.897480
 -82.983856   42.893562

St. Joseph
MI
12
 -85.762863   42.069344
 -85.293556   42.071503
 -85.292130   41.759911
 -85.659813   41.759048
 -85.791367   41.758999
 -85.791077   41.761234
 -85.784676   41.759960
 -85.790375   41.765789
 -85.787659   41.768246
 -85.786926   41.776302
 -85.769760   41.784595
 -85.760155   41.799007

Tuscola
MI
27
 -83.467361   43.728939
 -83.466507   43.667603
 -83.117844   43.675430
 -83.103874   43.327324
 -83.120499   43.326927
 -83.354614   43.322273
 -83.351990   43.235088
 -83.460716   43.232727
 -83.460793   43.223034
 -83.695877   43.221397
 -83.698830   43.478935
 -83.699211   43.596897
 -83.691132   43.591434
 -83.678635   43.590218
 -83.664307   43.592960
 -83.617363   43.630455
 -83.569191   43.677101
 -83.562180   43.686855
 -83.549377   43.693565
 -83.550591   43.700268
 -83.539314   43.708805
 -83.524071   43.717644
 -83.514320   43.717037
 -83.507301   43.710941
 -83.504562   43.698746
 -83.496941   43.698746
 -83.489929   43.703922

Van Buren
MI
12
 -86.274467   42.419765
 -85.994492   42.418774
 -85.764290   42.420700
 -85.766136   42.244003
 -85.762863   42.069344
 -86.222961   42.071503
 -86.223579   42.243374
 -86.365761   42.243172
 -86.351273   42.261795
 -86.321777   42.310711
 -86.296898   42.358814
 -86.283768   42.402794

Washtenaw
MI
12
 -83.664238   42.431961
 -83.551804   42.434898
 -83.543701   42.272499
 -83.539459   42.085461
 -83.774017   42.082394
 -84.007813   42.077847
 -84.007645   42.074295
 -84.131203   42.072102
 -84.133797   42.169800
 -84.130997   42.242699
 -84.131134   42.424480
 -83.944801   42.424099

Wayne
MI
65
 -83.083397   42.447201
 -82.938400   42.450500
 -82.870445   42.450733
 -82.875458   42.434898
 -82.893967   42.389557
 -82.919083   42.374493
 -82.931732   42.350437
 -82.945503   42.347301
 -82.959503   42.339600
 -82.988701   42.332401
 -83.018402   42.329700
 -83.039398   42.324501
 -83.064201   42.317699
 -83.079803   42.308601
 -83.096603   42.290100
 -83.111000   42.260601
 -83.128105   42.238800
 -83.134003   42.174702
 -83.121399   42.125702
 -83.133926   42.088062
 -83.157951   42.085438
 -83.168739   42.073467
 -83.181709   42.073299
 -83.187279   42.067402
 -83.189468   42.061668
 -83.185593   42.052059
 -83.188454   42.038574
 -83.184700   42.028557
 -83.190353   42.032803
 -83.199066   42.034756
 -83.200790   42.039120
 -83.210144   42.040440
 -83.210381   42.044216
 -83.214409   42.042473
 -83.219521   42.048817
 -83.230598   42.048698
 -83.229294   42.054604
 -83.232758   42.055115
 -83.234039   42.058788
 -83.237099   42.057941
 -83.243866   42.061775
 -83.249062   42.060802
 -83.250198   42.063801
 -83.254799   42.064400
 -83.251305   42.068199
 -83.254707   42.068802
 -83.258003   42.074001
 -83.267105   42.069099
 -83.269707   42.075901
 -83.277000   42.076401
 -83.274902   42.079601
 -83.279305   42.080002
 -83.280106   42.081799
 -83.277199   42.082298
 -83.281403   42.083199
 -83.283501   42.089802
 -83.287308   42.088200
 -83.285904   42.090900
 -83.288002   42.089600
 -83.295212   42.094227
 -83.420792   42.093452
 -83.420723   42.087624
 -83.539459   42.085461
 -83.543701   42.272499
 -83.551804   42.434898

Wexford
MI
7
 -85.817459   44.512993
 -85.334007   44.512493
 -85.338280   44.425400
 -85.334641   44.165108
 -85.564613   44.164902
 -85.821198   44.164314
 -85.821388   44.374683

