-104.048248   45.935181
 -96.554161   49.000820
53

Adams
ND
10
-102.995018   46.280704
-102.924103   46.281513
-102.497017   46.283165
-102.497040   46.206078
-101.997467   46.205475
-101.998154   46.053459
-101.998283   45.944557
-102.000229   45.944515
-102.941597   45.945000
-102.994904   45.945164

Barnes
ND
10
 -98.467094   47.240494
 -97.960754   47.240551
 -97.705742   47.240051
 -97.705650   46.978836
 -97.681389   46.978699
 -97.681664   46.630013
 -98.033440   46.630737
 -98.438667   46.631172
 -98.439095   46.979671
 -98.467056   46.979614

Benson
ND
109
 -99.492500   48.370953
 -99.199951   48.370605
 -99.199501   48.155312
 -99.192200   48.148731
 -99.174278   48.147324
 -99.148949   48.138428
 -99.138947   48.143677
 -99.133896   48.143787
 -99.128563   48.140354
 -99.131348   48.137096
 -99.126938   48.134090
 -99.127396   48.131229
 -99.121712   48.128525
 -99.116119   48.120689
 -99.117775   48.111843
 -99.108902   48.107662
 -99.070145   48.107857
 -99.069946   48.021957
 -99.059807   48.021980
 -99.050056   48.030628
 -99.048714   48.038948
 -99.036438   48.047405
 -99.029907   48.047249
 -99.024658   48.051315
 -99.014885   48.049019
 -99.011925   48.053509
 -99.005730   48.051220
 -99.000305   48.053165
 -99.000435   48.045872
 -99.003891   48.041931
 -98.996803   48.023300
 -98.992500   48.017399
 -98.986107   48.019402
 -98.983803   48.017799
 -98.987396   48.015800
 -98.988106   48.002102
 -98.993057   47.996864
 -98.990852   47.990265
 -98.979347   47.996780
 -98.963600   47.998489
 -98.955200   48.002602
 -98.955505   48.004700
 -98.940384   48.001656
 -98.928917   47.996986
 -98.922821   47.999668
 -98.915398   48.006500
 -98.918800   48.019600
 -98.903397   48.023300
 -98.900803   48.026901
 -98.892700   48.026402
 -98.897705   48.023499
 -98.898506   48.018799
 -98.892700   48.012100
 -98.893105   48.007702
 -98.886803   48.008202
 -98.888603   48.010601
 -98.883003   48.024502
 -98.877647   48.029308
 -98.834999   48.049000
 -98.826302   48.057098
 -98.825706   48.062199
 -98.809196   48.060200
 -98.794403   48.055599
 -98.801598   48.054001
 -98.801102   48.047401
 -98.791000   48.033401
 -98.784798   48.029598
 -98.783997   48.013199
 -98.787598   48.010399
 -98.782799   48.001598
 -98.767326   47.999573
 -98.766907   48.030602
 -98.764702   48.009899
 -98.758904   48.004799
 -98.762718   47.999092
 -98.751976   47.991688
 -98.750221   47.982456
 -98.758743   47.974644
 -98.764755   47.975117
 -98.778870   47.973240
 -98.788162   47.961933
 -98.796738   47.956352
 -98.791199   47.950630
 -98.781075   47.958687
 -98.762642   47.971687
 -98.758980   47.971558
 -98.758850   47.971554
 -98.752823   47.971348
 -98.735306   47.980301
 -98.722397   47.998100
 -98.713600   47.998600
 -98.706001   48.003399
 -98.694397   48.003799
 -98.671707   48.000401
 -98.663429   47.992077
 -98.663811   47.986801
 -98.670380   47.980408
 -98.665306   47.974800
 -98.661705   47.962399
 -98.625603   47.938499
 -98.634903   47.931000
 -98.626503   47.917198
 -98.525520   47.914902
 -98.525055   47.846336
 -99.297028   47.846863
 -99.811523   47.847572
 -99.811951   48.021362
 -99.847687   48.021446
 -99.846199   48.371300

Billings
ND
9
-103.666245   47.329342
-103.098724   47.328735
-103.032104   47.328674
-103.032234   46.980450
-103.230545   46.980358
-103.231133   46.629910
-103.608742   46.629787
-103.609077   46.979889
-103.666519   46.979774

Bottineau
ND
18
-101.496307   48.999401
-101.016502   48.999203
-100.793236   48.999687
-100.648247   48.999310
-100.441704   48.999729
-100.182297   48.999199
-100.182602   48.718956
-100.145164   48.718880
-100.145622   48.545235
-100.276398   48.544785
-100.406120   48.544624
-100.406342   48.632015
-100.797440   48.633034
-101.059502   48.632420
-101.059402   48.545315
-101.451195   48.546070
-101.450790   48.719929
-101.496529   48.720074

Bowman
ND
5
-104.045082   46.280186
-103.361977   46.279732
-102.995018   46.280704
-102.994904   45.945164
-104.044952   45.945313

Burke
ND
14
-102.938316   48.999298
-102.715195   48.999775
-102.248245   48.999043
-102.133041   48.999355
-102.020706   48.999001
-102.021255   48.806915
-102.151649   48.807034
-102.152153   48.720169
-102.233162   48.720078
-102.233727   48.545883
-102.885445   48.546284
-102.885468   48.633205
-102.885231   48.720455
-102.939568   48.720436

Burleigh
ND
54
-100.672981   47.327415
-100.112953   47.327087
-100.113991   46.981640
-100.074593   46.981579
-100.080818   46.633392
-100.661491   46.634457
-100.663261   46.639622
-100.659142   46.650131
-100.641418   46.665737
-100.639252   46.675735
-100.641266   46.678398
-100.651642   46.679905
-100.675339   46.673744
-100.696693   46.662476
-100.711906   46.657444
-100.732826   46.656670
-100.744804   46.663853
-100.743675   46.670681
-100.737579   46.678020
-100.745026   46.690983
-100.750999   46.693047
-100.777756   46.686493
-100.788361   46.691708
-100.797539   46.715599
-100.775551   46.721581
-100.773476   46.728741
-100.776611   46.734634
-100.782501   46.737335
-100.813019   46.736202
-100.833076   46.747334
-100.838806   46.766552
-100.819672   46.790249
-100.817230   46.805927
-100.826103   46.818199
-100.858162   46.840237
-100.875046   46.865147
-100.903496   46.896976
-100.907784   46.905617
-100.903488   46.927849
-100.907265   46.948677
-100.937614   46.969250
-100.935570   46.982849
-100.922928   46.993015
-100.895317   47.002724
-100.881760   47.015125
-100.878197   47.038273
-100.887657   47.050938
-100.925041   47.076908
-100.935394   47.089573
-100.939331   47.123661
-100.944305   47.139500
-100.964737   47.156639
-100.749176   47.157291
-100.748894   47.327515

Cass
ND
242
 -97.705742   47.240051
 -97.450981   47.239071
 -96.832588   47.237617
 -96.829338   47.231617
 -96.836983   47.234970
 -96.842583   47.230629
 -96.834000   47.229031
 -96.831520   47.226269
 -96.845772   47.220165
 -96.841705   47.217789
 -96.838394   47.222748
 -96.833298   47.221375
 -96.836945   47.216167
 -96.830170   47.210182
 -96.836777   47.207233
 -96.827049   47.200836
 -96.829292   47.200127
 -96.833458   47.203671
 -96.844513   47.192837
 -96.839981   47.191055
 -96.838005   47.196426
 -96.826111   47.191311
 -96.826012   47.188866
 -96.835655   47.184864
 -96.832779   47.183403
 -96.821922   47.185139
 -96.822151   47.182606
 -96.827278   47.182098
 -96.824631   47.178215
 -96.833282   47.176437
 -96.822853   47.173717
 -96.824562   47.166817
 -96.818695   47.164349
 -96.823151   47.161221
 -96.831665   47.159779
 -96.823593   47.158451
 -96.823059   47.155689
 -96.836082   47.156601
 -96.835945   47.153244
 -96.841072   47.152119
 -96.839691   47.150505
 -96.836082   47.148537
 -96.831863   47.149815
 -96.828270   47.146275
 -96.834305   47.144012
 -96.825989   47.134987
 -96.830078   47.129253
 -96.820366   47.130421
 -96.825455   47.123135
 -96.834557   47.123795
 -96.837196   47.122017
 -96.828033   47.120804
 -96.820831   47.115757
 -96.821770   47.108879
 -96.815979   47.108467
 -96.815575   47.104172
 -96.820663   47.100929
 -96.816956   47.098022
 -96.817047   47.092083
 -96.826813   47.088932
 -96.815773   47.088200
 -96.820297   47.082920
 -96.815742   47.078991
 -96.828918   47.074650
 -96.826416   47.072617
 -96.823303   47.075977
 -96.819221   47.075359
 -96.824135   47.072044
 -96.820198   47.063057
 -96.820595   47.060963
 -96.830025   47.060917
 -96.821358   47.059227
 -96.824738   47.055641
 -96.817413   47.052349
 -96.827209   47.045700
 -96.817451   47.047115
 -96.822159   47.038845
 -96.821091   47.035759
 -96.815208   47.039761
 -96.812271   47.038254
 -96.816711   47.033291
 -96.824463   47.033661
 -96.826904   47.031326
 -96.820053   47.030350
 -96.814438   47.024361
 -96.829147   47.021572
 -96.834419   47.017479
 -96.831947   47.015221
 -96.833145   47.010143
 -96.839195   47.006763
 -96.834480   47.007290
 -96.832611   47.004204
 -96.828430   47.005096
 -96.827126   47.001648
 -96.820618   47.003361
 -96.822952   47.000362
 -96.819122   46.997410
 -96.823570   46.997471
 -96.822014   46.990623
 -96.826050   46.987953
 -96.822273   46.985950
 -96.819778   46.979424
 -96.822304   46.970081
 -96.809456   46.963936
 -96.806206   46.967728
 -96.801666   46.964176
 -96.801247   46.968353
 -96.794800   46.965919
 -96.798851   46.959759
 -96.803391   46.958206
 -96.798271   46.951279
 -96.804306   46.947502
 -96.797707   46.944599
 -96.792305   46.946800
 -96.789703   46.937698
 -96.791397   46.928501
 -96.785599   46.930199
 -96.783401   46.924702
 -96.779907   46.928299
 -96.776306   46.926399
 -96.774803   46.930901
 -96.762901   46.935101
 -96.756500   46.928501
 -96.762199   46.929501
 -96.764900   46.927601
 -96.752907   46.924599
 -96.753403   46.923100
 -96.762901   46.923401
 -96.754204   46.914902
 -96.756203   46.914001
 -96.762505   46.917599
 -96.759804   46.915600
 -96.763504   46.912998
 -96.765305   46.905102
 -96.770103   46.906799
 -96.773201   46.903599
 -96.770302   46.900299
 -96.774399   46.899399
 -96.776199   46.895699
 -96.769203   46.891998
 -96.772797   46.890400
 -96.773201   46.884800
 -96.766998   46.883701
 -96.768105   46.879601
 -96.770905   46.877499
 -96.771301   46.881100
 -96.780998   46.879398
 -96.775597   46.874401
 -96.781906   46.870800
 -96.779999   46.868401
 -96.783501   46.863300
 -96.775703   46.854500
 -96.785103   46.854900
 -96.780998   46.851200
 -96.772797   46.851501
 -96.781303   46.845699
 -96.775002   46.838902
 -96.786797   46.841099
 -96.782402   46.837101
 -96.784798   46.833099
 -96.792801   46.834400
 -96.779800   46.825901
 -96.791199   46.827900
 -96.792198   46.823299
 -96.797600   46.822399
 -96.802185   46.811558
 -96.795494   46.807098
 -96.802788   46.805138
 -96.795662   46.803082
 -96.795769   46.799995
 -96.801552   46.797001
 -96.794273   46.795517
 -96.795830   46.789917
 -96.789215   46.789597
 -96.786789   46.785686
 -96.796768   46.776917
 -96.792015   46.775841
 -96.783432   46.778282
 -96.783936   46.774357
 -96.789719   46.774609
 -96.788857   46.771248
 -96.775131   46.767223
 -96.778053   46.764641
 -96.789162   46.766060
 -96.777489   46.761623
 -96.779984   46.760231
 -96.786034   46.761902
 -96.782585   46.756783
 -96.789429   46.756741
 -96.782448   46.753929
 -96.789063   46.752056
 -96.783012   46.750912
 -96.782745   46.748844
 -96.787399   46.748295
 -96.780151   46.745461
 -96.787102   46.743107
 -96.780228   46.741779
 -96.782890   46.736160
 -96.780495   46.733852
 -96.784256   46.731911
 -96.782654   46.729008
 -96.779198   46.730038
 -96.778732   46.726700
 -96.781662   46.725262
 -96.780739   46.722084
 -96.790871   46.718044
 -96.782204   46.716373
 -96.787117   46.714020
 -96.783203   46.711460
 -96.789215   46.709404
 -96.783569   46.706024
 -96.790848   46.703785
 -96.783875   46.701496
 -96.787659   46.700676
 -96.784576   46.694435
 -96.790253   46.689209
 -96.783783   46.685364
 -96.787308   46.685276
 -96.788094   46.681782
 -96.794441   46.683334
 -96.787170   46.677139
 -96.791786   46.676594
 -96.794411   46.679588
 -96.798622   46.678493
 -96.797989   46.673759
 -96.791321   46.672546
 -96.794281   46.671452
 -96.794777   46.667545
 -96.801682   46.667889
 -96.795502   46.666653
 -96.799759   46.660919
 -96.796837   46.659042
 -96.798698   46.654106
 -96.790306   46.649147
 -96.793793   46.646477
 -96.785400   46.640511
 -96.790405   46.638706
 -96.797684   46.630302
 -97.279625   46.629280
 -97.681664   46.630013
 -97.681389   46.978699
 -97.705650   46.978836

Cavalier
ND
12
 -98.999397   49.000000
 -98.752548   49.000820
 -98.048248   49.000458
 -97.990921   49.000629
 -97.949837   49.000500
 -97.949203   48.717701
 -97.927002   48.717701
 -97.926697   48.543072
 -98.317696   48.543777
 -98.970024   48.544189
 -98.969963   48.718063
 -98.999481   48.718052

Dickey
ND
7
 -99.002815   46.283016
 -98.034119   46.282608
 -98.005928   46.282604
 -98.007828   45.936131
 -98.414146   45.936531
 -98.724098   45.938816
 -99.005257   45.939972

Divide
ND
11
-104.048248   48.999851
-103.486458   48.999020
-103.066429   48.999424
-103.048248   48.999352
-103.028381   48.999401
-102.938316   48.999298
-102.939568   48.720436
-102.885231   48.720455
-102.885468   48.633205
-103.375000   48.633141
-104.047096   48.633961

Dunn
ND
44
-102.641800   47.823700
-102.622704   47.805500
-102.561501   47.780102
-102.521400   47.783401
-102.503601   47.781101
-102.493401   47.778000
-102.470596   47.764099
-102.459000   47.760899
-102.432602   47.759300
-102.414902   47.751999
-102.399597   47.752399
-102.385307   47.757999
-102.371201   47.767300
-102.355797   47.792702
-102.342102   47.800701
-102.325104   47.799099
-102.294403   47.789101
-102.271202   47.785400
-102.260506   47.781399
-102.257507   47.769798
-102.262199   47.760601
-102.270203   47.756302
-102.285400   47.757099
-102.290802   47.753799
-102.283707   47.737701
-102.262703   47.727100
-102.260803   47.723202
-102.265701   47.659698
-102.263000   47.637001
-102.264702   47.622700
-102.256302   47.613201
-102.229797   47.597401
-102.221397   47.587299
-102.204895   47.574501
-102.205139   47.328007
-102.143959   47.328133
-102.144279   47.010311
-102.524994   47.010303
-102.525002   46.981300
-103.032234   46.980450
-103.032104   47.328674
-103.098724   47.328735
-103.099403   47.674400
-102.642303   47.673901

Eddy
ND
10
 -99.297028   47.846863
 -98.525055   47.846336
 -98.521812   47.774048
 -98.525314   47.773499
 -98.524803   47.672501
 -98.499664   47.672329
 -98.499611   47.587093
 -99.265678   47.587624
 -99.265572   47.672745
 -99.296906   47.672935

Emmons
ND
47
-100.661491   46.634457
-100.080818   46.633392
 -99.915131   46.632977
 -99.916931   46.283279
 -99.878189   46.282833
 -99.879898   45.941689
-100.498688   45.943600
-100.511383   45.943661
-100.506531   45.966553
-100.521477   45.989426
-100.530846   46.000000
-100.549599   46.003399
-100.561501   46.009701
-100.574203   46.026299
-100.609398   46.062099
-100.616600   46.082802
-100.613304   46.098000
-100.614197   46.112301
-100.628609   46.134056
-100.628746   46.145611
-100.619301   46.163799
-100.592598   46.195599
-100.574905   46.209400
-100.557198   46.241600
-100.558151   46.250000
-100.578201   46.270699
-100.581306   46.277302
-100.558701   46.307999
-100.548798   46.329300
-100.550797   46.363499
-100.558998   46.381699
-100.589798   46.427898
-100.596802   46.439098
-100.598198   46.447701
-100.586197   46.492699
-100.578346   46.505566
-100.550278   46.519646
-100.543739   46.530437
-100.544159   46.533772
-100.586632   46.573441
-100.585342   46.579239
-100.580490   46.580654
-100.571022   46.577682
-100.564964   46.578457
-100.560638   46.587856
-100.567741   46.594032
-100.625000   46.612190

Foster
ND
4
 -99.265678   47.587624
 -98.499611   47.587093
 -98.498878   47.326534
 -99.265884   47.327194

Golden Valley
ND
9
-104.044891   47.330112
-103.666245   47.329342
-103.666519   46.979774
-103.609077   46.979889
-103.608742   46.629787
-103.800423   46.629551
-103.800400   46.540737
-104.044617   46.540924
-104.044785   46.641441

Grand Forks
ND
114
 -97.903091   48.194893
 -97.140877   48.193619
 -97.149467   48.183517
 -97.138039   48.182320
 -97.135666   48.176758
 -97.146355   48.173241
 -97.141602   48.160221
 -97.127037   48.162766
 -97.120819   48.161121
 -97.124130   48.156567
 -97.139946   48.150913
 -97.146149   48.142235
 -97.143219   48.141014
 -97.136414   48.143307
 -97.122528   48.139767
 -97.125000   48.136097
 -97.133118   48.137119
 -97.120354   48.115005
 -97.122856   48.106667
 -97.111122   48.105930
 -97.108078   48.099846
 -97.101524   48.095917
 -97.109505   48.091412
 -97.101814   48.089142
 -97.099449   48.085903
 -97.099800   48.078777
 -97.104126   48.072449
 -97.097427   48.071098
 -97.086632   48.058239
 -97.075287   48.052746
 -97.071907   48.048088
 -97.068359   48.027718
 -97.071892   48.019127
 -97.062935   48.015007
 -97.066406   48.009579
 -97.063583   47.997681
 -97.052734   47.990463
 -97.058800   47.975399
 -97.056801   47.970501
 -97.061501   47.964500
 -97.052101   47.957199
 -97.054199   47.946301
 -97.044601   47.941101
 -97.035706   47.939400
 -97.035400   47.930199
 -97.017403   47.919800
 -97.023399   47.915901
 -97.016907   47.913101
 -97.014702   47.907200
 -97.016907   47.905701
 -97.024597   47.908199
 -97.019798   47.900501
 -97.024597   47.895000
 -97.018600   47.891102
 -97.025002   47.884300
 -97.017601   47.878502
 -97.022797   47.874001
 -97.002106   47.868698
 -97.005203   47.863998
 -96.997795   47.858906
 -96.997032   47.848759
 -96.993797   47.846035
 -96.997932   47.841747
 -96.992134   47.842529
 -96.993423   47.838326
 -96.986328   47.837666
 -96.981369   47.830444
 -96.986862   47.825600
 -96.978043   47.825581
 -96.973801   47.823364
 -96.980141   47.822018
 -96.978539   47.809910
 -96.991318   47.808441
 -96.972733   47.803371
 -96.976288   47.798096
 -96.966629   47.799812
 -96.963882   47.795105
 -96.957504   47.792046
 -96.964958   47.783501
 -96.957504   47.785488
 -96.958618   47.780689
 -96.951942   47.779228
 -96.956177   47.775318
 -96.947021   47.775299
 -96.934624   47.767075
 -96.938080   47.762436
 -96.936874   47.759506
 -96.928528   47.755745
 -96.939400   47.755444
 -96.928696   47.750355
 -96.928154   47.744907
 -96.932457   47.737164
 -96.923889   47.726219
 -96.918198   47.723888
 -96.929710   47.718292
 -96.930664   47.715233
 -96.928085   47.714249
 -96.922874   47.717880
 -96.919823   47.717079
 -96.919762   47.710407
 -96.911636   47.706615
 -96.920410   47.699604
 -96.911636   47.701176
 -96.906914   47.694710
 -96.909218   47.689159
 -96.899902   47.690800
 -96.896126   47.674438
 -96.885956   47.674324
 -96.886520   47.672215
 -97.472374   47.672066
 -97.882263   47.672302
 -97.881714   48.019199
 -97.881805   48.020813
 -97.903305   48.020878

Grant
ND
341
-102.096199   46.631050
-102.095802   46.717701
-101.717728   46.718014
-101.717873   46.630993
-101.298538   46.630348
-101.298576   46.371449
-101.048111   46.371399
-101.048164   46.284679
-101.025253   46.284222
-101.023544   46.278687
-101.032051   46.275494
-101.036591   46.276131
-101.040649   46.281757
-101.049019   46.280846
-101.054092   46.278030
-101.057159   46.270218
-101.084946   46.275517
-101.095818   46.272816
-101.096443   46.268108
-101.088104   46.267380
-101.090927   46.258057
-101.104958   46.256451
-101.105782   46.249538
-101.116417   46.243034
-101.113548   46.240067
-101.105148   46.242947
-101.099907   46.228943
-101.114342   46.218849
-101.115433   46.214584
-101.121094   46.214123
-101.124023   46.211178
-101.131546   46.214355
-101.142006   46.210045
-101.142479   46.203873
-101.147156   46.201385
-101.158142   46.198643
-101.168373   46.201683
-101.165154   46.197117
-101.171051   46.191517
-101.176277   46.195103
-101.190590   46.191334
-101.197929   46.182377
-101.191574   46.181736
-101.195496   46.175865
-101.192169   46.174492
-101.193550   46.168049
-101.188522   46.166473
-101.187927   46.163204
-101.195427   46.161396
-101.196251   46.158928
-101.189964   46.147842
-101.194633   46.147709
-101.200058   46.153217
-101.212517   46.156116
-101.215744   46.149853
-101.223244   46.149715
-101.219223   46.145191
-101.225571   46.142490
-101.227737   46.137966
-101.236618   46.143127
-101.241547   46.138279
-101.248123   46.142391
-101.250610   46.135426
-101.253960   46.136501
-101.255661   46.139263
-101.259674   46.139793
-101.266647   46.130608
-101.274178   46.136120
-101.276642   46.129307
-101.281937   46.129700
-101.281860   46.134933
-101.290810   46.134228
-101.294556   46.127281
-101.297966   46.131943
-101.302277   46.132881
-101.302933   46.127441
-101.311119   46.125443
-101.301262   46.120106
-101.297485   46.120331
-101.298241   46.116974
-101.294334   46.116058
-101.301338   46.110046
-101.299202   46.105045
-101.308434   46.104294
-101.318741   46.100361
-101.311943   46.091927
-101.322319   46.097092
-101.325172   46.091080
-101.332176   46.091881
-101.343109   46.089249
-101.343803   46.085938
-101.335655   46.084747
-101.334534   46.082672
-101.345894   46.079399
-101.347305   46.075466
-101.352982   46.074417
-101.358040   46.077705
-101.364365   46.069958
-101.367950   46.075207
-101.385887   46.079414
-101.397736   46.076977
-101.397118   46.073826
-101.406708   46.070808
-101.408684   46.066925
-101.414032   46.065414
-101.411797   46.059155
-101.428146   46.060230
-101.430313   46.052963
-101.444099   46.056278
-101.444847   46.054016
-101.457878   46.049992
-101.465858   46.050358
-101.468056   46.058468
-101.474396   46.059498
-101.471397   46.054150
-101.478325   46.055084
-101.478523   46.052727
-101.488930   46.051197
-101.484161   46.048157
-101.497871   46.040588
-101.493240   46.036980
-101.487503   46.042740
-101.483467   46.037167
-101.490486   46.037369
-101.489525   46.032753
-101.492226   46.035725
-101.495110   46.033688
-101.485268   46.028183
-101.493134   46.027405
-101.492378   46.025211
-101.497795   46.027424
-101.495857   46.023933
-101.499428   46.023102
-101.499687   46.023052
-101.504173   46.025490
-101.508247   46.024895
-101.508995   46.030106
-101.511360   46.026657
-101.516998   46.025356
-101.518997   46.026382
-101.515785   46.030632
-101.523849   46.028625
-101.534744   46.030640
-101.534256   46.024517
-101.531174   46.025723
-101.532722   46.020561
-101.526909   46.016422
-101.533142   46.013271
-101.534691   46.016430
-101.548164   46.018070
-101.550400   46.016747
-101.544823   46.016064
-101.545837   46.012890
-101.551483   46.010876
-101.553650   46.006763
-101.556068   46.011654
-101.559387   46.010944
-101.566666   46.014397
-101.562790   46.017731
-101.567482   46.018600
-101.567352   46.023697
-101.570724   46.021481
-101.573753   46.025410
-101.578506   46.018551
-101.583099   46.015671
-101.587914   46.016403
-101.585129   46.011997
-101.589973   46.013092
-101.588539   46.009277
-101.595360   46.014484
-101.592934   46.016289
-101.599686   46.016651
-101.599129   46.013226
-101.603264   46.016991
-101.610809   46.018681
-101.609665   46.023685
-101.614456   46.024006
-101.615936   46.030678
-101.619476   46.030125
-101.621391   46.036839
-101.624329   46.036434
-101.637398   46.037373
-101.634613   46.034859
-101.638130   46.031914
-101.634750   46.030083
-101.643280   46.028099
-101.645638   46.029564
-101.642662   46.024147
-101.646927   46.025429
-101.649612   46.023987
-101.642693   46.020493
-101.645126   46.015144
-101.651627   46.014278
-101.654701   46.016975
-101.660309   46.014507
-101.657097   46.015102
-101.656181   46.012383
-101.664124   46.011631
-101.663956   46.015949
-101.677261   46.011471
-101.674965   46.016247
-101.684151   46.016659
-101.680679   46.012913
-101.685463   46.013554
-101.688873   46.018623
-101.685303   46.019035
-101.687462   46.022419
-101.692680   46.019287
-101.695206   46.020065
-101.699333   46.022507
-101.696457   46.023422
-101.698486   46.026989
-101.704285   46.022213
-101.712456   46.026276
-101.712303   46.021599
-101.718887   46.023167
-101.715248   46.028061
-101.722557   46.028671
-101.727226   46.032440
-101.727036   46.035503
-101.738182   46.037575
-101.746109   46.028160
-101.751099   46.028435
-101.752243   46.030472
-101.756378   46.028782
-101.757881   46.031754
-101.748543   46.033234
-101.748657   46.041203
-101.753677   46.037552
-101.755547   46.042511
-101.761391   46.035591
-101.766968   46.035709
-101.762016   46.032623
-101.765358   46.030636
-101.767265   46.033836
-101.773460   46.034615
-101.771500   46.037331
-101.775200   46.036697
-101.778381   46.039116
-101.781273   46.035305
-101.783730   46.035988
-101.782478   46.038433
-101.789894   46.034435
-101.795280   46.035534
-101.799637   46.032379
-101.796860   46.028633
-101.800461   46.026897
-101.798820   46.024181
-101.803314   46.025318
-101.801842   46.027927
-101.804688   46.030483
-101.814171   46.031742
-101.812759   46.027401
-101.827751   46.037933
-101.830704   46.032658
-101.833031   46.031784
-101.834579   46.033661
-101.836044   46.031170
-101.837952   46.033039
-101.837952   46.029045
-101.841690   46.029133
-101.840149   46.037998
-101.847565   46.041126
-101.844322   46.041882
-101.845268   46.044075
-101.859909   46.048058
-101.849541   46.047634
-101.848694   46.051979
-101.846916   46.049717
-101.842224   46.050201
-101.845612   46.055038
-101.844627   46.057415
-101.839798   46.056824
-101.842987   46.057575
-101.839767   46.060322
-101.841217   46.063381
-101.846107   46.060501
-101.849098   46.062531
-101.850204   46.064819
-101.844666   46.064590
-101.842827   46.066994
-101.845818   46.066074
-101.848152   46.073002
-101.855797   46.071487
-101.854416   46.068699
-101.860123   46.065022
-101.866455   46.066296
-101.870529   46.065220
-101.868889   46.063145
-101.873421   46.063324
-101.877045   46.065613
-101.875603   46.067917
-101.881500   46.069817
-101.884171   46.068676
-101.881020   46.063168
-101.887978   46.066189
-101.887810   46.068676
-101.894867   46.069160
-101.894966   46.063290
-101.888176   46.063950
-101.888504   46.061481
-101.892967   46.061413
-101.892143   46.059219
-101.898087   46.056389
-101.901794   46.059704
-101.902817   46.055752
-101.910065   46.062309
-101.910751   46.058128
-101.907471   46.057217
-101.911903   46.053787
-101.916336   46.056667
-101.914101   46.058655
-101.922600   46.060757
-101.919121   46.055641
-101.921425   46.054180
-101.933731   46.061375
-101.930641   46.063019
-101.937370   46.066399
-101.937462   46.063206
-101.941406   46.065372
-101.944328   46.063087
-101.948685   46.063477
-101.944595   46.061054
-101.945999   46.058472
-101.953087   46.057259
-101.956795   46.050522
-101.962364   46.051159
-101.962830   46.049057
-101.966110   46.048828
-101.964439   46.053123
-101.969528   46.056782
-101.974312   46.047569
-101.990974   46.047016
-101.995247   46.050461
-101.991737   46.051331
-101.994400   46.056313
-101.998154   46.053459
-101.997467   46.205475
-101.997429   46.283649
-102.046257   46.283665
-102.050552   46.630863

Griggs
ND
9
 -98.499664   47.672329
 -97.984421   47.672218
 -97.986191   47.326157
 -97.960258   47.326092
 -97.960754   47.240551
 -98.467094   47.240494
 -98.466942   47.326500
 -98.498878   47.326534
 -98.499611   47.587093

Hettinger
ND
10
-102.927551   46.630054
-102.432129   46.629871
-102.096199   46.631050
-102.050552   46.630863
-102.046257   46.283665
-101.997429   46.283649
-101.997467   46.205475
-102.497040   46.206078
-102.497017   46.283165
-102.924103   46.281513

Kidder
ND
10
-100.032898   47.327202
 -99.480377   47.327190
 -99.480698   46.980709
 -99.446030   46.980900
 -99.449280   46.631695
 -99.915131   46.632977
-100.080818   46.633392
-100.074593   46.981579
-100.113991   46.981640
-100.112953   47.327087

LaMoure
ND
6
 -98.438667   46.631172
 -98.033440   46.630737
 -98.034119   46.282608
 -99.002815   46.283016
 -99.036987   46.283184
 -99.036118   46.630436

Logan
ND
6
 -99.915131   46.632977
 -99.449280   46.631695
 -99.036118   46.630436
 -99.036987   46.283184
 -99.878189   46.282833
 -99.916931   46.283279

McHenry
ND
18
-101.059402   48.545315
-101.059502   48.632420
-100.797440   48.633034
-100.406342   48.632015
-100.406120   48.544624
-100.276398   48.544785
-100.276024   48.371338
-100.236923   48.371277
-100.236542   48.021923
-100.197136   48.021729
-100.197510   47.847591
-100.584763   47.847477
-100.970894   47.848701
-100.970055   48.022667
-101.014824   48.022781
-101.013817   48.371429
-101.059654   48.371456
-101.059616   48.458603

McIntosh
ND
6
 -99.036987   46.283184
 -99.002815   46.283016
 -99.005257   45.939972
 -99.717682   45.940929
 -99.879898   45.941689
 -99.878189   46.282833

McKenzie
ND
148
-104.043633   47.996086
-104.021111   47.989166
-104.006554   47.967319
-103.998886   47.967690
-103.989441   47.971851
-103.984993   47.984016
-103.966904   47.985500
-103.942200   47.975700
-103.919304   47.955933
-103.884651   47.962650
-103.870529   47.970825
-103.863792   47.987961
-103.854881   47.996422
-103.863892   48.008640
-103.857895   48.015736
-103.827209   47.998367
-103.824989   47.989731
-103.828560   47.980572
-103.823570   47.978973
-103.810547   47.985897
-103.796440   48.000000
-103.790810   48.018436
-103.797287   48.038940
-103.793747   48.050495
-103.787193   48.058029
-103.780273   48.059269
-103.770035   48.056458
-103.754349   48.043221
-103.745270   48.040493
-103.710564   48.058006
-103.710342   48.067844
-103.739845   48.083382
-103.743401   48.087540
-103.741737   48.093380
-103.714302   48.110298
-103.682503   48.121700
-103.668800   48.121601
-103.646004   48.112000
-103.632301   48.111301
-103.617104   48.119202
-103.603470   48.131989
-103.589737   48.134083
-103.585167   48.125530
-103.607307   48.114498
-103.608200   48.111198
-103.604301   48.106800
-103.583397   48.092201
-103.567703   48.087898
-103.549004   48.087799
-103.546799   48.086201
-103.553596   48.075500
-103.583397   48.055698
-103.584198   48.044201
-103.576797   48.039101
-103.568901   48.035702
-103.556602   48.034199
-103.527504   48.035099
-103.509506   48.011600
-103.496002   48.005199
-103.484596   48.006699
-103.462601   48.023201
-103.446800   48.027302
-103.429504   48.035702
-103.419502   48.035599
-103.395905   48.027802
-103.377403   48.025002
-103.356102   48.028702
-103.315308   48.041599
-103.287903   48.040100
-103.280800   48.045799
-103.276802   48.057999
-103.272400   48.061001
-103.259705   48.062599
-103.242203   48.060001
-103.234398   48.061901
-103.227203   48.068100
-103.226707   48.077900
-103.235306   48.083500
-103.251160   48.087311
-103.253151   48.091206
-103.236801   48.108898
-103.213326   48.128567
-103.201424   48.135189
-103.184380   48.134155
-103.156647   48.136173
-103.131401   48.142872
-103.101143   48.146473
-103.091591   48.143116
-103.092667   48.127724
-103.088348   48.124626
-103.068619   48.132397
-103.034241   48.135574
-103.006325   48.131844
-102.993355   48.135857
-102.967125   48.138100
-102.946968   48.135944
-102.938004   48.132484
-102.931000   48.125000
-102.919426   48.121750
-102.899239   48.123257
-102.876839   48.134964
-102.866302   48.137001
-102.847305   48.132599
-102.828018   48.123646
-102.806007   48.118919
-102.794327   48.119110
-102.765823   48.130337
-102.744354   48.123844
-102.737099   48.116592
-102.738342   48.105942
-102.741173   48.100742
-102.756874   48.095711
-102.757256   48.093327
-102.732704   48.088299
-102.703201   48.087898
-102.667252   48.079876
-102.663025   48.076633
-102.661842   48.068531
-102.667587   48.050838
-102.661194   48.042843
-102.654221   48.039234
-102.639305   48.037106
-102.625000   48.040764
-102.614662   48.046673
-102.607903   48.046337
-102.598946   48.037228
-102.597229   48.014587
-102.584137   48.007835
-102.556236   48.000740
-102.551506   47.997131
-102.551147   47.991566
-102.562103   47.973202
-102.575706   47.958599
-102.591103   47.947701
-102.612106   47.937698
-102.647400   47.901600
-102.649002   47.883202
-102.654503   47.875000
-102.655701   47.860802
-102.648506   47.831501
-102.641800   47.823700
-102.642303   47.673901
-103.099403   47.674400
-103.098724   47.328735
-103.666245   47.329342
-104.044891   47.330112
-104.044586   47.397449
-104.041115   47.858219

McLean
ND
107
-101.871201   47.847721
-100.970894   47.848701
-100.584763   47.847477
-100.584702   47.673908
-100.671967   47.674011
-100.672981   47.327415
-100.748894   47.327515
-100.749176   47.157291
-100.964737   47.156639
-100.982803   47.173698
-100.992706   47.195999
-100.991600   47.206299
-100.975800   47.234299
-100.977211   47.250000
-100.981461   47.255329
-100.991013   47.259563
-100.993690   47.265663
-101.000504   47.270500
-101.034203   47.286400
-101.059998   47.293301
-101.086670   47.296589
-101.122147   47.293259
-101.148270   47.285259
-101.180176   47.280575
-101.184784   47.277836
-101.188683   47.268547
-101.188171   47.260357
-101.197968   47.247265
-101.217461   47.249184
-101.256599   47.264900
-101.262398   47.270199
-101.283401   47.278301
-101.318504   47.287701
-101.339600   47.289101
-101.345306   47.291901
-101.347321   47.310570
-101.356506   47.325901
-101.359901   47.365101
-101.363304   47.368698
-101.375000   47.373001
-101.393997   47.390099
-101.402107   47.402302
-101.411903   47.435501
-101.440506   47.462399
-101.442307   47.469501
-101.439705   47.477299
-101.422905   47.492001
-101.414597   47.497398
-101.378220   47.511837
-101.370430   47.518696
-101.369164   47.524509
-101.396111   47.537792
-101.427597   47.561989
-101.446098   47.564377
-101.479218   47.555416
-101.498260   47.556351
-101.512093   47.550987
-101.549530   47.542767
-101.560577   47.537949
-101.610977   47.528793
-101.637489   47.527588
-101.674255   47.536499
-101.707085   47.538277
-101.741386   47.529228
-101.811600   47.497002
-101.823402   47.494400
-101.835373   47.495472
-101.866852   47.504112
-101.891571   47.505131
-101.933960   47.528915
-101.962402   47.537888
-101.990097   47.539268
-102.017906   47.535900
-102.025803   47.537899
-102.031502   47.543800
-102.021202   47.559601
-102.028801   47.569500
-102.036201   47.572701
-102.061798   47.569401
-102.085197   47.574501
-102.103905   47.570400
-102.159401   47.565300
-102.182198   47.567799
-102.204895   47.574501
-102.221397   47.587299
-102.229797   47.597401
-102.256302   47.613201
-102.264702   47.622700
-102.263000   47.637001
-102.265701   47.659698
-102.260803   47.723202
-102.262703   47.727100
-102.283707   47.737701
-102.290802   47.753799
-102.285400   47.757099
-102.270203   47.756302
-102.262199   47.760601
-102.257507   47.769798
-102.260506   47.781399
-102.271202   47.785400
-102.294403   47.789101
-102.325104   47.799099
-102.342102   47.800701
-102.355797   47.792702
-102.371201   47.767300
-102.385307   47.757999
-102.385216   47.847660

Mercer
ND
63
-102.204895   47.574501
-102.182198   47.567799
-102.159401   47.565300
-102.103905   47.570400
-102.085197   47.574501
-102.061798   47.569401
-102.036201   47.572701
-102.028801   47.569500
-102.021202   47.559601
-102.031502   47.543800
-102.025803   47.537899
-102.017906   47.535900
-101.990097   47.539268
-101.962402   47.537888
-101.933960   47.528915
-101.891571   47.505131
-101.866852   47.504112
-101.835373   47.495472
-101.823402   47.494400
-101.811600   47.497002
-101.741386   47.529228
-101.707085   47.538277
-101.674255   47.536499
-101.637489   47.527588
-101.610977   47.528793
-101.560577   47.537949
-101.549530   47.542767
-101.512093   47.550987
-101.498260   47.556351
-101.479218   47.555416
-101.446098   47.564377
-101.427597   47.561989
-101.396111   47.537792
-101.369164   47.524509
-101.370430   47.518696
-101.378220   47.511837
-101.414597   47.497398
-101.422905   47.492001
-101.439705   47.477299
-101.442307   47.469501
-101.440506   47.462399
-101.411903   47.435501
-101.402107   47.402302
-101.393997   47.390099
-101.375000   47.373001
-101.363304   47.368698
-101.359901   47.365101
-101.356506   47.325901
-101.347321   47.310570
-101.345306   47.291901
-101.339600   47.289101
-101.318504   47.287701
-101.283401   47.278301
-101.262398   47.270199
-101.256599   47.264900
-101.257500   47.241379
-101.763977   47.241421
-101.764038   46.981373
-102.096275   46.981167
-102.144173   46.981049
-102.144279   47.010311
-102.143959   47.328133
-102.205139   47.328007

Morton
ND
148
-102.096275   46.981167
-101.764038   46.981373
-101.282394   46.980995
-100.935570   46.982849
-100.937614   46.969250
-100.907265   46.948677
-100.903488   46.927849
-100.907784   46.905617
-100.903496   46.896976
-100.875046   46.865147
-100.858162   46.840237
-100.826103   46.818199
-100.817230   46.805927
-100.819672   46.790249
-100.838806   46.766552
-100.833076   46.747334
-100.813019   46.736202
-100.782501   46.737335
-100.776611   46.734634
-100.773476   46.728741
-100.775551   46.721581
-100.797539   46.715599
-100.788361   46.691708
-100.777756   46.686493
-100.750999   46.693047
-100.745026   46.690983
-100.737579   46.678020
-100.743675   46.670681
-100.744804   46.663853
-100.732826   46.656670
-100.711906   46.657444
-100.696693   46.662476
-100.675339   46.673744
-100.651642   46.679905
-100.641266   46.678398
-100.639252   46.675735
-100.641418   46.665737
-100.659142   46.650131
-100.663261   46.639622
-100.661491   46.634457
-100.625000   46.612190
-100.567741   46.594032
-100.560638   46.587856
-100.564964   46.578457
-100.571022   46.577682
-100.580490   46.580654
-100.585342   46.579239
-100.586632   46.573441
-100.544159   46.533772
-100.543739   46.530437
-100.550278   46.519646
-100.578346   46.505566
-100.586197   46.492699
-100.598198   46.447701
-100.596802   46.439098
-100.589798   46.427898
-100.599800   46.429298
-100.601799   46.424198
-100.612503   46.427101
-100.613106   46.424702
-100.606300   46.421001
-100.609505   46.416901
-100.616104   46.417801
-100.624901   46.425800
-100.627777   46.418095
-100.642036   46.412437
-100.654282   46.410973
-100.663322   46.406433
-100.674149   46.412643
-100.681458   46.412239
-100.686066   46.409744
-100.691521   46.397930
-100.696167   46.394726
-100.700775   46.393658
-100.705139   46.398800
-100.707909   46.398117
-100.709366   46.391556
-100.706635   46.385975
-100.720093   46.379753
-100.722397   46.380810
-100.721687   46.392056
-100.730865   46.390156
-100.736839   46.391205
-100.733574   46.396141
-100.737419   46.401623
-100.742165   46.400116
-100.749031   46.392658
-100.754593   46.396183
-100.763580   46.393948
-100.764473   46.397697
-100.769127   46.397903
-100.774940   46.391163
-100.803680   46.390141
-100.808952   46.384495
-100.815514   46.384914
-100.820831   46.389050
-100.830795   46.388126
-100.831558   46.392677
-100.837463   46.390942
-100.852264   46.394409
-100.856567   46.403271
-100.861984   46.398563
-100.862274   46.393398
-100.868309   46.389442
-100.881454   46.389832
-100.877281   46.403267
-100.880577   46.409599
-100.897003   46.403164
-100.895523   46.395737
-100.905792   46.397587
-100.918541   46.394989
-100.924057   46.382988
-100.931290   46.381733
-100.928749   46.377277
-100.939316   46.375542
-100.936607   46.371136
-100.942291   46.368279
-100.944466   46.361355
-100.940536   46.357971
-100.941093   46.350021
-100.960403   46.347687
-100.957138   46.339233
-100.971054   46.336071
-100.968903   46.328758
-100.973625   46.325516
-100.978439   46.329559
-100.982101   46.329033
-100.983315   46.319202
-100.993210   46.315590
-101.002701   46.319748
-101.004837   46.323521
-101.016289   46.320393
-101.011086   46.312527
-101.012871   46.306496
-101.004730   46.307659
-100.996826   46.304665
-101.004242   46.296486
-101.016472   46.299553
-101.018517   46.293404
-101.025383   46.288490
-101.025253   46.284222
-101.048164   46.284679
-101.048111   46.371399
-101.298576   46.371449
-101.298538   46.630348
-101.717873   46.630993
-101.717728   46.718014
-102.095802   46.717701

Mountrail
ND
60
-102.885445   48.546284
-102.233727   48.545883
-101.972878   48.547112
-101.972961   48.372082
-101.921791   48.372318
-101.922005   48.023232
-101.871223   48.023125
-101.871201   47.847721
-102.385216   47.847660
-102.385307   47.757999
-102.399597   47.752399
-102.414902   47.751999
-102.432602   47.759300
-102.459000   47.760899
-102.470596   47.764099
-102.493401   47.778000
-102.503601   47.781101
-102.521400   47.783401
-102.561501   47.780102
-102.622704   47.805500
-102.641800   47.823700
-102.648506   47.831501
-102.655701   47.860802
-102.654503   47.875000
-102.649002   47.883202
-102.647400   47.901600
-102.612106   47.937698
-102.591103   47.947701
-102.575706   47.958599
-102.562103   47.973202
-102.551147   47.991566
-102.551506   47.997131
-102.556236   48.000740
-102.584137   48.007835
-102.597229   48.014587
-102.598946   48.037228
-102.607903   48.046337
-102.614662   48.046673
-102.625000   48.040764
-102.639305   48.037106
-102.654221   48.039234
-102.661194   48.042843
-102.667587   48.050838
-102.661842   48.068531
-102.663025   48.076633
-102.667252   48.079876
-102.703201   48.087898
-102.732704   48.088299
-102.757256   48.093327
-102.756874   48.095711
-102.741173   48.100742
-102.738342   48.105942
-102.737099   48.116592
-102.744354   48.123844
-102.765823   48.130337
-102.794327   48.119110
-102.806007   48.118919
-102.828018   48.123646
-102.827599   48.372898
-102.884933   48.372612

Nelson
ND
16
 -98.292053   48.195000
 -97.903091   48.194893
 -97.903305   48.020878
 -97.881805   48.020813
 -97.881714   48.019199
 -97.882263   47.672302
 -97.984421   47.672218
 -98.499664   47.672329
 -98.524803   47.672501
 -98.525314   47.773499
 -98.521812   47.774048
 -98.525055   47.846336
 -98.525520   47.914902
 -98.525101   48.020920
 -98.422279   48.021114
 -98.421745   48.194576

Oliver
ND
36
-101.256599   47.264900
-101.217461   47.249184
-101.197968   47.247265
-101.188171   47.260357
-101.188683   47.268547
-101.184784   47.277836
-101.180176   47.280575
-101.148270   47.285259
-101.122147   47.293259
-101.086670   47.296589
-101.059998   47.293301
-101.034203   47.286400
-101.000504   47.270500
-100.993690   47.265663
-100.991013   47.259563
-100.981461   47.255329
-100.977211   47.250000
-100.975800   47.234299
-100.991600   47.206299
-100.992706   47.195999
-100.982803   47.173698
-100.964737   47.156639
-100.944305   47.139500
-100.939331   47.123661
-100.935394   47.089573
-100.925041   47.076908
-100.887657   47.050938
-100.878197   47.038273
-100.881760   47.015125
-100.895317   47.002724
-100.922928   46.993015
-100.935570   46.982849
-101.282394   46.980995
-101.764038   46.981373
-101.763977   47.241421
-101.257500   47.241379

Pembina
ND
112
 -97.949837   49.000500
 -97.228699   49.000702
 -97.233818   48.996548
 -97.226334   48.993240
 -97.233871   48.988979
 -97.238045   48.982643
 -97.238541   48.966587
 -97.227348   48.962387
 -97.234024   48.947926
 -97.226250   48.945568
 -97.224579   48.933884
 -97.214226   48.931572
 -97.219551   48.922165
 -97.210815   48.916664
 -97.210197   48.904404
 -97.189590   48.895401
 -97.191841   48.891632
 -97.201317   48.892132
 -97.197029   48.887409
 -97.199211   48.881195
 -97.190117   48.876865
 -97.179520   48.877064
 -97.177467   48.875378
 -97.190193   48.864368
 -97.178810   48.862583
 -97.178726   48.856880
 -97.172714   48.850544
 -97.182617   48.846973
 -97.175217   48.844696
 -97.173462   48.838326
 -97.183907   48.834091
 -97.177673   48.823181
 -97.180626   48.819286
 -97.190125   48.815521
 -97.158318   48.810917
 -97.158691   48.806713
 -97.170311   48.803844
 -97.180519   48.800388
 -97.180824   48.797810
 -97.163925   48.801098
 -97.162216   48.796883
 -97.171379   48.796539
 -97.173416   48.793282
 -97.157761   48.791161
 -97.158768   48.783321
 -97.147049   48.781574
 -97.158730   48.775017
 -97.151558   48.772114
 -97.145302   48.764977
 -97.154297   48.757996
 -97.152718   48.752865
 -97.148842   48.750610
 -97.139259   48.750793
 -97.136650   48.747932
 -97.136932   48.741947
 -97.141602   48.735874
 -97.128288   48.732738
 -97.129646   48.729820
 -97.137253   48.727005
 -97.125000   48.720299
 -97.118706   48.711853
 -97.109467   48.708286
 -97.109703   48.706268
 -97.119827   48.703823
 -97.108315   48.691502
 -97.090691   48.686104
 -97.089523   48.684025
 -97.092262   48.682053
 -97.100044   48.682789
 -97.099663   48.667946
 -97.108383   48.664501
 -97.098213   48.661297
 -97.107475   48.647743
 -97.114632   48.645138
 -97.108124   48.632675
 -97.114693   48.629841
 -97.123192   48.633305
 -97.130608   48.631718
 -97.129288   48.628193
 -97.118301   48.620899
 -97.119019   48.618118
 -97.122765   48.617756
 -97.132736   48.622803
 -97.135048   48.621128
 -97.128639   48.613937
 -97.144722   48.614559
 -97.149757   48.612335
 -97.147110   48.608109
 -97.133850   48.607498
 -97.142677   48.598640
 -97.151283   48.597935
 -97.153191   48.595684
 -97.141891   48.592613
 -97.143303   48.582375
 -97.159691   48.581524
 -97.158867   48.578453
 -97.148010   48.576248
 -97.148369   48.570702
 -97.152657   48.567112
 -97.172012   48.564732
 -97.175041   48.561325
 -97.164284   48.557148
 -97.142281   48.557030
 -97.137650   48.552944
 -97.155449   48.551189
 -97.164207   48.553963
 -97.165588   48.548256
 -97.162758   48.543873
 -97.161087   48.542339
 -97.926697   48.543072
 -97.927002   48.717701
 -97.949203   48.717701

Pierce
ND
14
-100.145622   48.545235
 -99.492828   48.544842
 -99.492500   48.370953
 -99.846199   48.371300
 -99.847687   48.021446
 -99.811951   48.021362
 -99.811523   47.847572
-100.068802   47.847301
-100.197510   47.847591
-100.197136   48.021729
-100.236542   48.021923
-100.236923   48.371277
-100.276024   48.371338
-100.276398   48.544785

Ramsey
ND
111
 -98.970024   48.544189
 -98.317696   48.543777
 -98.318306   48.369801
 -98.291702   48.369595
 -98.292053   48.195000
 -98.421745   48.194576
 -98.422279   48.021114
 -98.525101   48.020920
 -98.525520   47.914902
 -98.626503   47.917198
 -98.634903   47.931000
 -98.625603   47.938499
 -98.661705   47.962399
 -98.665306   47.974800
 -98.670380   47.980408
 -98.663811   47.986801
 -98.663429   47.992077
 -98.671707   48.000401
 -98.694397   48.003799
 -98.706001   48.003399
 -98.713600   47.998600
 -98.722397   47.998100
 -98.735306   47.980301
 -98.752823   47.971348
 -98.758850   47.971554
 -98.758980   47.971558
 -98.762642   47.971687
 -98.781075   47.958687
 -98.791199   47.950630
 -98.796738   47.956352
 -98.788162   47.961933
 -98.778870   47.973240
 -98.764755   47.975117
 -98.758743   47.974644
 -98.750221   47.982456
 -98.751976   47.991688
 -98.762718   47.999092
 -98.758904   48.004799
 -98.764702   48.009899
 -98.766907   48.030602
 -98.767326   47.999573
 -98.782799   48.001598
 -98.787598   48.010399
 -98.783997   48.013199
 -98.784798   48.029598
 -98.791000   48.033401
 -98.801102   48.047401
 -98.801598   48.054001
 -98.794403   48.055599
 -98.809196   48.060200
 -98.825706   48.062199
 -98.826302   48.057098
 -98.834999   48.049000
 -98.877647   48.029308
 -98.883003   48.024502
 -98.888603   48.010601
 -98.886803   48.008202
 -98.893105   48.007702
 -98.892700   48.012100
 -98.898506   48.018799
 -98.897705   48.023499
 -98.892700   48.026402
 -98.900803   48.026901
 -98.903397   48.023300
 -98.918800   48.019600
 -98.915398   48.006500
 -98.922821   47.999668
 -98.928917   47.996986
 -98.940384   48.001656
 -98.955505   48.004700
 -98.955200   48.002602
 -98.963600   47.998489
 -98.979347   47.996780
 -98.990852   47.990265
 -98.993057   47.996864
 -98.988106   48.002102
 -98.987396   48.015800
 -98.983803   48.017799
 -98.986107   48.019402
 -98.992500   48.017399
 -98.996803   48.023300
 -99.003891   48.041931
 -99.000435   48.045872
 -99.000305   48.053165
 -99.005730   48.051220
 -99.011925   48.053509
 -99.014885   48.049019
 -99.024658   48.051315
 -99.029907   48.047249
 -99.036438   48.047405
 -99.048714   48.038948
 -99.050056   48.030628
 -99.059807   48.021980
 -99.069946   48.021957
 -99.070145   48.107857
 -99.108902   48.107662
 -99.117775   48.111843
 -99.116119   48.120689
 -99.121712   48.128525
 -99.127396   48.131229
 -99.126938   48.134090
 -99.131348   48.137096
 -99.128563   48.140354
 -99.133896   48.143787
 -99.138947   48.143677
 -99.148949   48.138428
 -99.174278   48.147324
 -99.192200   48.148731
 -99.199501   48.155312
 -99.199951   48.370605
 -98.970558   48.370464

Ransom
ND
6
 -98.033440   46.630737
 -97.681664   46.630013
 -97.279625   46.629280
 -97.280190   46.282272
 -98.005928   46.282604
 -98.034119   46.282608

Renville
ND
11
-102.020706   48.999001
-101.496307   48.999401
-101.496529   48.720074
-101.450790   48.719929
-101.451195   48.546070
-101.059402   48.545315
-101.059616   48.458603
-101.841530   48.459530
-101.842323   48.719975
-102.021019   48.720078
-102.021255   48.806915

Richland
ND
228
 -97.279625   46.629280
 -96.797684   46.630302
 -96.796448   46.628609
 -96.795258   46.631580
 -96.789017   46.629337
 -96.782646   46.630455
 -96.791054   46.625000
 -96.777779   46.625374
 -96.785736   46.622883
 -96.787163   46.619709
 -96.785133   46.619118
 -96.783081   46.622337
 -96.779861   46.619640
 -96.775352   46.621304
 -96.774796   46.617558
 -96.780899   46.615685
 -96.777122   46.614109
 -96.773369   46.616486
 -96.770447   46.615383
 -96.774307   46.612392
 -96.772415   46.609192
 -96.778679   46.607048
 -96.768105   46.606426
 -96.772118   46.603756
 -96.771233   46.596077
 -96.766846   46.599091
 -96.763504   46.594631
 -96.755646   46.595409
 -96.756523   46.591957
 -96.761719   46.592094
 -96.762718   46.590157
 -96.757713   46.587093
 -96.752411   46.588413
 -96.750526   46.586266
 -96.760735   46.581928
 -96.750000   46.583992
 -96.746857   46.582382
 -96.747314   46.580784
 -96.751854   46.582035
 -96.753387   46.578472
 -96.757195   46.577583
 -96.755379   46.574501
 -96.752228   46.576508
 -96.746155   46.575577
 -96.752563   46.571388
 -96.745583   46.571213
 -96.746933   46.567551
 -96.743523   46.567238
 -96.741302   46.563831
 -96.745483   46.565269
 -96.746765   46.562572
 -96.751617   46.562775
 -96.746498   46.559074
 -96.754166   46.556973
 -96.745834   46.556473
 -96.748840   46.549934
 -96.744568   46.550735
 -96.740356   46.547585
 -96.741547   46.545483
 -96.744667   46.548386
 -96.749664   46.544334
 -96.739525   46.543995
 -96.740646   46.540913
 -96.749542   46.540611
 -96.738029   46.539337
 -96.742073   46.538239
 -96.737633   46.534927
 -96.745682   46.534855
 -96.741661   46.529808
 -96.744965   46.525280
 -96.736359   46.524853
 -96.737091   46.522083
 -96.744736   46.520164
 -96.739830   46.520393
 -96.737251   46.517948
 -96.734001   46.511459
 -96.739990   46.510933
 -96.732765   46.504265
 -96.735023   46.505497
 -96.742096   46.500000
 -96.736870   46.501362
 -96.738258   46.498154
 -96.733253   46.497265
 -96.732826   46.492901
 -96.736725   46.491867
 -96.733849   46.488419
 -96.739334   46.486500
 -96.732224   46.483234
 -96.738533   46.478642
 -96.735794   46.477406
 -96.735359   46.480331
 -96.732742   46.480171
 -96.722984   46.470875
 -96.719810   46.473480
 -96.714355   46.472294
 -96.714417   46.470650
 -96.722351   46.469276
 -96.722618   46.466850
 -96.721092   46.465435
 -96.717918   46.468063
 -96.713264   46.466789
 -96.718384   46.461941
 -96.711472   46.460182
 -96.712029   46.455406
 -96.717255   46.454651
 -96.712921   46.450336
 -96.721535   46.448711
 -96.718010   46.446266
 -96.713860   46.448750
 -96.710915   46.446743
 -96.716080   46.444607
 -96.712318   46.441055
 -96.721649   46.440483
 -96.717773   46.439617
 -96.715919   46.434292
 -96.713676   46.434956
 -96.715561   46.437469
 -96.712318   46.438065
 -96.711067   46.435688
 -96.703072   46.437382
 -96.707359   46.429932
 -96.701050   46.430321
 -96.704285   46.426548
 -96.698639   46.426640
 -96.701843   46.425476
 -96.704445   46.418022
 -96.692459   46.422165
 -96.692299   46.415833
 -96.698967   46.417458
 -96.701477   46.415535
 -96.697113   46.412655
 -96.684929   46.414188
 -96.689583   46.409801
 -96.688690   46.406532
 -96.679840   46.406967
 -96.672607   46.395790
 -96.674789   46.390858
 -96.667259   46.391109
 -96.670853   46.389507
 -96.667984   46.387428
 -96.667198   46.375957
 -96.658012   46.374561
 -96.660263   46.371674
 -96.656578   46.369625
 -96.653961   46.365387
 -96.643074   46.362072
 -96.648392   46.358051
 -96.644966   46.350735
 -96.629883   46.354500
 -96.628166   46.349613
 -96.615982   46.346806
 -96.620071   46.340496
 -96.609283   46.336113
 -96.606407   46.331570
 -96.599251   46.330177
 -96.605576   46.326927
 -96.599609   46.326862
 -96.600685   46.319595
 -96.596504   46.317268
 -96.603188   46.302254
 -96.597076   46.297318
 -96.605614   46.293911
 -96.595924   46.290962
 -96.596214   46.287788
 -96.601486   46.286003
 -96.594406   46.286259
 -96.599907   46.281731
 -96.594635   46.274124
 -96.599899   46.261395
 -96.593536   46.258884
 -96.592247   46.256050
 -96.595116   46.253036
 -96.591248   46.249664
 -96.583374   46.249607
 -96.598030   46.242882
 -96.596779   46.231247
 -96.595322   46.219891
 -96.591202   46.217903
 -96.592651   46.214043
 -96.588303   46.213085
 -96.590767   46.208515
 -96.586395   46.209957
 -96.583466   46.208263
 -96.588570   46.205341
 -96.584023   46.204197
 -96.586952   46.201431
 -96.583267   46.201229
 -96.583923   46.198097
 -96.590927   46.195789
 -96.584709   46.194416
 -96.590271   46.190414
 -96.587212   46.185825
 -96.591225   46.184723
 -96.585800   46.181850
 -96.588882   46.181435
 -96.592339   46.175251
 -96.579643   46.177418
 -96.583176   46.172703
 -96.576416   46.174034
 -96.576645   46.171593
 -96.583511   46.170639
 -96.575066   46.169102
 -96.580254   46.167686
 -96.576714   46.166107
 -96.579567   46.160965
 -96.576019   46.159683
 -96.580055   46.151276
 -96.568321   46.132885
 -96.571945   46.124573
 -96.559837   46.116627
 -96.566566   46.114792
 -96.562904   46.108402
 -96.557610   46.102486
 -96.557114   46.087650
 -96.554161   46.084019
 -96.557747   46.072136
 -96.556557   46.064873
 -96.573792   46.037289
 -96.577591   46.026917
 -96.576279   46.021889
 -96.570000   45.963634
 -96.560982   45.945698
 -96.562935   45.935280
 -97.227951   45.935181
 -97.228203   45.992500
 -97.259674   45.997112
 -97.258965   46.282219
 -97.280190   46.282272

Rolette
ND
11
-100.182297   48.999199
 -99.973831   48.999561
 -99.848251   48.999252
 -99.741898   48.999603
 -99.525291   48.999298
 -99.525864   48.718334
 -99.492752   48.718376
 -99.492828   48.544842
-100.145622   48.545235
-100.145164   48.718880
-100.182602   48.718956

Sargent
ND
8
 -98.005928   46.282604
 -97.280190   46.282272
 -97.258965   46.282219
 -97.259674   45.997112
 -97.228203   45.992500
 -97.227951   45.935181
 -97.978401   45.935902
 -98.007828   45.936131

Sheridan
ND
10
-100.584763   47.847477
-100.197510   47.847591
-100.068802   47.847301
-100.069130   47.673691
-100.032425   47.673733
-100.032898   47.327202
-100.112953   47.327087
-100.672981   47.327415
-100.671967   47.674011
-100.584702   47.673908

Sioux
ND
440
-101.025253   46.284222
-101.025383   46.288490
-101.018517   46.293404
-101.016472   46.299553
-101.004242   46.296486
-100.996826   46.304665
-101.004730   46.307659
-101.012871   46.306496
-101.011086   46.312527
-101.016289   46.320393
-101.004837   46.323521
-101.002701   46.319748
-100.993210   46.315590
-100.983315   46.319202
-100.982101   46.329033
-100.978439   46.329559
-100.973625   46.325516
-100.968903   46.328758
-100.971054   46.336071
-100.957138   46.339233
-100.960403   46.347687
-100.941093   46.350021
-100.940536   46.357971
-100.944466   46.361355
-100.942291   46.368279
-100.936607   46.371136
-100.939316   46.375542
-100.928749   46.377277
-100.931290   46.381733
-100.924057   46.382988
-100.918541   46.394989
-100.905792   46.397587
-100.895523   46.395737
-100.897003   46.403164
-100.880577   46.409599
-100.877281   46.403267
-100.881454   46.389832
-100.868309   46.389442
-100.862274   46.393398
-100.861984   46.398563
-100.856567   46.403271
-100.852264   46.394409
-100.837463   46.390942
-100.831558   46.392677
-100.830795   46.388126
-100.820831   46.389050
-100.815514   46.384914
-100.808952   46.384495
-100.803680   46.390141
-100.774940   46.391163
-100.769127   46.397903
-100.764473   46.397697
-100.763580   46.393948
-100.754593   46.396183
-100.749031   46.392658
-100.742165   46.400116
-100.737419   46.401623
-100.733574   46.396141
-100.736839   46.391205
-100.730865   46.390156
-100.721687   46.392056
-100.722397   46.380810
-100.720093   46.379753
-100.706635   46.385975
-100.709366   46.391556
-100.707909   46.398117
-100.705139   46.398800
-100.700775   46.393658
-100.696167   46.394726
-100.691521   46.397930
-100.686066   46.409744
-100.681458   46.412239
-100.674149   46.412643
-100.663322   46.406433
-100.654282   46.410973
-100.642036   46.412437
-100.627777   46.418095
-100.624901   46.425800
-100.616104   46.417801
-100.609505   46.416901
-100.606300   46.421001
-100.613106   46.424702
-100.612503   46.427101
-100.601799   46.424198
-100.599800   46.429298
-100.589798   46.427898
-100.558998   46.381699
-100.550797   46.363499
-100.548798   46.329300
-100.558701   46.307999
-100.581306   46.277302
-100.578201   46.270699
-100.558151   46.250000
-100.557198   46.241600
-100.574905   46.209400
-100.592598   46.195599
-100.619301   46.163799
-100.628746   46.145611
-100.628609   46.134056
-100.614197   46.112301
-100.613304   46.098000
-100.616600   46.082802
-100.609398   46.062099
-100.574203   46.026299
-100.561501   46.009701
-100.549599   46.003399
-100.530846   46.000000
-100.521477   45.989426
-100.506531   45.966553
-100.511383   45.943661
-101.428986   45.943756
-101.998283   45.944557
-101.998154   46.053459
-101.994400   46.056313
-101.991737   46.051331
-101.995247   46.050461
-101.990974   46.047016
-101.974312   46.047569
-101.969528   46.056782
-101.964439   46.053123
-101.966110   46.048828
-101.962830   46.049057
-101.962364   46.051159
-101.956795   46.050522
-101.953087   46.057259
-101.945999   46.058472
-101.944595   46.061054
-101.948685   46.063477
-101.944328   46.063087
-101.941406   46.065372
-101.937462   46.063206
-101.937370   46.066399
-101.930641   46.063019
-101.933731   46.061375
-101.921425   46.054180
-101.919121   46.055641
-101.922600   46.060757
-101.914101   46.058655
-101.916336   46.056667
-101.911903   46.053787
-101.907471   46.057217
-101.910751   46.058128
-101.910065   46.062309
-101.902817   46.055752
-101.901794   46.059704
-101.898087   46.056389
-101.892143   46.059219
-101.892967   46.061413
-101.888504   46.061481
-101.888176   46.063950
-101.894966   46.063290
-101.894867   46.069160
-101.887810   46.068676
-101.887978   46.066189
-101.881020   46.063168
-101.884171   46.068676
-101.881500   46.069817
-101.875603   46.067917
-101.877045   46.065613
-101.873421   46.063324
-101.868889   46.063145
-101.870529   46.065220
-101.866455   46.066296
-101.860123   46.065022
-101.854416   46.068699
-101.855797   46.071487
-101.848152   46.073002
-101.845818   46.066074
-101.842827   46.066994
-101.844666   46.064590
-101.850204   46.064819
-101.849098   46.062531
-101.846107   46.060501
-101.841217   46.063381
-101.839767   46.060322
-101.842987   46.057575
-101.839798   46.056824
-101.844627   46.057415
-101.845612   46.055038
-101.842224   46.050201
-101.846916   46.049717
-101.848694   46.051979
-101.849541   46.047634
-101.859909   46.048058
-101.845268   46.044075
-101.844322   46.041882
-101.847565   46.041126
-101.840149   46.037998
-101.841690   46.029133
-101.837952   46.029045
-101.837952   46.033039
-101.836044   46.031170
-101.834579   46.033661
-101.833031   46.031784
-101.830704   46.032658
-101.827751   46.037933
-101.812759   46.027401
-101.814171   46.031742
-101.804688   46.030483
-101.801842   46.027927
-101.803314   46.025318
-101.798820   46.024181
-101.800461   46.026897
-101.796860   46.028633
-101.799637   46.032379
-101.795280   46.035534
-101.789894   46.034435
-101.782478   46.038433
-101.783730   46.035988
-101.781273   46.035305
-101.778381   46.039116
-101.775200   46.036697
-101.771500   46.037331
-101.773460   46.034615
-101.767265   46.033836
-101.765358   46.030636
-101.762016   46.032623
-101.766968   46.035709
-101.761391   46.035591
-101.755547   46.042511
-101.753677   46.037552
-101.748657   46.041203
-101.748543   46.033234
-101.757881   46.031754
-101.756378   46.028782
-101.752243   46.030472
-101.751099   46.028435
-101.746109   46.028160
-101.738182   46.037575
-101.727036   46.035503
-101.727226   46.032440
-101.722557   46.028671
-101.715248   46.028061
-101.718887   46.023167
-101.712303   46.021599
-101.712456   46.026276
-101.704285   46.022213
-101.698486   46.026989
-101.696457   46.023422
-101.699333   46.022507
-101.695206   46.020065
-101.692680   46.019287
-101.687462   46.022419
-101.685303   46.019035
-101.688873   46.018623
-101.685463   46.013554
-101.680679   46.012913
-101.684151   46.016659
-101.674965   46.016247
-101.677261   46.011471
-101.663956   46.015949
-101.664124   46.011631
-101.656181   46.012383
-101.657097   46.015102
-101.660309   46.014507
-101.654701   46.016975
-101.651627   46.014278
-101.645126   46.015144
-101.642693   46.020493
-101.649612   46.023987
-101.646927   46.025429
-101.642662   46.024147
-101.645638   46.029564
-101.643280   46.028099
-101.634750   46.030083
-101.638130   46.031914
-101.634613   46.034859
-101.637398   46.037373
-101.624329   46.036434
-101.621391   46.036839
-101.619476   46.030125
-101.615936   46.030678
-101.614456   46.024006
-101.609665   46.023685
-101.610809   46.018681
-101.603264   46.016991
-101.599129   46.013226
-101.599686   46.016651
-101.592934   46.016289
-101.595360   46.014484
-101.588539   46.009277
-101.589973   46.013092
-101.585129   46.011997
-101.587914   46.016403
-101.583099   46.015671
-101.578506   46.018551
-101.573753   46.025410
-101.570724   46.021481
-101.567352   46.023697
-101.567482   46.018600
-101.562790   46.017731
-101.566666   46.014397
-101.559387   46.010944
-101.556068   46.011654
-101.553650   46.006763
-101.551483   46.010876
-101.545837   46.012890
-101.544823   46.016064
-101.550400   46.016747
-101.548164   46.018070
-101.534691   46.016430
-101.533142   46.013271
-101.526909   46.016422
-101.532722   46.020561
-101.531174   46.025723
-101.534256   46.024517
-101.534744   46.030640
-101.523849   46.028625
-101.515785   46.030632
-101.518997   46.026382
-101.516998   46.025356
-101.511360   46.026657
-101.508995   46.030106
-101.508247   46.024895
-101.504173   46.025490
-101.499687   46.023052
-101.499428   46.023102
-101.495857   46.023933
-101.497795   46.027424
-101.492378   46.025211
-101.493134   46.027405
-101.485268   46.028183
-101.495110   46.033688
-101.492226   46.035725
-101.489525   46.032753
-101.490486   46.037369
-101.483467   46.037167
-101.487503   46.042740
-101.493240   46.036980
-101.497871   46.040588
-101.484161   46.048157
-101.488930   46.051197
-101.478523   46.052727
-101.478325   46.055084
-101.471397   46.054150
-101.474396   46.059498
-101.468056   46.058468
-101.465858   46.050358
-101.457878   46.049992
-101.444847   46.054016
-101.444099   46.056278
-101.430313   46.052963
-101.428146   46.060230
-101.411797   46.059155
-101.414032   46.065414
-101.408684   46.066925
-101.406708   46.070808
-101.397118   46.073826
-101.397736   46.076977
-101.385887   46.079414
-101.367950   46.075207
-101.364365   46.069958
-101.358040   46.077705
-101.352982   46.074417
-101.347305   46.075466
-101.345894   46.079399
-101.334534   46.082672
-101.335655   46.084747
-101.343803   46.085938
-101.343109   46.089249
-101.332176   46.091881
-101.325172   46.091080
-101.322319   46.097092
-101.311943   46.091927
-101.318741   46.100361
-101.308434   46.104294
-101.299202   46.105045
-101.301338   46.110046
-101.294334   46.116058
-101.298241   46.116974
-101.297485   46.120331
-101.301262   46.120106
-101.311119   46.125443
-101.302933   46.127441
-101.302277   46.132881
-101.297966   46.131943
-101.294556   46.127281
-101.290810   46.134228
-101.281860   46.134933
-101.281937   46.129700
-101.276642   46.129307
-101.274178   46.136120
-101.266647   46.130608
-101.259674   46.139793
-101.255661   46.139263
-101.253960   46.136501
-101.250610   46.135426
-101.248123   46.142391
-101.241547   46.138279
-101.236618   46.143127
-101.227737   46.137966
-101.225571   46.142490
-101.219223   46.145191
-101.223244   46.149715
-101.215744   46.149853
-101.212517   46.156116
-101.200058   46.153217
-101.194633   46.147709
-101.189964   46.147842
-101.196251   46.158928
-101.195427   46.161396
-101.187927   46.163204
-101.188522   46.166473
-101.193550   46.168049
-101.192169   46.174492
-101.195496   46.175865
-101.191574   46.181736
-101.197929   46.182377
-101.190590   46.191334
-101.176277   46.195103
-101.171051   46.191517
-101.165154   46.197117
-101.168373   46.201683
-101.158142   46.198643
-101.147156   46.201385
-101.142479   46.203873
-101.142006   46.210045
-101.131546   46.214355
-101.124023   46.211178
-101.121094   46.214123
-101.115433   46.214584
-101.114342   46.218849
-101.099907   46.228943
-101.105148   46.242947
-101.113548   46.240067
-101.116417   46.243034
-101.105782   46.249538
-101.104958   46.256451
-101.090927   46.258057
-101.088104   46.267380
-101.096443   46.268108
-101.095818   46.272816
-101.084946   46.275517
-101.057159   46.270218
-101.054092   46.278030
-101.049019   46.280846
-101.040649   46.281757
-101.036591   46.276131
-101.032051   46.275494
-101.023544   46.278687

Slope
ND
10
-103.231133   46.629910
-102.927551   46.630054
-102.924103   46.281513
-102.995018   46.280704
-103.361977   46.279732
-104.045082   46.280186
-104.044617   46.540924
-103.800400   46.540737
-103.800423   46.629551
-103.608742   46.629787

Stark
ND
12
-102.144279   47.010311
-102.144173   46.981049
-102.096275   46.981167
-102.095802   46.717701
-102.096199   46.631050
-102.432129   46.629871
-102.927551   46.630054
-103.231133   46.629910
-103.230545   46.980358
-103.032234   46.980450
-102.525002   46.981300
-102.524994   47.010303

Steele
ND
10
 -97.984421   47.672218
 -97.882263   47.672302
 -97.472374   47.672066
 -97.474030   47.324692
 -97.451584   47.324512
 -97.450981   47.239071
 -97.705742   47.240051
 -97.960754   47.240551
 -97.960258   47.326092
 -97.986191   47.326157

Stutsman
ND
12
 -99.480377   47.327190
 -99.265884   47.327194
 -98.498878   47.326534
 -98.466942   47.326500
 -98.467094   47.240494
 -98.467056   46.979614
 -98.439095   46.979671
 -98.438667   46.631172
 -99.036118   46.630436
 -99.449280   46.631695
 -99.446030   46.980900
 -99.480698   46.980709

Towner
ND
14
 -99.525291   48.999298
 -99.099068   49.000019
 -99.048248   48.999928
 -99.026642   49.000011
 -98.999397   49.000000
 -98.999481   48.718052
 -98.969963   48.718063
 -98.970024   48.544189
 -98.970558   48.370464
 -99.199951   48.370605
 -99.492500   48.370953
 -99.492828   48.544842
 -99.492752   48.718376
 -99.525864   48.718334

Traill
ND
152
 -97.472374   47.672066
 -96.886520   47.672215
 -96.889778   47.670006
 -96.885384   47.664291
 -96.887321   47.657692
 -96.886620   47.653076
 -96.882256   47.649803
 -96.882294   47.642220
 -96.888214   47.638477
 -96.880653   47.629333
 -96.874352   47.628284
 -96.880348   47.625439
 -96.875519   47.623024
 -96.879280   47.619026
 -96.870514   47.618069
 -96.873619   47.613934
 -96.868248   47.614822
 -96.855370   47.609257
 -96.856544   47.602356
 -96.850601   47.597721
 -96.858536   47.595341
 -96.849785   47.591595
 -96.851685   47.585037
 -96.853958   47.578026
 -96.860069   47.574547
 -96.852608   47.571445
 -96.851563   47.568359
 -96.858444   47.567146
 -96.865265   47.569546
 -96.868469   47.566891
 -96.862526   47.562576
 -96.847061   47.566303
 -96.853378   47.560593
 -96.861137   47.559219
 -96.857491   47.555538
 -96.849426   47.553211
 -96.859909   47.545921
 -96.848030   47.542500
 -96.844925   47.538593
 -96.849144   47.537380
 -96.855217   47.542084
 -96.862534   47.540871
 -96.860542   47.537354
 -96.854301   47.538269
 -96.853195   47.536236
 -96.860168   47.529564
 -96.870621   47.527252
 -96.866333   47.525379
 -96.861061   47.515900
 -96.853851   47.514397
 -96.846222   47.516998
 -96.841873   47.515926
 -96.843864   47.512501
 -96.850716   47.513573
 -96.853302   47.511879
 -96.850868   47.509621
 -96.841843   47.509094
 -96.843994   47.507038
 -96.852699   47.506855
 -96.852959   47.501347
 -96.848503   47.499020
 -96.848587   47.497929
 -96.864510   47.491566
 -96.852036   47.487045
 -96.852440   47.484329
 -96.862175   47.484184
 -96.868103   47.478699
 -96.865440   47.476761
 -96.855972   47.481239
 -96.851517   47.478954
 -96.860550   47.472076
 -96.853737   47.460243
 -96.863068   47.457226
 -96.853867   47.454304
 -96.858849   47.451855
 -96.855675   47.439156
 -96.862274   47.435909
 -96.852539   47.432304
 -96.857491   47.432278
 -96.864281   47.427635
 -96.854050   47.425423
 -96.871483   47.418835
 -96.860870   47.417835
 -96.861473   47.414364
 -96.855515   47.409546
 -96.841820   47.411785
 -96.852386   47.405937
 -96.839149   47.399654
 -96.848473   47.394100
 -96.839249   47.392460
 -96.837234   47.389008
 -96.841934   47.386017
 -96.837936   47.382065
 -96.842171   47.380692
 -96.848801   47.382446
 -96.843246   47.375984
 -96.854439   47.373493
 -96.846298   47.370342
 -96.840248   47.373520
 -96.836609   47.372196
 -96.843674   47.368011
 -96.852280   47.369701
 -96.858093   47.367710
 -96.848068   47.364628
 -96.851906   47.359715
 -96.850395   47.357086
 -96.836868   47.355061
 -96.839264   47.353233
 -96.844101   47.354328
 -96.842827   47.350647
 -96.846992   47.349438
 -96.840233   47.340984
 -96.830383   47.338882
 -96.834412   47.332577
 -96.843018   47.331886
 -96.845772   47.329647
 -96.841034   47.326546
 -96.834579   47.330910
 -96.830177   47.329742
 -96.828964   47.326660
 -96.836975   47.324093
 -96.835144   47.319073
 -96.846672   47.315529
 -96.842064   47.313175
 -96.842972   47.308811
 -96.836685   47.311420
 -96.830505   47.305454
 -96.843567   47.293049
 -96.839996   47.275524
 -96.847282   47.271568
 -96.845131   47.268803
 -96.837074   47.269215
 -96.834381   47.266685
 -96.837502   47.264511
 -96.844658   47.265217
 -96.847168   47.261333
 -96.835495   47.262272
 -96.836571   47.258457
 -96.845024   47.258408
 -96.838440   47.256374
 -96.843941   47.250549
 -96.840614   47.249641
 -96.837334   47.253109
 -96.831924   47.246857
 -96.841660   47.242992
 -96.843765   47.239929
 -96.840851   47.238857
 -96.836388   47.242352
 -96.832588   47.237617
 -97.450981   47.239071
 -97.451584   47.324512
 -97.474030   47.324692

Walsh
ND
134
 -98.317696   48.543777
 -97.926697   48.543072
 -97.161087   48.542339
 -97.141045   48.535480
 -97.141853   48.532269
 -97.153282   48.529514
 -97.152084   48.520374
 -97.145073   48.518757
 -97.130447   48.522713
 -97.126427   48.520206
 -97.136269   48.512215
 -97.149918   48.511616
 -97.148842   48.500854
 -97.134239   48.494255
 -97.131149   48.489025
 -97.134758   48.487747
 -97.142670   48.492352
 -97.139946   48.484741
 -97.158859   48.481125
 -97.162323   48.477798
 -97.156631   48.474968
 -97.136154   48.477646
 -97.128578   48.475761
 -97.130257   48.471233
 -97.140381   48.474709
 -97.147072   48.472767
 -97.147133   48.468414
 -97.142670   48.463840
 -97.130287   48.463436
 -97.128197   48.460320
 -97.130341   48.452225
 -97.150291   48.440830
 -97.144821   48.438095
 -97.132477   48.443817
 -97.125000   48.442310
 -97.123100   48.437035
 -97.126434   48.431820
 -97.140900   48.433788
 -97.145531   48.431164
 -97.142250   48.427670
 -97.128258   48.424156
 -97.122025   48.419510
 -97.125702   48.416142
 -97.133209   48.420937
 -97.141792   48.421455
 -97.155067   48.416756
 -97.153999   48.413548
 -97.148582   48.412907
 -97.139534   48.418507
 -97.130661   48.407871
 -97.145348   48.397449
 -97.158302   48.396366
 -97.162781   48.393658
 -97.162430   48.391766
 -97.156418   48.390903
 -97.157341   48.386505
 -97.151649   48.382896
 -97.146004   48.381416
 -97.135902   48.383965
 -97.132996   48.382214
 -97.140999   48.378475
 -97.136963   48.373016
 -97.138268   48.370716
 -97.150902   48.371227
 -97.155067   48.368870
 -97.155136   48.363785
 -97.146515   48.359570
 -97.143181   48.354286
 -97.135857   48.352200
 -97.140198   48.345009
 -97.129410   48.343487
 -97.125572   48.340595
 -97.128693   48.332909
 -97.139679   48.329865
 -97.141365   48.325745
 -97.128853   48.328148
 -97.119949   48.327114
 -97.115234   48.323944
 -97.119385   48.320805
 -97.132248   48.319164
 -97.137749   48.310585
 -97.133987   48.308846
 -97.125000   48.311852
 -97.121857   48.308720
 -97.126335   48.304020
 -97.111877   48.296490
 -97.113457   48.294243
 -97.118866   48.294273
 -97.127953   48.298840
 -97.136986   48.291771
 -97.137550   48.287899
 -97.134583   48.287140
 -97.124413   48.291672
 -97.116287   48.280704
 -97.118408   48.277374
 -97.124771   48.276688
 -97.125000   48.270470
 -97.140015   48.271175
 -97.144691   48.268784
 -97.143517   48.265762
 -97.128197   48.264832
 -97.122604   48.261684
 -97.130257   48.258999
 -97.124763   48.250000
 -97.135223   48.249504
 -97.146393   48.244499
 -97.145584   48.241634
 -97.133385   48.239094
 -97.144295   48.233582
 -97.138962   48.230206
 -97.124100   48.228405
 -97.120346   48.224773
 -97.124161   48.223190
 -97.132935   48.226959
 -97.138206   48.226746
 -97.149315   48.223164
 -97.151840   48.219650
 -97.147934   48.218330
 -97.138702   48.221970
 -97.122536   48.216511
 -97.117485   48.209782
 -97.123344   48.207619
 -97.131020   48.217201
 -97.138611   48.217091
 -97.137909   48.213081
 -97.129593   48.210724
 -97.128929   48.208397
 -97.140556   48.204536
 -97.135330   48.197140
 -97.140877   48.193619
 -97.903091   48.194893
 -98.292053   48.195000
 -98.291702   48.369595
 -98.318306   48.369801

Ward
ND
20
-102.233727   48.545883
-102.233162   48.720078
-102.152153   48.720169
-102.151649   48.807034
-102.021255   48.806915
-102.021019   48.720078
-101.842323   48.719975
-101.841530   48.459530
-101.059616   48.458603
-101.059654   48.371456
-101.013817   48.371429
-101.014824   48.022781
-100.970055   48.022667
-100.970894   47.848701
-101.871201   47.847721
-101.871223   48.023125
-101.922005   48.023232
-101.921791   48.372318
-101.972961   48.372082
-101.972878   48.547112

Wells
ND
11
-100.068802   47.847301
 -99.811523   47.847572
 -99.297028   47.846863
 -99.296906   47.672935
 -99.265572   47.672745
 -99.265678   47.587624
 -99.265884   47.327194
 -99.480377   47.327190
-100.032898   47.327202
-100.032425   47.673733
-100.069130   47.673691

Williams
ND
111
-104.047096   48.633961
-103.375000   48.633141
-102.885468   48.633205
-102.885445   48.546284
-102.884933   48.372612
-102.827599   48.372898
-102.828018   48.123646
-102.847305   48.132599
-102.866302   48.137001
-102.876839   48.134964
-102.899239   48.123257
-102.919426   48.121750
-102.931000   48.125000
-102.938004   48.132484
-102.946968   48.135944
-102.967125   48.138100
-102.993355   48.135857
-103.006325   48.131844
-103.034241   48.135574
-103.068619   48.132397
-103.088348   48.124626
-103.092667   48.127724
-103.091591   48.143116
-103.101143   48.146473
-103.131401   48.142872
-103.156647   48.136173
-103.184380   48.134155
-103.201424   48.135189
-103.213326   48.128567
-103.236801   48.108898
-103.253151   48.091206
-103.251160   48.087311
-103.235306   48.083500
-103.226707   48.077900
-103.227203   48.068100
-103.234398   48.061901
-103.242203   48.060001
-103.259705   48.062599
-103.272400   48.061001
-103.276802   48.057999
-103.280800   48.045799
-103.287903   48.040100
-103.315308   48.041599
-103.356102   48.028702
-103.377403   48.025002
-103.395905   48.027802
-103.419502   48.035599
-103.429504   48.035702
-103.446800   48.027302
-103.462601   48.023201
-103.484596   48.006699
-103.496002   48.005199
-103.509506   48.011600
-103.527504   48.035099
-103.556602   48.034199
-103.568901   48.035702
-103.576797   48.039101
-103.584198   48.044201
-103.583397   48.055698
-103.553596   48.075500
-103.546799   48.086201
-103.549004   48.087799
-103.567703   48.087898
-103.583397   48.092201
-103.604301   48.106800
-103.608200   48.111198
-103.607307   48.114498
-103.585167   48.125530
-103.589737   48.134083
-103.603470   48.131989
-103.617104   48.119202
-103.632301   48.111301
-103.646004   48.112000
-103.668800   48.121601
-103.682503   48.121700
-103.714302   48.110298
-103.741737   48.093380
-103.743401   48.087540
-103.739845   48.083382
-103.710342   48.067844
-103.710564   48.058006
-103.745270   48.040493
-103.754349   48.043221
-103.770035   48.056458
-103.780273   48.059269
-103.787193   48.058029
-103.793747   48.050495
-103.797287   48.038940
-103.790810   48.018436
-103.796440   48.000000
-103.810547   47.985897
-103.823570   47.978973
-103.828560   47.980572
-103.824989   47.989731
-103.827209   47.998367
-103.857895   48.015736
-103.863892   48.008640
-103.854881   47.996422
-103.863792   47.987961
-103.870529   47.970825
-103.884651   47.962650
-103.919304   47.955933
-103.942200   47.975700
-103.966904   47.985500
-103.984993   47.984016
-103.989441   47.971851
-103.998886   47.967690
-104.006554   47.967319
-104.021111   47.989166
-104.043633   47.996086
-104.046425   48.389408

