 -72.557594   42.696899
 -70.703026   45.305248
10

Belknap
NH
70
 -71.728226   43.563454
 -71.725098   43.565193
 -71.724380   43.570900
 -71.716042   43.577763
 -71.721817   43.583813
 -71.731613   43.588654
 -71.730751   43.592957
 -71.726501   43.595688
 -71.719543   43.595764
 -71.710869   43.601601
 -71.703140   43.594471
 -71.686165   43.595390
 -71.670403   43.604332
 -71.663635   43.604992
 -71.665001   43.614525
 -71.651390   43.621155
 -71.657509   43.629822
 -71.654541   43.633644
 -71.651581   43.643440
 -71.655357   43.660877
 -71.648682   43.672192
 -71.651711   43.680511
 -71.648750   43.686089
 -71.582092   43.691898
 -71.522675   43.697109
 -71.532845   43.764957
 -71.440102   43.695927
 -71.344925   43.629383
 -71.344673   43.629250
 -71.341614   43.627075
 -71.334152   43.619942
 -71.285370   43.588287
 -71.259041   43.570988
 -71.228043   43.565289
 -71.209435   43.551281
 -71.204681   43.553116
 -71.200081   43.559368
 -71.164108   43.539291
 -71.192696   43.512512
 -71.160622   43.355782
 -71.236320   43.284637
 -71.347473   43.346497
 -71.453430   43.401829
 -71.467857   43.409313
 -71.547455   43.452507
 -71.560921   43.455181
 -71.561333   43.450321
 -71.569778   43.452148
 -71.580795   43.443485
 -71.594818   43.442497
 -71.595848   43.437946
 -71.600899   43.434700
 -71.603882   43.439865
 -71.612877   43.438190
 -71.615990   43.443264
 -71.619965   43.443684
 -71.628426   43.459270
 -71.625458   43.460388
 -71.629356   43.468479
 -71.625839   43.470264
 -71.639160   43.492649
 -71.653870   43.488716
 -71.654243   43.491486
 -71.662224   43.495853
 -71.678154   43.501740
 -71.691147   43.518265
 -71.688194   43.529037
 -71.706612   43.538109
 -71.714493   43.551517
 -71.725014   43.556236

Carroll
NH
87
 -71.416283   44.212017
 -71.395729   44.214844
 -71.385475   44.179081
 -71.374252   44.173763
 -71.357994   44.165932
 -71.357071   44.163101
 -71.343712   44.122231
 -71.344093   44.092155
 -71.336609   44.085751
 -71.324219   44.091442
 -71.312401   44.091656
 -71.308212   44.112511
 -71.303223   44.137131
 -71.306496   44.137161
 -71.261024   44.227905
 -71.252876   44.244175
 -71.243690   44.243809
 -71.097977   44.235329
 -71.042976   44.237743
 -71.042610   44.274818
 -71.044945   44.283623
 -71.010513   44.284695
 -71.010162   44.272919
 -71.002686   44.109776
 -71.000771   44.069187
 -71.000000   44.059551
 -70.995399   43.960609
 -70.993759   43.925282
 -70.992645   43.886246
 -70.992218   43.877525
 -70.989563   43.792362
 -70.989548   43.792076
 -70.981041   43.684055
 -70.980118   43.673019
 -70.975769   43.614380
 -70.973206   43.570175
 -70.967407   43.569355
 -70.963432   43.563595
 -70.957726   43.561279
 -70.955513   43.554161
 -70.951324   43.550949
 -70.954277   43.540409
 -70.962669   43.540951
 -71.024925   43.482899
 -71.037781   43.529613
 -71.044640   43.525028
 -71.046516   43.529606
 -71.052605   43.524681
 -71.056160   43.528126
 -71.063133   43.524155
 -71.067528   43.527237
 -71.085167   43.506695
 -71.089653   43.512669
 -71.093452   43.507168
 -71.097290   43.511745
 -71.102531   43.507229
 -71.106743   43.512505
 -71.112312   43.506855
 -71.128227   43.572937
 -71.164108   43.539291
 -71.200081   43.559368
 -71.204681   43.553116
 -71.209435   43.551281
 -71.228043   43.565289
 -71.259041   43.570988
 -71.285370   43.588287
 -71.334152   43.619942
 -71.341614   43.627075
 -71.344673   43.629250
 -71.344925   43.629383
 -71.440102   43.695927
 -71.532845   43.764957
 -71.538445   43.796494
 -71.544128   43.796158
 -71.561043   43.875076
 -71.565094   43.893040
 -71.362373   43.915482
 -71.379135   44.001595
 -71.383102   44.022461
 -71.347343   44.068939
 -71.367218   44.068920
 -71.382278   44.097713
 -71.377022   44.103859
 -71.376778   44.119419
 -71.388062   44.155437
 -71.413330   44.166302
 -71.425957   44.210770

Cheshire
NH
91
 -72.452568   43.161335
 -72.432526   43.159657
 -72.432076   43.135616
 -72.372520   43.132046
 -72.376854   43.157658
 -72.330872   43.155113
 -72.332626   43.162827
 -72.262756   43.169468
 -72.220253   43.174717
 -72.157013   43.181885
 -72.173569   43.149105
 -72.178925   43.131882
 -72.038628   43.128727
 -72.034866   43.128651
 -72.042587   43.082195
 -72.058578   43.018826
 -72.059387   43.005039
 -72.061722   42.965908
 -72.062851   42.944756
 -72.006546   42.943821
 -72.003906   42.931023
 -72.001511   42.919430
 -71.990875   42.865227
 -71.984245   42.833832
 -71.974846   42.789299
 -71.945274   42.788502
 -71.929291   42.712147
 -71.981880   42.713207
 -72.078918   42.716156
 -72.111542   42.717083
 -72.204117   42.719452
 -72.283455   42.721462
 -72.326614   42.722729
 -72.412491   42.725353
 -72.451729   42.726597
 -72.458984   42.726772
 -72.464294   42.736851
 -72.473534   42.745834
 -72.478081   42.761166
 -72.491592   42.772385
 -72.498413   42.772835
 -72.501160   42.767574
 -72.508453   42.764332
 -72.516022   42.765228
 -72.516953   42.769203
 -72.508514   42.775284
 -72.509979   42.781101
 -72.518822   42.790569
 -72.542564   42.807556
 -72.546570   42.823723
 -72.549019   42.841942
 -72.557594   42.852413
 -72.555374   42.858070
 -72.556679   42.866867
 -72.553307   42.884888
 -72.541176   42.889301
 -72.533241   42.895996
 -72.530685   42.911495
 -72.524742   42.916386
 -72.527283   42.934052
 -72.527893   42.943069
 -72.534370   42.948513
 -72.534584   42.952053
 -72.521301   42.961617
 -72.493065   42.967567
 -72.482178   42.973904
 -72.475166   42.971668
 -72.463623   42.981022
 -72.461945   42.983673
 -72.465797   42.989479
 -72.463409   42.996864
 -72.457405   43.001228
 -72.449181   43.001087
 -72.444138   43.006920
 -72.445107   43.010487
 -72.460052   43.020496
 -72.463455   43.027035
 -72.460716   43.040592
 -72.467834   43.052567
 -72.445671   43.071274
 -72.435783   43.083462
 -72.443520   43.100765
 -72.433128   43.113998
 -72.433571   43.119946
 -72.438263   43.125000
 -72.443497   43.130436
 -72.441246   43.131397
 -72.441719   43.136150
 -72.452454   43.138847
 -72.457359   43.146481
 -72.452271   43.153408

Coos
NH
310
 -71.502960   45.013321
 -71.500542   45.014168
 -71.500603   45.023560
 -71.497726   45.023670
 -71.500275   45.026134
 -71.499893   45.026897
 -71.492683   45.035351
 -71.491623   45.041729
 -71.492065   45.042618
 -71.491562   45.043629
 -71.492638   45.043755
 -71.493622   45.045727
 -71.500000   45.044628
 -71.505013   45.052338
 -71.501015   45.051899
 -71.498650   45.054703
 -71.498154   45.054890
 -71.498360   45.055054
 -71.497917   45.055576
 -71.501831   45.058025
 -71.501740   45.058250
 -71.497513   45.060673
 -71.498367   45.066837
 -71.497971   45.067848
 -71.489456   45.071190
 -71.482780   45.080097
 -71.481239   45.080723
 -71.481239   45.082153
 -71.480179   45.083565
 -71.469109   45.084133
 -71.469002   45.084377
 -71.468796   45.084385
 -71.452950   45.102501
 -71.449738   45.104477
 -71.449440   45.106522
 -71.443596   45.113197
 -71.440727   45.113415
 -71.440407   45.116383
 -71.428101   45.126266
 -71.427231   45.129627
 -71.437920   45.141266
 -71.427490   45.152802
 -71.427315   45.153122
 -71.427223   45.153214
 -71.427200   45.153332
 -71.401070   45.201580
 -71.398285   45.203506
 -71.403748   45.215305
 -71.416550   45.218277
 -71.421844   45.223991
 -71.443710   45.234802
 -71.443062   45.238342
 -71.431076   45.234917
 -71.429810   45.234184
 -71.426697   45.233662
 -71.426216   45.233524
 -71.426086   45.233559
 -71.420815   45.232677
 -71.415092   45.236443
 -71.412567   45.237106
 -71.393097   45.238327
 -71.388016   45.233925
 -71.387100   45.234715
 -71.385399   45.233307
 -71.380188   45.240631
 -71.364273   45.247864
 -71.364120   45.248009
 -71.363495   45.248161
 -71.357735   45.253292
 -71.357620   45.254333
 -71.357216   45.254730
 -71.357521   45.255272
 -71.357315   45.257133
 -71.363693   45.266384
 -71.361031   45.269772
 -71.353928   45.268654
 -71.348434   45.271885
 -71.346069   45.272251
 -71.336868   45.273026
 -71.336380   45.273754
 -71.335777   45.273846
 -71.332214   45.279922
 -71.309486   45.287197
 -71.301582   45.296520
 -71.285332   45.301865
 -71.281219   45.295143
 -71.265419   45.293404
 -71.267235   45.291187
 -71.264236   45.283432
 -71.263519   45.277355
 -71.261215   45.275604
 -71.259972   45.272396
 -71.257820   45.273026
 -71.233566   45.254574
 -71.231606   45.249668
 -71.222481   45.253502
 -71.221123   45.251076
 -71.212280   45.250412
 -71.204933   45.252476
 -71.182785   45.240566
 -71.182030   45.240932
 -71.181389   45.239811
 -71.177635   45.243042
 -71.162582   45.250286
 -71.148232   45.239601
 -71.133736   45.244419
 -71.133247   45.245079
 -71.132439   45.245377
 -71.120399   45.262241
 -71.120224   45.262859
 -71.109238   45.277847
 -71.107826   45.278568
 -71.106606   45.281433
 -71.106148   45.282063
 -71.106308   45.282143
 -71.106178   45.282452
 -71.106842   45.282402
 -71.111221   45.284531
 -71.104919   45.291733
 -71.105164   45.292702
 -71.098709   45.301403
 -71.084816   45.305248
 -71.077400   45.246864
 -71.060226   45.014797
 -71.057632   44.990471
 -71.056366   44.973461
 -71.050041   44.896210
 -71.046806   44.863529
 -71.043747   44.828506
 -71.039726   44.778061
 -71.035347   44.709854
 -71.031517   44.655399
 -71.029221   44.610291
 -71.019264   44.440365
 -71.017799   44.415157
 -71.015388   44.371376
 -71.013229   44.340721
 -71.010513   44.284695
 -71.044945   44.283623
 -71.042610   44.274818
 -71.042976   44.237743
 -71.097977   44.235329
 -71.243690   44.243809
 -71.252876   44.244175
 -71.261024   44.227905
 -71.306496   44.137161
 -71.303223   44.137131
 -71.308212   44.112511
 -71.312401   44.091656
 -71.324219   44.091442
 -71.336609   44.085751
 -71.344093   44.092155
 -71.343712   44.122231
 -71.357071   44.163101
 -71.357994   44.165932
 -71.374252   44.173763
 -71.385475   44.179081
 -71.395729   44.214844
 -71.416283   44.212017
 -71.443794   44.249229
 -71.470161   44.259953
 -71.506233   44.255508
 -71.507813   44.262932
 -71.576225   44.254635
 -71.587585   44.304726
 -71.687225   44.336437
 -71.697136   44.332264
 -71.765213   44.406574
 -71.756561   44.406345
 -71.746017   44.401230
 -71.739281   44.407848
 -71.731880   44.410954
 -71.715553   44.410431
 -71.703247   44.413681
 -71.686317   44.423347
 -71.683098   44.427601
 -71.678085   44.427189
 -71.679466   44.435230
 -71.668076   44.436810
 -71.661278   44.441639
 -71.653862   44.460369
 -71.645508   44.460571
 -71.640877   44.464203
 -71.648315   44.469944
 -71.646362   44.475082
 -71.632339   44.484154
 -71.625488   44.482094
 -71.634956   44.478397
 -71.633400   44.474895
 -71.629631   44.474323
 -71.625000   44.475922
 -71.619133   44.485199
 -71.606697   44.484833
 -71.599091   44.487152
 -71.594719   44.500622
 -71.587128   44.498676
 -71.589073   44.506725
 -71.581589   44.501949
 -71.577538   44.503479
 -71.594727   44.521626
 -71.582977   44.524349
 -71.574928   44.533604
 -71.574211   44.539070
 -71.597275   44.553368
 -71.596611   44.560844
 -71.590668   44.565693
 -71.570045   44.562977
 -71.561256   44.564030
 -71.556747   44.570663
 -71.552147   44.569603
 -71.549202   44.571819
 -71.555176   44.579205
 -71.552742   44.584232
 -71.551407   44.580528
 -71.546989   44.578583
 -71.539566   44.583317
 -71.536720   44.588387
 -71.540909   44.589622
 -71.539917   44.593872
 -71.545074   44.591545
 -71.549515   44.592438
 -71.546547   44.594147
 -71.547310   44.596916
 -71.557579   44.594700
 -71.552658   44.601498
 -71.557579   44.599773
 -71.562759   44.601669
 -71.554344   44.607018
 -71.556229   44.624069
 -71.554367   44.625355
 -71.547531   44.622875
 -71.558060   44.628326
 -71.547295   44.629421
 -71.554588   44.631157
 -71.562592   44.636528
 -71.563103   44.639454
 -71.558502   44.642002
 -71.564896   44.654102
 -71.569733   44.650700
 -71.577866   44.651291
 -71.580147   44.653027
 -71.575882   44.655865
 -71.584244   44.657120
 -71.588226   44.661999
 -71.585037   44.665298
 -71.587868   44.670074
 -71.582458   44.673485
 -71.596779   44.679031
 -71.594696   44.683765
 -71.598511   44.692768
 -71.594604   44.696884
 -71.600632   44.698868
 -71.600220   44.705269
 -71.618820   44.722561
 -71.618126   44.728867
 -71.625298   44.728615
 -71.625648   44.743927
 -71.632309   44.750000
 -71.631630   44.753681
 -71.617889   44.756878
 -71.611778   44.765884
 -71.602936   44.771866
 -71.596352   44.776566
 -71.596992   44.779900
 -71.593109   44.783169
 -71.580116   44.785774
 -71.573601   44.792152
 -71.569717   44.807922
 -71.578072   44.815556
 -71.574158   44.821407
 -71.562386   44.825050
 -71.557945   44.834435
 -71.551872   44.838161
 -71.556496   44.847939
 -71.548813   44.855484
 -71.550003   44.862545
 -71.546371   44.866089
 -71.534477   44.869949
 -71.529625   44.873512
 -71.528816   44.877773
 -71.523186   44.880527
 -71.512154   44.891045
 -71.514305   44.894630
 -71.501556   44.904388
 -71.496864   44.904247
 -71.497131   44.909306
 -71.494873   44.911793
 -71.500755   44.911701
 -71.504951   44.919018
 -71.515663   44.927273
 -71.517006   44.935432
 -71.522408   44.939938
 -71.517426   44.939659
 -71.516045   44.943157
 -71.519440   44.949921
 -71.515312   44.958694
 -71.516693   44.964523
 -71.524193   44.964344
 -71.522842   44.966263
 -71.527634   44.973625
 -71.541443   44.985439
 -71.533936   44.991131
 -71.537384   44.993576
 -71.530563   44.999611
 -71.509537   45.007267
 -71.505058   45.008205
 -71.488037   45.000893
 -71.480087   45.002861
 -71.475777   45.009624
 -71.465034   45.013592

Grafton
NH
207
 -71.838120   44.347740
 -71.813370   44.355488
 -71.816628   44.367500
 -71.812645   44.371925
 -71.816238   44.375404
 -71.815071   44.381371
 -71.800781   44.384216
 -71.802818   44.393318
 -71.792870   44.399887
 -71.779083   44.399738
 -71.765213   44.406574
 -71.697136   44.332264
 -71.687225   44.336437
 -71.587585   44.304726
 -71.576225   44.254635
 -71.507813   44.262932
 -71.506233   44.255508
 -71.470161   44.259953
 -71.443794   44.249229
 -71.416283   44.212017
 -71.425957   44.210770
 -71.413330   44.166302
 -71.388062   44.155437
 -71.376778   44.119419
 -71.377022   44.103859
 -71.382278   44.097713
 -71.367218   44.068920
 -71.347343   44.068939
 -71.383102   44.022461
 -71.379135   44.001595
 -71.362373   43.915482
 -71.565094   43.893040
 -71.561043   43.875076
 -71.544128   43.796158
 -71.538445   43.796494
 -71.532845   43.764957
 -71.522675   43.697109
 -71.582092   43.691898
 -71.648750   43.686089
 -71.651711   43.680511
 -71.648682   43.672192
 -71.655357   43.660877
 -71.651581   43.643440
 -71.654541   43.633644
 -71.657509   43.629822
 -71.651390   43.621155
 -71.665001   43.614525
 -71.663635   43.604992
 -71.670403   43.604332
 -71.686165   43.595390
 -71.703140   43.594471
 -71.710869   43.601601
 -71.719543   43.595764
 -71.726501   43.595688
 -71.730751   43.592957
 -71.731613   43.588654
 -71.721817   43.583813
 -71.716042   43.577763
 -71.724380   43.570900
 -71.725098   43.565193
 -71.728226   43.563454
 -71.730850   43.567879
 -71.735504   43.569111
 -71.742577   43.568241
 -71.744682   43.565815
 -71.749512   43.567871
 -71.756325   43.565845
 -71.761070   43.567741
 -71.778229   43.553112
 -71.785622   43.561302
 -71.791061   43.558380
 -71.798103   43.558975
 -71.803795   43.552940
 -71.815674   43.550995
 -71.818520   43.544502
 -71.849945   43.611504
 -71.864525   43.599369
 -71.892685   43.574528
 -71.931435   43.532940
 -71.935699   43.528378
 -72.067726   43.543922
 -72.069977   43.553215
 -72.091377   43.528870
 -72.120338   43.538216
 -72.106934   43.553421
 -72.171631   43.573948
 -72.208649   43.585007
 -72.330086   43.600132
 -72.328674   43.606174
 -72.335205   43.614449
 -72.334862   43.619179
 -72.327705   43.630463
 -72.329590   43.635490
 -72.314796   43.642235
 -72.314491   43.656090
 -72.303902   43.668205
 -72.305710   43.692360
 -72.305641   43.692535
 -72.302803   43.703423
 -72.271645   43.734070
 -72.264709   43.734089
 -72.235954   43.747280
 -72.235222   43.746723
 -72.238068   43.745060
 -72.235069   43.745564
 -72.233101   43.747959
 -72.232971   43.748116
 -72.218567   43.765659
 -72.205482   43.770870
 -72.205765   43.784405
 -72.196022   43.791420
 -72.183807   43.808083
 -72.189049   43.821064
 -72.182671   43.833958
 -72.183327   43.845039
 -72.188385   43.856056
 -72.183929   43.864925
 -72.170883   43.867805
 -72.167946   43.869083
 -72.168922   43.870815
 -72.169800   43.872509
 -72.174042   43.879601
 -72.172112   43.885292
 -72.160866   43.887299
 -72.151688   43.901745
 -72.121399   43.919018
 -72.117210   43.933922
 -72.118706   43.946098
 -72.106346   43.949303
 -72.099350   43.957359
 -72.101227   43.962357
 -72.091011   43.966129
 -72.105629   43.969940
 -72.114738   43.967449
 -72.112373   43.984978
 -72.117447   43.994411
 -72.104233   44.002773
 -72.105759   44.012596
 -72.102943   44.014816
 -72.097496   44.015118
 -72.093719   44.009312
 -72.090530   44.009834
 -72.095657   44.016602
 -72.095566   44.021763
 -72.091637   44.024395
 -72.083443   44.021656
 -72.080048   44.029835
 -72.075424   44.032623
 -72.079674   44.039436
 -72.078316   44.043823
 -72.062439   44.050014
 -72.069473   44.054405
 -72.068077   44.057968
 -72.058479   44.058109
 -72.049095   44.069580
 -72.053085   44.076733
 -72.043381   44.079361
 -72.037018   44.076889
 -72.032318   44.079559
 -72.045692   44.087151
 -72.033875   44.090782
 -72.031960   44.100403
 -72.040146   44.103310
 -72.043953   44.096931
 -72.048798   44.096840
 -72.055992   44.111217
 -72.053490   44.119740
 -72.042419   44.125587
 -72.037979   44.124645
 -72.034164   44.131481
 -72.042450   44.137104
 -72.043335   44.151222
 -72.040543   44.155689
 -72.043266   44.156551
 -72.042854   44.161282
 -72.048058   44.161739
 -72.053490   44.167839
 -72.057961   44.179379
 -72.066635   44.189713
 -72.064468   44.198009
 -72.058754   44.203995
 -72.060181   44.210693
 -72.053429   44.217731
 -72.054047   44.225979
 -72.048386   44.239437
 -72.059982   44.255737
 -72.061768   44.263271
 -72.059227   44.270058
 -72.067238   44.268116
 -72.068199   44.273666
 -72.058784   44.286648
 -72.053818   44.290440
 -72.046768   44.291924
 -72.033928   44.301819
 -72.033600   44.320305
 -72.029518   44.322338
 -72.019592   44.320324
 -72.010994   44.321758
 -71.988876   44.329857
 -71.985077   44.336185
 -71.945625   44.337685
 -71.935860   44.335712
 -71.929573   44.337517
 -71.917892   44.346478
 -71.907379   44.348225
 -71.872299   44.336578
 -71.853096   44.340813

Hillsborough
NH
61
 -72.038628   43.128727
 -72.023880   43.160072
 -72.037262   43.182476
 -72.009476   43.187798
 -71.913727   43.207188
 -71.856506   43.115303
 -71.810135   43.124405
 -71.732941   43.139412
 -71.668304   43.152508
 -71.641739   43.054092
 -71.519005   43.068832
 -71.513199   43.048199
 -71.490501   43.051201
 -71.484306   43.041302
 -71.473907   43.035000
 -71.455200   43.044102
 -71.449799   43.020302
 -71.392700   43.008900
 -71.377907   42.947102
 -71.375900   42.939098
 -71.451797   42.930599
 -71.442307   42.889500
 -71.427505   42.824799
 -71.387001   42.823299
 -71.361305   42.798901
 -71.366600   42.791801
 -71.364120   42.782959
 -71.359474   42.784977
 -71.354042   42.783173
 -71.351776   42.772079
 -71.284950   42.760021
 -71.260399   42.755699
 -71.246002   42.742500
 -71.256447   42.736012
 -71.294701   42.696899
 -71.369682   42.698208
 -71.387100   42.698700
 -71.432800   42.699902
 -71.458282   42.700436
 -71.542908   42.702599
 -71.543503   42.702599
 -71.630905   42.704601
 -71.652107   42.705101
 -71.701706   42.706299
 -71.773003   42.707901
 -71.805901   42.708900
 -71.899193   42.711330
 -71.929291   42.712147
 -71.945274   42.788502
 -71.974846   42.789299
 -71.984245   42.833832
 -71.990875   42.865227
 -72.001511   42.919430
 -72.003906   42.931023
 -72.006546   42.943821
 -72.062851   42.944756
 -72.061722   42.965908
 -72.059387   43.005039
 -72.058578   43.018826
 -72.042587   43.082195
 -72.034866   43.128651

Merrimack
NH
86
 -71.935699   43.528378
 -71.931435   43.532940
 -71.892685   43.574528
 -71.864525   43.599369
 -71.849945   43.611504
 -71.818520   43.544502
 -71.815674   43.550995
 -71.803795   43.552940
 -71.798103   43.558975
 -71.791061   43.558380
 -71.785622   43.561302
 -71.778229   43.553112
 -71.761070   43.567741
 -71.756325   43.565845
 -71.749512   43.567871
 -71.744682   43.565815
 -71.742577   43.568241
 -71.735504   43.569111
 -71.730850   43.567879
 -71.728226   43.563454
 -71.725014   43.556236
 -71.714493   43.551517
 -71.706612   43.538109
 -71.688194   43.529037
 -71.691147   43.518265
 -71.678154   43.501740
 -71.662224   43.495853
 -71.654243   43.491486
 -71.653870   43.488716
 -71.639160   43.492649
 -71.625839   43.470264
 -71.629356   43.468479
 -71.625458   43.460388
 -71.628426   43.459270
 -71.619965   43.443684
 -71.615990   43.443264
 -71.612877   43.438190
 -71.603882   43.439865
 -71.600899   43.434700
 -71.595848   43.437946
 -71.594818   43.442497
 -71.580795   43.443485
 -71.569778   43.452148
 -71.561333   43.450321
 -71.560921   43.455181
 -71.547455   43.452507
 -71.467857   43.409313
 -71.453430   43.401829
 -71.347473   43.346497
 -71.236320   43.284637
 -71.247704   43.274120
 -71.262390   43.250904
 -71.279610   43.221512
 -71.315842   43.162220
 -71.318237   43.162476
 -71.330490   43.139568
 -71.356674   43.101887
 -71.392738   43.040527
 -71.394157   43.038319
 -71.404060   43.041233
 -71.392700   43.008900
 -71.449799   43.020302
 -71.455200   43.044102
 -71.473907   43.035000
 -71.484306   43.041302
 -71.490501   43.051201
 -71.513199   43.048199
 -71.519005   43.068832
 -71.641739   43.054092
 -71.668304   43.152508
 -71.732941   43.139412
 -71.810135   43.124405
 -71.856506   43.115303
 -71.913727   43.207188
 -72.009476   43.187798
 -72.042007   43.222668
 -72.045876   43.254707
 -72.065903   43.254967
 -72.090492   43.322491
 -72.079140   43.338516
 -72.050301   43.380192
 -72.047371   43.411217
 -72.058456   43.422867
 -72.054276   43.441006
 -72.011818   43.436920
 -71.992226   43.466171

Rockingham
NH
108
 -71.247704   43.274120
 -71.134018   43.203644
 -71.128487   43.200108
 -71.027184   43.138004
 -71.073479   43.081665
 -71.012733   43.081951
 -70.981552   43.082363
 -70.934029   43.090069
 -70.875984   43.080372
 -70.862656   43.090427
 -70.860497   43.115719
 -70.864838   43.122272
 -70.857307   43.126598
 -70.847633   43.126163
 -70.833862   43.117939
 -70.826599   43.117802
 -70.820503   43.122501
 -70.783302   43.099499
 -70.779602   43.095798
 -70.768501   43.093498
 -70.756905   43.079899
 -70.742401   43.077301
 -70.738403   43.073399
 -70.709396   43.074902
 -70.705200   43.070900
 -70.704323   43.059734
 -70.703026   43.057457
 -70.704102   43.056900
 -70.711830   43.058151
 -70.716568   43.055370
 -70.718079   43.054485
 -70.717781   43.046848
 -70.712257   43.042324
 -70.715492   43.041603
 -70.719414   43.032162
 -70.731003   43.025211
 -70.734741   43.013096
 -70.744011   43.008106
 -70.745255   43.002228
 -70.742760   43.001160
 -70.750603   42.991005
 -70.757904   42.990471
 -70.763603   42.983170
 -70.765205   42.972832
 -70.770615   42.969612
 -70.771797   42.968910
 -70.772156   42.960896
 -70.781242   42.955372
 -70.783318   42.951458
 -70.787483   42.943611
 -70.794960   42.938625
 -70.798706   42.920807
 -70.795494   42.917957
 -70.801071   42.917484
 -70.804924   42.917160
 -70.806007   42.917068
 -70.809570   42.912437
 -70.814087   42.890362
 -70.814484   42.889675
 -70.814713   42.887325
 -70.817802   42.872200
 -70.817787   42.871990
 -70.825302   42.870899
 -70.849129   42.860847
 -70.886101   42.882401
 -70.903275   42.886440
 -70.915382   42.886475
 -70.915398   42.886501
 -70.931305   42.884499
 -70.967003   42.868900
 -70.998100   42.864300
 -71.004906   42.863300
 -71.031708   42.859001
 -71.044907   42.848701
 -71.054108   42.833000
 -71.064705   42.806198
 -71.116402   42.817600
 -71.133003   42.821301
 -71.167160   42.808247
 -71.182907   42.794201
 -71.186600   42.790600
 -71.182304   42.737499
 -71.224403   42.746601
 -71.246002   42.742500
 -71.260399   42.755699
 -71.284950   42.760021
 -71.351776   42.772079
 -71.354042   42.783173
 -71.359474   42.784977
 -71.364120   42.782959
 -71.366600   42.791801
 -71.361305   42.798901
 -71.387001   42.823299
 -71.427505   42.824799
 -71.442307   42.889500
 -71.451797   42.930599
 -71.375900   42.939098
 -71.377907   42.947102
 -71.392700   43.008900
 -71.404060   43.041233
 -71.394157   43.038319
 -71.392738   43.040527
 -71.356674   43.101887
 -71.330490   43.139568
 -71.318237   43.162476
 -71.315842   43.162220
 -71.279610   43.221512
 -71.262390   43.250904

Strafford
NH
125
 -71.164108   43.539291
 -71.128227   43.572937
 -71.112312   43.506855
 -71.106743   43.512505
 -71.102531   43.507229
 -71.097290   43.511745
 -71.093452   43.507168
 -71.089653   43.512669
 -71.085167   43.506695
 -71.067528   43.527237
 -71.063133   43.524155
 -71.056160   43.528126
 -71.052605   43.524681
 -71.046516   43.529606
 -71.044640   43.525028
 -71.037781   43.529613
 -71.024925   43.482899
 -70.962669   43.540951
 -70.963829   43.535168
 -70.958710   43.531509
 -70.957703   43.524918
 -70.954559   43.522533
 -70.957352   43.512642
 -70.955185   43.509106
 -70.958450   43.507961
 -70.959679   43.499271
 -70.965019   43.497169
 -70.970062   43.486118
 -70.967865   43.482327
 -70.970406   43.480587
 -70.976494   43.478073
 -70.970871   43.473137
 -70.964928   43.473194
 -70.961624   43.469028
 -70.967392   43.450378
 -70.961441   43.439384
 -70.969681   43.434292
 -70.971527   43.425529
 -70.982323   43.421013
 -70.987595   43.413490
 -70.987167   43.403461
 -70.983055   43.398594
 -70.983368   43.394730
 -70.988136   43.393013
 -70.986191   43.379139
 -70.974648   43.362843
 -70.977699   43.358971
 -70.972473   43.354202
 -70.973557   43.349483
 -70.967392   43.348465
 -70.967720   43.343697
 -70.960938   43.340969
 -70.957024   43.334614
 -70.953529   43.333176
 -70.937607   43.337288
 -70.931335   43.336433
 -70.933731   43.335220
 -70.931282   43.329487
 -70.923180   43.326073
 -70.922798   43.323608
 -70.920143   43.324211
 -70.916924   43.320194
 -70.912498   43.319740
 -70.912804   43.316139
 -70.915466   43.315331
 -70.912315   43.307442
 -70.907906   43.304699
 -70.903305   43.305901
 -70.902306   43.301399
 -70.897102   43.298500
 -70.904404   43.296799
 -70.907906   43.293499
 -70.905106   43.291302
 -70.896797   43.292301
 -70.898903   43.287498
 -70.896797   43.285198
 -70.884506   43.283401
 -70.886307   43.280300
 -70.883003   43.278900
 -70.883301   43.273102
 -70.874374   43.271778
 -70.870590   43.266254
 -70.863647   43.265263
 -70.859261   43.256531
 -70.855576   43.255108
 -70.852509   43.256725
 -70.842407   43.253460
 -70.839478   43.244488
 -70.838402   43.242310
 -70.827797   43.242802
 -70.818359   43.237827
 -70.816139   43.233143
 -70.817787   43.228966
 -70.812355   43.228226
 -70.810165   43.224476
 -70.817398   43.214520
 -70.820610   43.196888
 -70.820389   43.191975
 -70.828400   43.188599
 -70.825302   43.179600
 -70.823997   43.174500
 -70.828796   43.168900
 -70.829597   43.157799
 -70.834305   43.146801
 -70.828598   43.129002
 -70.820503   43.122501
 -70.826599   43.117802
 -70.833862   43.117939
 -70.847633   43.126163
 -70.857307   43.126598
 -70.864838   43.122272
 -70.860497   43.115719
 -70.862656   43.090427
 -70.875984   43.080372
 -70.934029   43.090069
 -70.981552   43.082363
 -71.012733   43.081951
 -71.073479   43.081665
 -71.027184   43.138004
 -71.128487   43.200108
 -71.134018   43.203644
 -71.247704   43.274120
 -71.236320   43.284637
 -71.160622   43.355782
 -71.192696   43.512512

Sullivan
NH
77
 -72.330086   43.600132
 -72.208649   43.585007
 -72.171631   43.573948
 -72.106934   43.553421
 -72.120338   43.538216
 -72.091377   43.528870
 -72.069977   43.553215
 -72.067726   43.543922
 -71.935699   43.528378
 -71.992226   43.466171
 -72.011818   43.436920
 -72.054276   43.441006
 -72.058456   43.422867
 -72.047371   43.411217
 -72.050301   43.380192
 -72.079140   43.338516
 -72.090492   43.322491
 -72.065903   43.254967
 -72.045876   43.254707
 -72.042007   43.222668
 -72.009476   43.187798
 -72.037262   43.182476
 -72.023880   43.160072
 -72.038628   43.128727
 -72.178925   43.131882
 -72.173569   43.149105
 -72.157013   43.181885
 -72.220253   43.174717
 -72.262756   43.169468
 -72.332626   43.162827
 -72.330872   43.155113
 -72.376854   43.157658
 -72.372520   43.132046
 -72.432076   43.135616
 -72.432526   43.159657
 -72.452568   43.161335
 -72.453186   43.172318
 -72.443871   43.179653
 -72.450745   43.192410
 -72.438377   43.202126
 -72.440971   43.218971
 -72.434166   43.233200
 -72.439659   43.245148
 -72.439163   43.252831
 -72.436340   43.257954
 -72.422050   43.263367
 -72.416794   43.269814
 -72.408310   43.282822
 -72.403038   43.301952
 -72.395988   43.312531
 -72.410667   43.330318
 -72.407326   43.337334
 -72.407013   43.337772
 -72.390602   43.356007
 -72.392639   43.357792
 -72.404419   43.358025
 -72.413841   43.362667
 -72.415565   43.365826
 -72.415848   43.380138
 -72.404282   43.391865
 -72.396828   43.428795
 -72.391029   43.451153
 -72.392967   43.467293
 -72.383415   43.475929
 -72.380768   43.489895
 -72.385239   43.500187
 -72.398590   43.510281
 -72.396866   43.519085
 -72.396690   43.519508
 -72.394676   43.527328
 -72.389557   43.528194
 -72.380852   43.540810
 -72.383247   43.562389
 -72.380608   43.564629
 -72.379906   43.574001
 -72.373589   43.579350
 -72.350395   43.587654

