-109.049431   31.332397
-103.001709   37.000244
34

Bernalillo
NM
22
-107.195580   35.219284
-106.644302   35.216999
-106.359116   35.217358
-106.244598   35.215000
-106.243401   35.040001
-106.243286   34.953243
-106.149506   34.953400
-106.149002   34.870155
-106.410400   34.870201
-106.410400   34.889442
-106.414635   34.892975
-106.417549   34.892239
-106.422798   34.901447
-106.431511   34.903217
-106.662384   34.906502
-106.685440   34.906097
-106.695938   34.896896
-106.704430   34.881866
-106.713181   34.880325
-106.719933   34.869999
-107.024200   34.870205
-107.066101   34.957146

Catron
NM
21
-109.045517   34.579250
-108.375000   34.578529
-108.093597   34.580967
-108.000000   34.578552
-107.724251   34.578007
-107.724861   34.259720
-107.715706   34.259800
-107.715797   33.875000
-107.714989   33.825527
-107.710670   33.825451
-107.712120   33.476826
-107.938362   33.474316
-107.967178   33.477886
-108.000000   33.477951
-108.000000   33.201492
-108.449387   33.200932
-108.542877   33.207764
-108.749176   33.209583
-108.956116   33.207302
-109.046616   33.208900
-109.046310   33.778179

Chaves
NM
39
-104.892601   34.088223
-104.785713   34.087696
-104.785431   33.999973
-104.375000   33.995701
-104.155739   33.995331
-104.155319   34.083241
-103.945427   34.082699
-103.841103   34.081600
-103.841393   33.819164
-103.716278   33.819214
-103.717735   33.656040
-103.509216   33.657082
-103.509758   33.570156
-103.720230   33.569580
-103.720871   33.395802
-103.765923   33.395386
-103.765831   32.965115
-103.814095   32.965088
-104.840706   32.963200
-104.841507   32.520599
-104.850998   32.520401
-105.353378   32.518661
-105.351387   32.604694
-105.352013   32.961880
-105.315613   32.961918
-105.316345   33.132126
-105.109093   33.131935
-105.089874   33.134346
-105.006271   33.133842
-105.006310   33.138466
-105.000000   33.138996
-104.905235   33.138527
-104.903290   33.306095
-104.884659   33.306171
-104.884613   33.393280
-104.891853   33.397598
-104.890640   33.821991
-104.893997   33.824284
-104.894081   33.875000

Cibola
NM
23
-107.309441   35.305157
-107.238564   35.305332
-107.212975   35.250000
-107.209648   35.247826
-107.195580   35.219284
-107.066101   34.957146
-107.202209   34.958019
-107.203819   34.578754
-107.533089   34.580578
-107.550293   34.578915
-107.724251   34.578007
-108.000000   34.578552
-108.093597   34.580967
-108.375000   34.578529
-109.045517   34.579250
-109.045212   34.959682
-108.468643   34.958935
-108.467957   35.306728
-107.733597   35.304901
-107.733505   35.348301
-107.627602   35.348301
-107.627739   35.304733
-107.543304   35.303555

Colfax
NM
121
-105.220055   36.995144
-105.154488   36.995239
-105.028671   36.992702
-104.407616   36.993446
-104.007324   36.996216
-104.008400   36.217987
-104.435806   36.218727
-104.864990   36.217964
-104.864632   36.261108
-105.058975   36.260193
-105.340347   36.262215
-105.326866   36.277161
-105.335472   36.303333
-105.330681   36.323006
-105.332054   36.331524
-105.328026   36.338936
-105.331955   36.346455
-105.328232   36.350529
-105.331528   36.366924
-105.336823   36.368900
-105.335625   36.373363
-105.326775   36.380287
-105.324554   36.388596
-105.326378   36.399223
-105.330086   36.404446
-105.326736   36.405399
-105.327286   36.408276
-105.331848   36.412956
-105.339890   36.416046
-105.335655   36.426430
-105.332146   36.428757
-105.339157   36.434391
-105.335426   36.438915
-105.335930   36.442417
-105.342644   36.446442
-105.352463   36.443031
-105.356575   36.451508
-105.348831   36.455685
-105.343048   36.468307
-105.338699   36.470772
-105.335808   36.483471
-105.326851   36.486908
-105.321617   36.486660
-105.318153   36.491665
-105.324806   36.496208
-105.326378   36.500259
-105.336319   36.504932
-105.337509   36.509949
-105.343048   36.510590
-105.347870   36.532722
-105.355354   36.536610
-105.357216   36.540939
-105.367096   36.542648
-105.368271   36.545860
-105.377182   36.552067
-105.374733   36.556187
-105.369209   36.554634
-105.348778   36.561733
-105.351227   36.567497
-105.349625   36.572426
-105.353432   36.575214
-105.357361   36.589722
-105.374229   36.608593
-105.373016   36.616776
-105.367256   36.619225
-105.369148   36.622845
-105.365211   36.627377
-105.350777   36.632694
-105.354355   36.642887
-105.363541   36.654049
-105.359192   36.657818
-105.359787   36.662949
-105.368904   36.669872
-105.369904   36.674171
-105.369606   36.681274
-105.364723   36.681210
-105.351768   36.697197
-105.343948   36.696800
-105.334961   36.702431
-105.326141   36.697849
-105.321449   36.698406
-105.316391   36.714336
-105.311455   36.717442
-105.311279   36.724442
-105.298065   36.725437
-105.297012   36.727512
-105.290291   36.728436
-105.280212   36.718304
-105.276360   36.721310
-105.266960   36.716347
-105.261055   36.719643
-105.249725   36.717335
-105.242424   36.722103
-105.230072   36.723751
-105.228462   36.729519
-105.223770   36.734047
-105.226089   36.738308
-105.221748   36.754551
-105.224625   36.758114
-105.226082   36.771404
-105.234695   36.788181
-105.225815   36.803387
-105.232857   36.807232
-105.232880   36.811970
-105.223877   36.822247
-105.222527   36.833511
-105.228767   36.842224
-105.228813   36.847683
-105.220940   36.874249
-105.199562   36.915604
-105.210197   36.917263
-105.212524   36.932331
-105.220459   36.934250
-105.221680   36.941544
-105.227318   36.947102
-105.227882   36.954536
-105.235603   36.962318
-105.235611   36.981930
-105.229637   36.985897
-105.222916   36.986687
-105.218857   36.992954

Curry
NM
14
-103.042183   34.954041
-103.042274   34.747295
-103.043480   34.312687
-103.043434   34.302509
-103.739502   34.303001
-103.737709   34.604603
-103.705887   34.604519
-103.705048   34.692390
-103.495338   34.691467
-103.494865   34.778637
-103.389732   34.778225
-103.388878   34.865196
-103.283493   34.864811
-103.282410   34.954273

De Baca
NM
18
-104.128906   34.779255
-104.128357   34.605152
-103.948303   34.604961
-103.949104   34.259800
-103.945602   34.259800
-103.945427   34.082699
-104.155319   34.083241
-104.155739   33.995331
-104.375000   33.995701
-104.785431   33.999973
-104.785713   34.087696
-104.892601   34.088223
-104.891312   34.346916
-104.891487   34.604370
-104.444374   34.604755
-104.444374   34.691605
-104.339195   34.692169
-104.339378   34.778912

Dona Ana
NM
54
-107.298889   32.605453
-107.298798   32.780201
-106.887169   32.779236
-106.887291   32.822769
-106.339920   33.052715
-106.340179   32.958168
-106.376053   32.957859
-106.376320   32.001068
-106.617935   32.000397
-106.618904   31.994635
-106.623024   31.990898
-106.630630   31.989708
-106.635941   31.985619
-106.638985   31.980247
-106.637642   31.976721
-106.629570   31.971157
-106.621330   31.972832
-106.618805   31.970940
-106.618820   31.964676
-106.623749   31.960955
-106.624573   31.954430
-106.622269   31.952789
-106.617157   31.955906
-106.613899   31.954716
-106.614700   31.948864
-106.623116   31.945408
-106.621613   31.935905
-106.629204   31.926468
-106.628120   31.923512
-106.623383   31.925232
-106.611305   31.919901
-106.633118   31.909689
-106.644936   31.898567
-106.644753   31.894756
-106.633385   31.889080
-106.628647   31.883614
-106.634331   31.874374
-106.635384   31.866133
-106.627632   31.861019
-106.625214   31.856173
-106.614090   31.846386
-106.601501   31.844299
-106.604721   31.827806
-106.602180   31.824919
-106.588501   31.822599
-106.576706   31.810301
-106.570396   31.810101
-106.566307   31.813200
-106.546600   31.807199
-106.535301   31.798500
-106.532501   31.791800
-106.527397   31.790400
-106.528000   31.783800
-107.296257   31.783886

Eddy
NM
12
-104.850998   32.520401
-104.841507   32.520599
-104.840706   32.963200
-103.814095   32.965088
-103.813461   32.522343
-103.722450   32.522465
-103.722382   32.000080
-103.979698   32.000000
-104.024040   31.999886
-104.847260   32.000404
-104.847046   32.253025
-104.850677   32.253090

Grant
NM
117
-109.046616   33.208900
-108.956116   33.207302
-108.749176   33.209583
-108.542877   33.207764
-108.449387   33.200932
-108.000000   33.201492
-107.875000   33.202530
-107.865761   33.201935
-107.861771   33.198406
-107.857643   33.200806
-107.856552   33.196995
-107.860497   33.187592
-107.854675   33.190979
-107.848785   33.188725
-107.847801   33.185284
-107.841385   33.185318
-107.838875   33.182400
-107.841927   33.181011
-107.838913   33.177094
-107.841461   33.172924
-107.846359   33.171310
-107.849281   33.173328
-107.857033   33.164967
-107.853325   33.157352
-107.855644   33.149792
-107.852348   33.145252
-107.852318   33.134251
-107.844994   33.130875
-107.850143   33.120075
-107.846725   33.106495
-107.841537   33.095749
-107.844925   33.084133
-107.835922   33.080196
-107.832809   33.073967
-107.844185   33.058521
-107.850899   33.056126
-107.849876   33.044312
-107.854576   33.041481
-107.856224   33.036568
-107.847610   33.026283
-107.847694   33.018578
-107.845413   33.015671
-107.848282   33.006260
-107.853996   33.006821
-107.856110   33.002464
-107.840172   32.987507
-107.837990   32.974106
-107.830185   32.973137
-107.829193   32.963848
-107.813782   32.957443
-107.803268   32.959064
-107.791214   32.948002
-107.779961   32.952705
-107.773476   32.950497
-107.769775   32.940872
-107.775169   32.937466
-107.775124   32.930752
-107.770401   32.927605
-107.765656   32.919617
-107.765602   32.910759
-107.778313   32.896801
-107.775620   32.893257
-107.777016   32.875000
-107.773598   32.872898
-107.773003   32.855000
-107.769402   32.850601
-107.757797   32.846001
-107.748596   32.827202
-107.744507   32.825199
-107.749306   32.805599
-107.746201   32.803398
-107.747307   32.799999
-107.744705   32.799702
-107.741501   32.790199
-107.736305   32.784302
-107.721199   32.778702
-107.717903   32.763901
-107.715599   32.762901
-107.719200   32.759899
-107.717102   32.755001
-107.720650   32.748203
-107.719147   32.743710
-107.722275   32.736042
-107.718315   32.727329
-107.715080   32.725960
-107.714691   32.721493
-107.718262   32.720051
-107.717644   32.716125
-107.719856   32.714149
-107.718987   32.697395
-107.726868   32.692036
-107.727699   32.680149
-107.723755   32.673702
-107.723503   32.667404
-107.724739   32.661003
-107.730247   32.653114
-107.728897   32.647400
-107.733154   32.642433
-107.731468   32.634758
-107.736488   32.629616
-107.716507   32.622543
-107.607704   32.605301
-107.922905   32.604301
-107.922905   32.517200
-108.228653   32.516914
-108.229355   32.079872
-108.216362   32.079796
-108.216599   31.864000
-108.524101   31.863600
-108.523987   32.079643
-108.537529   32.079750
-108.536430   32.516670
-108.646545   32.516815
-108.645767   32.603504
-108.852463   32.603550
-108.853767   32.777203
-109.046494   32.777500

Guadalupe
NM
17
-105.290329   35.042042
-105.290794   35.216297
-104.625000   35.215893
-104.125000   35.215618
-104.124313   35.142128
-104.125000   34.954128
-104.129204   34.954147
-104.128906   34.779255
-104.339378   34.778912
-104.339195   34.692169
-104.444374   34.691605
-104.444374   34.604755
-104.891487   34.604370
-104.891312   34.346916
-105.312416   34.346649
-105.312073   34.606983
-105.289558   34.607365

Harding
NM
120
-104.435806   36.218727
-104.008400   36.217987
-104.008461   36.174473
-103.793465   36.173965
-103.793823   36.085754
-103.364471   36.086342
-103.364426   35.998661
-103.374443   35.998577
-103.374481   35.739971
-103.374786   35.652409
-103.378807   35.652431
-103.379433   35.397942
-103.389801   35.389915
-103.636635   35.389671
-103.636665   35.421963
-103.724068   35.422176
-103.976341   35.801655
-104.020782   35.781441
-104.366776   35.781387
-104.360390   35.785324
-104.364662   35.789032
-104.363266   35.795902
-104.370552   35.806709
-104.362770   35.811409
-104.373993   35.818203
-104.377441   35.823288
-104.366096   35.830002
-104.379486   35.835289
-104.376358   35.838310
-104.366890   35.838634
-104.364136   35.842117
-104.372917   35.848431
-104.375000   35.847595
-104.375000   35.841702
-104.380966   35.842205
-104.376434   35.851982
-104.390411   35.859203
-104.380981   35.862633
-104.377144   35.878834
-104.373238   35.870876
-104.369102   35.869572
-104.366295   35.871292
-104.365707   35.873100
-104.373581   35.879013
-104.373222   35.881763
-104.364449   35.883141
-104.358398   35.887447
-104.365463   35.892162
-104.367104   35.897659
-104.352409   35.897205
-104.349678   35.900505
-104.353287   35.903526
-104.353287   35.907490
-104.343185   35.910309
-104.345154   35.914570
-104.352615   35.916992
-104.354279   35.920105
-104.345299   35.924595
-104.338654   35.922516
-104.337753   35.924507
-104.342033   35.930367
-104.353828   35.929035
-104.353439   35.939320
-104.341507   35.939507
-104.338318   35.943172
-104.350151   35.950108
-104.351448   35.953976
-104.343285   35.955330
-104.339622   35.948669
-104.334648   35.956177
-104.326752   35.960392
-104.329659   35.964333
-104.335403   35.965294
-104.342339   35.975159
-104.355270   35.982624
-104.354477   35.986858
-104.348511   35.987228
-104.345497   35.991077
-104.340645   35.991673
-104.339127   36.000683
-104.347557   36.004368
-104.350075   36.010483
-104.357056   36.009613
-104.364929   36.013569
-104.360168   36.023052
-104.360802   36.038212
-104.364998   36.044025
-104.375000   36.045715
-104.379356   36.048557
-104.378250   36.056801
-104.369583   36.065891
-104.377167   36.067402
-104.381035   36.076221
-104.389709   36.081905
-104.385246   36.088310
-104.400337   36.091568
-104.397064   36.099701
-104.401802   36.108265
-104.402191   36.116531
-104.413994   36.122833
-104.408936   36.131802
-104.417854   36.136791
-104.419998   36.142815
-104.413704   36.146046
-104.410683   36.139977
-104.408203   36.139973
-104.407265   36.147758
-104.402740   36.153736
-104.418297   36.165737
-104.419571   36.168900
-104.413666   36.175812
-104.423744   36.183968
-104.427361   36.183716
-104.427704   36.176571
-104.435722   36.177143
-104.431679   36.188271
-104.438599   36.195053
-104.426422   36.196884
-104.433517   36.201027
-104.430069   36.213829

Hidalgo
NM
16
-109.046997   32.426300
-109.046494   32.777500
-108.853767   32.777203
-108.852463   32.603550
-108.645767   32.603504
-108.646545   32.516815
-108.536430   32.516670
-108.537529   32.079750
-108.523987   32.079643
-108.524101   31.863600
-108.216599   31.864000
-108.216705   31.820200
-108.209396   31.820299
-108.207802   31.783501
-108.207985   31.333284
-109.049431   31.332397

Lea
NM
16
-103.509758   33.570156
-103.052109   33.570499
-103.056160   33.388332
-103.064163   32.958992
-103.064224   32.522079
-103.063896   32.086929
-103.063972   32.000397
-103.326050   32.000244
-103.722382   32.000080
-103.722450   32.522465
-103.813461   32.522343
-103.814095   32.965088
-103.765831   32.965115
-103.765923   33.395386
-103.720871   33.395802
-103.720230   33.569580

Lincoln
NM
33
-105.312416   34.346649
-104.891312   34.346916
-104.892601   34.088223
-104.894081   33.875000
-104.893997   33.824284
-104.890640   33.821991
-104.891853   33.397598
-104.884613   33.393280
-104.884659   33.306171
-104.903290   33.306095
-104.905235   33.138527
-105.000000   33.138996
-105.006310   33.138466
-105.006271   33.133842
-105.089874   33.134346
-105.109093   33.131935
-105.316345   33.132126
-105.318504   33.305004
-105.725418   33.304752
-105.726799   33.390446
-106.107513   33.389320
-106.345291   33.390739
-106.371674   33.390808
-106.372520   33.480042
-106.373367   33.660339
-106.267929   33.660252
-106.158157   33.652370
-106.158028   33.650124
-106.052238   33.650227
-106.052254   33.825790
-105.924133   33.825466
-105.923401   34.259972
-105.312660   34.259987

Los Alamos
NM
59
-106.247368   35.966312
-106.247520   35.959358
-106.244888   35.959324
-106.244858   35.930908
-106.247826   35.855831
-106.276451   35.855186
-106.264748   35.852364
-106.260422   35.846703
-106.248711   35.842773
-106.250000   35.841064
-106.247681   35.839153
-106.240120   35.834690
-106.227699   35.832272
-106.225067   35.828629
-106.193016   35.830517
-106.183357   35.828815
-106.182442   35.826309
-106.171082   35.828152
-106.177574   35.820736
-106.179634   35.808853
-106.192757   35.804070
-106.197113   35.787464
-106.200645   35.786480
-106.207420   35.777916
-106.213692   35.776356
-106.218208   35.769829
-106.239227   35.764095
-106.243317   35.757298
-106.247681   35.755451
-106.253494   35.754250
-106.257202   35.769630
-106.265457   35.779476
-106.282021   35.791882
-106.324326   35.807079
-106.338104   35.807945
-106.356316   35.816208
-106.356277   35.806473
-106.361404   35.811436
-106.369781   35.813046
-106.374481   35.812881
-106.376427   35.809711
-106.381775   35.807957
-106.402428   35.807972
-106.413437   35.813324
-106.413155   35.817162
-106.418060   35.819195
-106.418274   35.825459
-106.417625   35.827671
-106.398956   35.827587
-106.399055   35.960037
-106.385704   35.960079
-106.385803   35.952564
-106.319069   35.952267
-106.314735   35.952457
-106.316162   35.958546
-106.299576   35.958492
-106.299789   35.973419
-106.263626   35.972797
-106.263641   35.965504

Luna
NM
13
-107.607704   32.605301
-107.298889   32.605453
-107.296257   31.783886
-107.327629   31.783779
-108.207802   31.783501
-108.209396   31.820299
-108.216705   31.820200
-108.216599   31.864000
-108.216362   32.079796
-108.229355   32.079872
-108.228653   32.516914
-107.922905   32.517200
-107.922905   32.604301

McKinley
NM
18
-109.045319   36.002327
-107.625900   36.000305
-107.530960   36.000023
-107.530762   36.000000
-107.523239   35.999844
-107.307617   35.998676
-107.308128   35.569237
-107.305992   35.418499
-107.309029   35.418980
-107.309441   35.305157
-107.543304   35.303555
-107.627739   35.304733
-107.627602   35.348301
-107.733505   35.348301
-107.733597   35.304901
-108.467957   35.306728
-108.468643   34.958935
-109.045212   34.959682

Mora
NM
183
-105.340347   36.262215
-105.058975   36.260193
-104.864632   36.261108
-104.864990   36.217964
-104.435806   36.218727
-104.430069   36.213829
-104.433517   36.201027
-104.426422   36.196884
-104.438599   36.195053
-104.431679   36.188271
-104.435722   36.177143
-104.427704   36.176571
-104.427361   36.183716
-104.423744   36.183968
-104.413666   36.175812
-104.419571   36.168900
-104.418297   36.165737
-104.402740   36.153736
-104.407265   36.147758
-104.408203   36.139973
-104.410683   36.139977
-104.413704   36.146046
-104.419998   36.142815
-104.417854   36.136791
-104.408936   36.131802
-104.413994   36.122833
-104.402191   36.116531
-104.401802   36.108265
-104.397064   36.099701
-104.400337   36.091568
-104.385246   36.088310
-104.389709   36.081905
-104.381035   36.076221
-104.377167   36.067402
-104.369583   36.065891
-104.378250   36.056801
-104.379356   36.048557
-104.375000   36.045715
-104.364998   36.044025
-104.360802   36.038212
-104.360168   36.023052
-104.364929   36.013569
-104.357056   36.009613
-104.350075   36.010483
-104.347557   36.004368
-104.339127   36.000683
-104.340645   35.991673
-104.345497   35.991077
-104.348511   35.987228
-104.354477   35.986858
-104.355270   35.982624
-104.342339   35.975159
-104.335403   35.965294
-104.329659   35.964333
-104.326752   35.960392
-104.334648   35.956177
-104.339622   35.948669
-104.343285   35.955330
-104.351448   35.953976
-104.350151   35.950108
-104.338318   35.943172
-104.341507   35.939507
-104.353439   35.939320
-104.353828   35.929035
-104.342033   35.930367
-104.337753   35.924507
-104.338654   35.922516
-104.345299   35.924595
-104.354279   35.920105
-104.352615   35.916992
-104.345154   35.914570
-104.343185   35.910309
-104.353287   35.907490
-104.353287   35.903526
-104.349678   35.900505
-104.352409   35.897205
-104.367104   35.897659
-104.365463   35.892162
-104.358398   35.887447
-104.364449   35.883141
-104.373222   35.881763
-104.373581   35.879013
-104.365707   35.873100
-104.366295   35.871292
-104.369102   35.869572
-104.373238   35.870876
-104.377144   35.878834
-104.380981   35.862633
-104.390411   35.859203
-104.376434   35.851982
-104.380966   35.842205
-104.375000   35.841702
-104.375000   35.847595
-104.372917   35.848431
-104.364136   35.842117
-104.366890   35.838634
-104.376358   35.838310
-104.379486   35.835289
-104.366096   35.830002
-104.377441   35.823288
-104.373993   35.818203
-104.362770   35.811409
-104.370552   35.806709
-104.363266   35.795902
-104.364662   35.789032
-104.360390   35.785324
-104.366776   35.781387
-104.861893   35.775478
-105.006775   35.771420
-105.013130   35.768764
-105.017960   35.769730
-105.024879   35.754223
-105.029991   35.758598
-105.029602   35.761532
-105.036537   35.765041
-105.032883   35.767193
-105.034454   35.769482
-105.037209   35.770855
-105.041534   35.767925
-105.057274   35.780064
-105.070564   35.781372
-105.074753   35.786888
-105.079140   35.786682
-105.089088   35.795681
-105.102814   35.802273
-105.109222   35.807953
-105.115013   35.806896
-105.125626   35.810555
-105.138214   35.811382
-105.149544   35.809143
-105.159386   35.819290
-105.171700   35.822315
-105.175552   35.825272
-105.210503   35.827515
-105.218742   35.829689
-105.219704   35.834637
-105.223495   35.837063
-105.238991   35.838825
-105.347267   35.870659
-105.719711   35.870987
-105.716797   35.978737
-105.712761   35.977272
-105.707008   35.968719
-105.691788   35.965767
-105.687202   35.968933
-105.680313   35.968536
-105.670174   35.962875
-105.662407   35.961952
-105.659447   35.958496
-105.644592   35.962135
-105.643715   35.969254
-105.631538   35.979565
-105.602859   35.973236
-105.591209   35.976463
-105.587868   35.973804
-105.571815   35.972427
-105.565750   35.974735
-105.556168   35.984425
-105.536545   35.990856
-105.529526   36.001728
-105.533638   36.007034
-105.529808   36.012989
-105.508141   36.019039
-105.497826   36.032547
-105.488777   36.037373
-105.462288   36.078419
-105.419426   36.131676
-105.420471   36.148495
-105.414177   36.157093
-105.420746   36.161961
-105.421242   36.169651
-105.396446   36.191544
-105.395416   36.197872
-105.398621   36.203274
-105.396866   36.210693
-105.392235   36.216091
-105.393341   36.220718
-105.397614   36.222931
-105.398766   36.229801
-105.409576   36.235264
-105.409111   36.236786
-105.393188   36.243500
-105.386787   36.252811

Otero
NM
21
-106.345291   33.390739
-106.107513   33.389320
-105.726799   33.390446
-105.725418   33.304752
-105.318504   33.305004
-105.316345   33.132126
-105.315613   32.961918
-105.352013   32.961880
-105.351387   32.604694
-105.353378   32.518661
-104.850998   32.520401
-104.850677   32.253090
-104.847046   32.253025
-104.847260   32.000404
-104.917770   32.000385
-105.428757   32.000469
-105.997475   32.002224
-106.376320   32.001068
-106.376053   32.957859
-106.340179   32.958168
-106.339920   33.052715

Quay
NM
28
-103.374481   35.739971
-103.040909   35.739235
-103.041054   35.622444
-103.041878   35.183090
-103.042183   34.954041
-103.282410   34.954273
-103.283493   34.864811
-103.388878   34.865196
-103.389732   34.778225
-103.494865   34.778637
-103.495338   34.691467
-103.705048   34.692390
-103.705887   34.604519
-103.737709   34.604603
-103.948303   34.604961
-104.128357   34.605152
-104.128906   34.779255
-104.129204   34.954147
-104.125000   34.954128
-104.124313   35.142128
-103.857170   35.264030
-103.857010   35.242146
-103.636536   35.240829
-103.636635   35.389671
-103.389801   35.389915
-103.379433   35.397942
-103.378807   35.652431
-103.374786   35.652409

Rio Arriba
NM
140
-106.475639   36.993748
-106.006058   36.995327
-106.005821   36.981396
-105.987419   36.940449
-105.985191   36.920410
-105.974968   36.902401
-105.971321   36.886230
-105.973984   36.837429
-105.983963   36.811356
-105.979515   36.773357
-105.981544   36.746376
-105.976753   36.722435
-105.980530   36.713200
-105.977592   36.709560
-105.976341   36.698406
-105.970284   36.683098
-105.967743   36.659584
-105.983757   36.659615
-105.983826   36.645454
-105.971916   36.648167
-105.971512   36.633556
-105.963722   36.613159
-105.963547   36.598309
-105.955101   36.575417
-105.949295   36.543064
-105.954239   36.539143
-105.951538   36.533813
-105.951851   36.519573
-105.941185   36.496548
-105.937813   36.467033
-105.940536   36.455147
-105.953957   36.425701
-105.951691   36.371456
-105.959442   36.354237
-105.971237   36.344566
-105.984116   36.343102
-105.997353   36.336910
-105.997551   36.333958
-106.001038   36.332191
-106.011169   36.331463
-106.017426   36.328033
-106.033440   36.327351
-106.037910   36.325497
-106.047951   36.312786
-106.049240   36.307400
-106.055367   36.304878
-106.057785   36.296959
-105.856377   36.230412
-105.735313   36.100109
-105.529808   36.012989
-105.533638   36.007034
-105.529526   36.001728
-105.536545   35.990856
-105.556168   35.984425
-105.565750   35.974735
-105.571815   35.972427
-105.587868   35.973804
-105.591209   35.976463
-105.602859   35.973236
-105.631538   35.979565
-105.643715   35.969254
-105.644592   35.962135
-105.659447   35.958496
-105.662407   35.961952
-105.670174   35.962875
-105.680313   35.968536
-105.687202   35.968933
-105.691788   35.965767
-105.707008   35.968719
-105.712761   35.977272
-105.716797   35.978737
-105.716179   36.002331
-106.070816   36.002007
-106.070763   35.999435
-106.064293   35.996655
-106.067490   35.992680
-106.065575   35.989220
-106.055397   35.989277
-106.057083   35.986710
-106.053513   35.985756
-106.053551   35.930759
-106.244858   35.930908
-106.244888   35.959324
-106.247520   35.959358
-106.247368   35.966312
-106.246666   36.001492
-106.884682   35.998947
-106.884392   36.216553
-107.237282   36.216343
-107.623642   36.219788
-107.626320   36.349689
-107.623100   36.393250
-107.626167   36.437576
-107.622749   36.675163
-107.618561   36.675343
-107.617737   36.804737
-107.609123   36.798561
-107.602837   36.798996
-107.607117   36.806156
-107.605881   36.810890
-107.593704   36.810276
-107.590973   36.813808
-107.599678   36.815887
-107.599266   36.832520
-107.588966   36.837193
-107.579353   36.835121
-107.574867   36.841438
-107.566368   36.844387
-107.565514   36.851906
-107.561066   36.855747
-107.555405   36.857086
-107.551811   36.851608
-107.545624   36.849121
-107.539093   36.855579
-107.530037   36.853863
-107.528145   36.866070
-107.522308   36.875465
-107.515244   36.878460
-107.504227   36.875263
-107.503777   36.881611
-107.501503   36.882580
-107.498703   36.878353
-107.493538   36.876232
-107.490112   36.882111
-107.474945   36.894669
-107.469551   36.893806
-107.456360   36.898071
-107.445091   36.915363
-107.449821   36.919601
-107.454453   36.931137
-107.455193   36.939503
-107.447792   36.944893
-107.456551   36.954960
-107.446999   36.961201
-107.445511   36.965904
-107.429367   36.970901
-107.430847   36.986343
-107.420311   37.000000
-106.876701   37.000130
-106.869209   36.992416

Roosevelt
NM
16
-103.948303   34.604961
-103.737709   34.604603
-103.739502   34.303001
-103.043434   34.302509
-103.042976   34.020447
-103.046844   33.824585
-103.052109   33.570499
-103.509758   33.570156
-103.509216   33.657082
-103.717735   33.656040
-103.716278   33.819214
-103.841393   33.819164
-103.841103   34.081600
-103.945427   34.082699
-103.945602   34.259800
-103.949104   34.259800

San Juan
NM
54
-107.481133   37.000000
-107.420311   37.000000
-107.430847   36.986343
-107.429367   36.970901
-107.445511   36.965904
-107.446999   36.961201
-107.456551   36.954960
-107.447792   36.944893
-107.455193   36.939503
-107.454453   36.931137
-107.449821   36.919601
-107.445091   36.915363
-107.456360   36.898071
-107.469551   36.893806
-107.474945   36.894669
-107.490112   36.882111
-107.493538   36.876232
-107.498703   36.878353
-107.501503   36.882580
-107.503777   36.881611
-107.504227   36.875263
-107.515244   36.878460
-107.522308   36.875465
-107.528145   36.866070
-107.530037   36.853863
-107.539093   36.855579
-107.545624   36.849121
-107.551811   36.851608
-107.555405   36.857086
-107.561066   36.855747
-107.565514   36.851906
-107.566368   36.844387
-107.574867   36.841438
-107.579353   36.835121
-107.588966   36.837193
-107.599266   36.832520
-107.599678   36.815887
-107.590973   36.813808
-107.593704   36.810276
-107.605881   36.810890
-107.607117   36.806156
-107.602837   36.798996
-107.609123   36.798561
-107.617737   36.804737
-107.618561   36.675343
-107.622749   36.675163
-107.626167   36.437576
-107.623100   36.393250
-107.626320   36.349689
-107.623642   36.219788
-107.625900   36.000305
-109.045319   36.002327
-109.044571   36.999088
-108.378571   36.999516

San Miguel
NM
52
-105.719711   35.870987
-105.347267   35.870659
-105.238991   35.838825
-105.223495   35.837063
-105.219704   35.834637
-105.218742   35.829689
-105.210503   35.827515
-105.175552   35.825272
-105.171700   35.822315
-105.159386   35.819290
-105.149544   35.809143
-105.138214   35.811382
-105.125626   35.810555
-105.115013   35.806896
-105.109222   35.807953
-105.102814   35.802273
-105.089088   35.795681
-105.079140   35.786682
-105.074753   35.786888
-105.070564   35.781372
-105.057274   35.780064
-105.041534   35.767925
-105.037209   35.770855
-105.034454   35.769482
-105.032883   35.767193
-105.036537   35.765041
-105.029602   35.761532
-105.029991   35.758598
-105.024879   35.754223
-105.017960   35.769730
-105.013130   35.768764
-105.006775   35.771420
-104.861893   35.775478
-104.366776   35.781387
-104.020782   35.781441
-103.976341   35.801655
-103.724068   35.422176
-103.636665   35.421963
-103.636635   35.389671
-103.636536   35.240829
-103.857010   35.242146
-103.857170   35.264030
-104.124313   35.142128
-104.125000   35.215618
-104.625000   35.215893
-105.290794   35.216297
-105.290329   35.042042
-105.713905   35.041512
-105.718010   35.631866
-105.717491   35.653118
-105.715294   35.653099
-105.720299   35.733135

Sandoval
NM
55
-107.625900   36.000305
-107.623642   36.219788
-107.237282   36.216343
-106.884392   36.216553
-106.884682   35.998947
-106.246666   36.001492
-106.247368   35.966312
-106.263641   35.965504
-106.263626   35.972797
-106.299789   35.973419
-106.299576   35.958492
-106.316162   35.958546
-106.314735   35.952457
-106.319069   35.952267
-106.385803   35.952564
-106.385704   35.960079
-106.399055   35.960037
-106.398956   35.827587
-106.417625   35.827671
-106.418274   35.825459
-106.418060   35.819195
-106.413155   35.817162
-106.413437   35.813324
-106.402428   35.807972
-106.381775   35.807957
-106.376427   35.809711
-106.374481   35.812881
-106.369781   35.813046
-106.361404   35.811436
-106.356277   35.806473
-106.356316   35.816208
-106.338104   35.807945
-106.324326   35.807079
-106.282021   35.791882
-106.265457   35.779476
-106.257202   35.769630
-106.253494   35.754250
-106.247681   35.755451
-106.248581   35.304493
-106.245277   35.304501
-106.244598   35.215000
-106.359116   35.217358
-106.644302   35.216999
-107.195580   35.219284
-107.209648   35.247826
-107.212975   35.250000
-107.238564   35.305332
-107.309441   35.305157
-107.309029   35.418980
-107.305992   35.418499
-107.308128   35.569237
-107.307617   35.998676
-107.523239   35.999844
-107.530762   36.000000
-107.530960   36.000023

Sandoval
NM
8
-106.247826   35.855831
-106.247681   35.839153
-106.250000   35.841064
-106.248711   35.842773
-106.260422   35.846703
-106.264748   35.852364
-106.276451   35.855186
-106.247826   35.855831

Santa Fe
NM
42
-106.244858   35.930908
-106.053551   35.930759
-106.053513   35.985756
-106.057083   35.986710
-106.055397   35.989277
-106.065575   35.989220
-106.067490   35.992680
-106.064293   35.996655
-106.070763   35.999435
-106.070816   36.002007
-105.716179   36.002331
-105.716797   35.978737
-105.719711   35.870987
-105.720299   35.733135
-105.715294   35.653099
-105.717491   35.653118
-105.718010   35.631866
-105.713905   35.041512
-106.243401   35.040001
-106.244598   35.215000
-106.245277   35.304501
-106.248581   35.304493
-106.247681   35.755451
-106.243317   35.757298
-106.239227   35.764095
-106.218208   35.769829
-106.213692   35.776356
-106.207420   35.777916
-106.200645   35.786480
-106.197113   35.787464
-106.192757   35.804070
-106.179634   35.808853
-106.177574   35.820736
-106.171082   35.828152
-106.182442   35.826309
-106.183357   35.828815
-106.193016   35.830517
-106.225067   35.828629
-106.227699   35.832272
-106.240120   35.834690
-106.247681   35.839153
-106.247826   35.855831

Sierra
NM
115
-107.712120   33.476826
-107.514915   33.475697
-107.118523   33.478622
-106.942177   33.475803
-106.625000   33.475117
-106.473724   33.475716
-106.473579   33.480038
-106.372520   33.480042
-106.371674   33.390808
-106.345291   33.390739
-106.339920   33.052715
-106.887291   32.822769
-106.887169   32.779236
-107.298798   32.780201
-107.298889   32.605453
-107.607704   32.605301
-107.716507   32.622543
-107.736488   32.629616
-107.731468   32.634758
-107.733154   32.642433
-107.728897   32.647400
-107.730247   32.653114
-107.724739   32.661003
-107.723503   32.667404
-107.723755   32.673702
-107.727699   32.680149
-107.726868   32.692036
-107.718987   32.697395
-107.719856   32.714149
-107.717644   32.716125
-107.718262   32.720051
-107.714691   32.721493
-107.715080   32.725960
-107.718315   32.727329
-107.722275   32.736042
-107.719147   32.743710
-107.720650   32.748203
-107.717102   32.755001
-107.719200   32.759899
-107.715599   32.762901
-107.717903   32.763901
-107.721199   32.778702
-107.736305   32.784302
-107.741501   32.790199
-107.744705   32.799702
-107.747307   32.799999
-107.746201   32.803398
-107.749306   32.805599
-107.744507   32.825199
-107.748596   32.827202
-107.757797   32.846001
-107.769402   32.850601
-107.773003   32.855000
-107.773598   32.872898
-107.777016   32.875000
-107.775620   32.893257
-107.778313   32.896801
-107.765602   32.910759
-107.765656   32.919617
-107.770401   32.927605
-107.775124   32.930752
-107.775169   32.937466
-107.769775   32.940872
-107.773476   32.950497
-107.779961   32.952705
-107.791214   32.948002
-107.803268   32.959064
-107.813782   32.957443
-107.829193   32.963848
-107.830185   32.973137
-107.837990   32.974106
-107.840172   32.987507
-107.856110   33.002464
-107.853996   33.006821
-107.848282   33.006260
-107.845413   33.015671
-107.847694   33.018578
-107.847610   33.026283
-107.856224   33.036568
-107.854576   33.041481
-107.849876   33.044312
-107.850899   33.056126
-107.844185   33.058521
-107.832809   33.073967
-107.835922   33.080196
-107.844925   33.084133
-107.841537   33.095749
-107.846725   33.106495
-107.850143   33.120075
-107.844994   33.130875
-107.852318   33.134251
-107.852348   33.145252
-107.855644   33.149792
-107.853325   33.157352
-107.857033   33.164967
-107.849281   33.173328
-107.846359   33.171310
-107.841461   33.172924
-107.838913   33.177094
-107.841927   33.181011
-107.838875   33.182400
-107.841385   33.185318
-107.847801   33.185284
-107.848785   33.188725
-107.854675   33.190979
-107.860497   33.187592
-107.856552   33.196995
-107.857643   33.200806
-107.861771   33.198406
-107.865761   33.201935
-107.875000   33.202530
-108.000000   33.201492
-108.000000   33.477951
-107.967178   33.477886
-107.938362   33.474316

Socorro
NM
31
-107.724251   34.578007
-107.550293   34.578915
-107.533089   34.580578
-107.203819   34.578754
-106.881973   34.579399
-106.767700   34.531200
-106.504051   34.456940
-106.455727   34.436928
-106.416412   34.439732
-106.415298   34.259647
-105.923401   34.259972
-105.924133   33.825466
-106.052254   33.825790
-106.052238   33.650227
-106.158028   33.650124
-106.158157   33.652370
-106.267929   33.660252
-106.373367   33.660339
-106.372520   33.480042
-106.473579   33.480038
-106.473724   33.475716
-106.625000   33.475117
-106.942177   33.475803
-107.118523   33.478622
-107.514915   33.475697
-107.712120   33.476826
-107.710670   33.825451
-107.714989   33.825527
-107.715797   33.875000
-107.715706   34.259800
-107.724861   34.259720

Taos
NM
183
-106.006058   36.995327
-105.717834   36.995823
-105.220055   36.995144
-105.218857   36.992954
-105.222916   36.986687
-105.229637   36.985897
-105.235611   36.981930
-105.235603   36.962318
-105.227882   36.954536
-105.227318   36.947102
-105.221680   36.941544
-105.220459   36.934250
-105.212524   36.932331
-105.210197   36.917263
-105.199562   36.915604
-105.220940   36.874249
-105.228813   36.847683
-105.228767   36.842224
-105.222527   36.833511
-105.223877   36.822247
-105.232880   36.811970
-105.232857   36.807232
-105.225815   36.803387
-105.234695   36.788181
-105.226082   36.771404
-105.224625   36.758114
-105.221748   36.754551
-105.226089   36.738308
-105.223770   36.734047
-105.228462   36.729519
-105.230072   36.723751
-105.242424   36.722103
-105.249725   36.717335
-105.261055   36.719643
-105.266960   36.716347
-105.276360   36.721310
-105.280212   36.718304
-105.290291   36.728436
-105.297012   36.727512
-105.298065   36.725437
-105.311279   36.724442
-105.311455   36.717442
-105.316391   36.714336
-105.321449   36.698406
-105.326141   36.697849
-105.334961   36.702431
-105.343948   36.696800
-105.351768   36.697197
-105.364723   36.681210
-105.369606   36.681274
-105.369904   36.674171
-105.368904   36.669872
-105.359787   36.662949
-105.359192   36.657818
-105.363541   36.654049
-105.354355   36.642887
-105.350777   36.632694
-105.365211   36.627377
-105.369148   36.622845
-105.367256   36.619225
-105.373016   36.616776
-105.374229   36.608593
-105.357361   36.589722
-105.353432   36.575214
-105.349625   36.572426
-105.351227   36.567497
-105.348778   36.561733
-105.369209   36.554634
-105.374733   36.556187
-105.377182   36.552067
-105.368271   36.545860
-105.367096   36.542648
-105.357216   36.540939
-105.355354   36.536610
-105.347870   36.532722
-105.343048   36.510590
-105.337509   36.509949
-105.336319   36.504932
-105.326378   36.500259
-105.324806   36.496208
-105.318153   36.491665
-105.321617   36.486660
-105.326851   36.486908
-105.335808   36.483471
-105.338699   36.470772
-105.343048   36.468307
-105.348831   36.455685
-105.356575   36.451508
-105.352463   36.443031
-105.342644   36.446442
-105.335930   36.442417
-105.335426   36.438915
-105.339157   36.434391
-105.332146   36.428757
-105.335655   36.426430
-105.339890   36.416046
-105.331848   36.412956
-105.327286   36.408276
-105.326736   36.405399
-105.330086   36.404446
-105.326378   36.399223
-105.324554   36.388596
-105.326775   36.380287
-105.335625   36.373363
-105.336823   36.368900
-105.331528   36.366924
-105.328232   36.350529
-105.331955   36.346455
-105.328026   36.338936
-105.332054   36.331524
-105.330681   36.323006
-105.335472   36.303333
-105.326866   36.277161
-105.340347   36.262215
-105.386787   36.252811
-105.393188   36.243500
-105.409111   36.236786
-105.409576   36.235264
-105.398766   36.229801
-105.397614   36.222931
-105.393341   36.220718
-105.392235   36.216091
-105.396866   36.210693
-105.398621   36.203274
-105.395416   36.197872
-105.396446   36.191544
-105.421242   36.169651
-105.420746   36.161961
-105.414177   36.157093
-105.420471   36.148495
-105.419426   36.131676
-105.462288   36.078419
-105.488777   36.037373
-105.497826   36.032547
-105.508141   36.019039
-105.529808   36.012989
-105.735313   36.100109
-105.856377   36.230412
-106.057785   36.296959
-106.055367   36.304878
-106.049240   36.307400
-106.047951   36.312786
-106.037910   36.325497
-106.033440   36.327351
-106.017426   36.328033
-106.011169   36.331463
-106.001038   36.332191
-105.997551   36.333958
-105.997353   36.336910
-105.984116   36.343102
-105.971237   36.344566
-105.959442   36.354237
-105.951691   36.371456
-105.953957   36.425701
-105.940536   36.455147
-105.937813   36.467033
-105.941185   36.496548
-105.951851   36.519573
-105.951538   36.533813
-105.954239   36.539143
-105.949295   36.543064
-105.955101   36.575417
-105.963547   36.598309
-105.963722   36.613159
-105.971512   36.633556
-105.971916   36.648167
-105.983826   36.645454
-105.983757   36.659615
-105.967743   36.659584
-105.970284   36.683098
-105.976341   36.698406
-105.977592   36.709560
-105.980530   36.713200
-105.976753   36.722435
-105.981544   36.746376
-105.979515   36.773357
-105.983963   36.811356
-105.973984   36.837429
-105.971321   36.886230
-105.974968   36.902401
-105.985191   36.920410
-105.987419   36.940449
-106.005821   36.981396

Torrance
NM
20
-105.713905   35.041512
-105.290329   35.042042
-105.289558   34.607365
-105.312073   34.606983
-105.312416   34.346649
-105.312660   34.259987
-105.923401   34.259972
-106.415298   34.259647
-106.416412   34.439732
-106.416901   34.521599
-106.469398   34.521099
-106.470505   34.608799
-106.464500   34.608898
-106.465904   34.709499
-106.463600   34.870098
-106.410400   34.870201
-106.149002   34.870155
-106.149506   34.953400
-106.243286   34.953243
-106.243401   35.040001

Union
NM
15
-103.085617   37.000244
-103.001709   37.000084
-103.001953   36.500374
-103.041443   36.500416
-103.040337   36.055195
-103.040909   35.739235
-103.374481   35.739971
-103.374443   35.998577
-103.364426   35.998661
-103.364471   36.086342
-103.793823   36.085754
-103.793465   36.173965
-104.008461   36.174473
-104.008400   36.217987
-104.007324   36.996216

Valencia
NM
27
-107.066101   34.957146
-107.024200   34.870205
-106.719933   34.869999
-106.713181   34.880325
-106.704430   34.881866
-106.695938   34.896896
-106.685440   34.906097
-106.662384   34.906502
-106.431511   34.903217
-106.422798   34.901447
-106.417549   34.892239
-106.414635   34.892975
-106.410400   34.889442
-106.410400   34.870201
-106.463600   34.870098
-106.465904   34.709499
-106.464500   34.608898
-106.470505   34.608799
-106.469398   34.521099
-106.416901   34.521599
-106.416412   34.439732
-106.455727   34.436928
-106.504051   34.456940
-106.767700   34.531200
-106.881973   34.579399
-107.203819   34.578754
-107.202209   34.958019

