 -84.820206   38.403538
 -80.519203   41.977451
88

Adams
OH
40
 -83.673096   39.020363
 -83.611671   39.018826
 -83.385727   39.055126
 -83.314682   39.052128
 -83.313362   39.046928
 -83.308846   39.045139
 -83.310661   39.042549
 -83.308197   39.040192
 -83.288216   39.029800
 -83.286240   39.024403
 -83.275139   39.020267
 -83.270927   39.015835
 -83.267792   38.618145
 -83.268608   38.615028
 -83.287064   38.598835
 -83.294289   38.596512
 -83.302048   38.598103
 -83.310760   38.602585
 -83.318184   38.609928
 -83.322479   38.630539
 -83.327728   38.637417
 -83.353188   38.652451
 -83.378410   38.661861
 -83.414192   38.665981
 -83.420288   38.668358
 -83.447083   38.670067
 -83.468147   38.675396
 -83.497368   38.696251
 -83.521042   38.702972
 -83.539909   38.700893
 -83.569183   38.692768
 -83.614830   38.684322
 -83.626991   38.679504
 -83.636902   38.670212
 -83.640213   38.651733
 -83.646637   38.636108
 -83.653000   38.630531
 -83.666237   38.627831
 -83.682571   38.630833
 -83.705360   38.640148

Allen
OH
15
 -84.340584   40.859051
 -84.109596   40.860863
 -84.110023   40.904652
 -83.995026   40.905037
 -83.995163   40.919735
 -83.880409   40.920471
 -83.880173   40.819744
 -83.880257   40.644642
 -84.107803   40.643002
 -84.108200   40.657902
 -84.222801   40.656898
 -84.223000   40.686001
 -84.396828   40.684879
 -84.397499   40.815804
 -84.340149   40.816044

Ashland
OH
28
 -82.336632   41.065807
 -82.171616   41.063484
 -82.173546   40.992287
 -82.129570   40.992020
 -82.128014   40.901024
 -82.125000   40.885372
 -82.127434   40.804195
 -82.126328   40.668171
 -82.220787   40.667522
 -82.220230   40.568150
 -82.337082   40.554939
 -82.339294   40.726627
 -82.378510   40.727089
 -82.378830   40.786945
 -82.389618   40.796127
 -82.387070   40.800289
 -82.388641   40.808113
 -82.407875   40.808193
 -82.408112   40.814510
 -82.418350   40.815647
 -82.417198   40.820545
 -82.421043   40.823521
 -82.420639   40.827503
 -82.417725   40.825249
 -82.415535   40.828529
 -82.418015   40.993092
 -82.432945   40.993156
 -82.436981   41.065582

Ashtabula
OH
17
 -81.003220   41.854309
 -80.904449   41.867741
 -80.816330   41.897209
 -80.800346   41.909695
 -80.790359   41.909603
 -80.785065   41.906193
 -80.754097   41.915749
 -80.721008   41.919693
 -80.654648   41.940292
 -80.631149   41.943382
 -80.585091   41.956799
 -80.545761   41.971008
 -80.519699   41.977451
 -80.519569   41.849529
 -80.519432   41.499870
 -81.003471   41.501633
 -81.003815   41.715084

Athens
OH
23
 -82.159294   39.556229
 -82.047409   39.550529
 -82.056198   39.459900
 -81.845001   39.449902
 -81.853592   39.317791
 -81.834801   39.317200
 -81.835823   39.302715
 -81.816704   39.301701
 -81.818398   39.272099
 -81.721840   39.269360
 -81.725632   39.215424
 -81.733299   39.206192
 -81.737228   39.193760
 -81.741676   39.189522
 -81.751404   39.185799
 -81.756104   39.180099
 -82.074806   39.193203
 -82.268799   39.203701
 -82.260307   39.292801
 -82.298706   39.294800
 -82.289497   39.384102
 -82.280304   39.472500
 -82.167503   39.466099

Auglaize
OH
17
 -84.456047   40.684715
 -84.396828   40.684879
 -84.223000   40.686001
 -84.222801   40.656898
 -84.108200   40.657902
 -84.107803   40.643002
 -83.880257   40.644642
 -83.879990   40.538658
 -83.908600   40.535343
 -83.993599   40.535145
 -83.993713   40.482819
 -84.002411   40.483093
 -84.339149   40.481220
 -84.338699   40.378948
 -84.434067   40.378284
 -84.434471   40.354485
 -84.455467   40.358486

Belmont
OH
41
 -81.226097   40.170010
 -81.225983   40.172626
 -81.112129   40.171032
 -81.112251   40.167847
 -80.883080   40.159424
 -80.766464   40.155041
 -80.766045   40.159775
 -80.703156   40.157230
 -80.710243   40.138241
 -80.710815   40.125568
 -80.706902   40.111000
 -80.709305   40.101398
 -80.713203   40.096802
 -80.730904   40.086399
 -80.738800   40.075600
 -80.731102   40.049099
 -80.733505   40.033199
 -80.737587   40.027519
 -80.742142   40.007458
 -80.738914   39.985039
 -80.740318   39.970718
 -80.758110   39.959698
 -80.764671   39.950176
 -80.756622   39.913857
 -80.759491   39.909393
 -80.765388   39.908993
 -80.787491   39.918240
 -80.798897   39.919521
 -80.806206   39.917057
 -80.809250   39.911488
 -80.809196   39.903152
 -80.794174   39.882713
 -80.790382   39.869701
 -80.793320   39.863674
 -80.800087   39.858837
 -80.821465   39.849907
 -81.017326   39.858112
 -81.017265   39.859802
 -81.127296   39.864967
 -81.237480   39.867756
 -81.234222   39.951199

Brown
OH
30
 -83.993256   39.254139
 -83.865761   39.247272
 -83.872292   39.021236
 -83.673096   39.020363
 -83.705360   38.640148
 -83.713486   38.641518
 -83.720863   38.646633
 -83.750000   38.649540
 -83.769424   38.655148
 -83.775841   38.666676
 -83.783699   38.695568
 -83.787193   38.699417
 -83.801178   38.705406
 -83.821930   38.709503
 -83.836777   38.717785
 -83.841766   38.724194
 -83.848808   38.747108
 -83.859100   38.756725
 -83.873238   38.762348
 -83.904045   38.768089
 -83.927055   38.771492
 -83.928818   38.772465
 -83.926239   38.773823
 -83.944046   38.783546
 -83.962189   38.787315
 -83.978889   38.787037
 -84.039482   38.771328
 -84.052811   38.771225
 -84.026985   38.983940
 -83.998024   39.187576

Butler
OH
24
 -84.478798   39.590000
 -84.365326   39.589584
 -84.364799   39.543800
 -84.362000   39.541698
 -84.332108   39.548500
 -84.340103   39.456402
 -84.336700   39.456100
 -84.353203   39.291698
 -84.390907   39.297298
 -84.428619   39.298431
 -84.465401   39.302799
 -84.484596   39.301102
 -84.504707   39.305901
 -84.523598   39.303200
 -84.554703   39.307400
 -84.598801   39.308498
 -84.630104   39.312000
 -84.638634   39.309536
 -84.641769   39.304996
 -84.819397   39.305099
 -84.819504   39.305099
 -84.815399   39.521900
 -84.815002   39.567200
 -84.478943   39.568737

Carroll
OH
21
 -81.317902   40.651501
 -81.241425   40.650471
 -81.237396   40.723484
 -81.199211   40.722256
 -81.198776   40.729111
 -81.087471   40.727810
 -80.917374   40.726875
 -80.918320   40.643402
 -80.861015   40.642509
 -80.862190   40.599342
 -80.863762   40.555347
 -80.921112   40.556252
 -80.924751   40.467911
 -80.940346   40.468285
 -80.941689   40.424629
 -81.100281   40.428864
 -81.100258   40.430531
 -81.118019   40.431232
 -81.270119   40.433418
 -81.264915   40.564980
 -81.321823   40.566589

Champaign
OH
10
 -84.014679   40.273361
 -83.783958   40.259987
 -83.785446   40.245155
 -83.551453   40.229301
 -83.494171   40.225555
 -83.504013   40.111248
 -83.515137   40.011200
 -83.632477   40.016209
 -84.036385   40.039951
 -84.023262   40.183968

Clark
OH
15
 -84.036385   40.039951
 -83.632477   40.016209
 -83.515137   40.011200
 -83.508179   40.010513
 -83.588097   39.768719
 -83.647247   39.772968
 -83.646690   39.775936
 -83.738976   39.781231
 -83.740944   39.788994
 -83.829567   39.797791
 -83.827507   39.822594
 -83.941475   39.828815
 -83.940125   39.843761
 -84.053802   39.850399
 -84.051598   39.879799

Clermont
OH
40
 -84.259354   39.270500
 -84.006828   39.255619
 -83.993256   39.254139
 -83.998024   39.187576
 -84.026985   38.983940
 -84.052811   38.771225
 -84.071564   38.770405
 -84.091591   38.774166
 -84.155975   38.794842
 -84.205658   38.802521
 -84.212967   38.805641
 -84.222130   38.813683
 -84.230469   38.827271
 -84.233620   38.847164
 -84.231979   38.874672
 -84.234520   38.893162
 -84.257072   38.923145
 -84.288231   38.955723
 -84.295135   38.968231
 -84.299423   38.995926
 -84.308517   39.011257
 -84.319603   39.021400
 -84.301399   39.159615
 -84.295303   39.167103
 -84.299004   39.174660
 -84.288040   39.182037
 -84.288010   39.186707
 -84.277557   39.196697
 -84.275986   39.202164
 -84.284897   39.213161
 -84.295654   39.209576
 -84.309616   39.208645
 -84.319702   39.223301
 -84.306847   39.233990
 -84.299995   39.234192
 -84.296059   39.238297
 -84.295708   39.244999
 -84.291031   39.249504
 -84.270157   39.258644
 -84.261200   39.264702

Clinton
OH
15
 -83.977074   39.569103
 -83.670273   39.550194
 -83.576363   39.544487
 -83.590958   39.378677
 -83.784874   39.262676
 -83.795647   39.240856
 -83.802559   39.237240
 -83.801834   39.230976
 -83.806007   39.230862
 -83.808945   39.224274
 -83.835945   39.223240
 -83.834480   39.245651
 -83.865761   39.247272
 -83.993256   39.254139
 -84.006828   39.255619

Columbiana
OH
26
 -81.086891   40.902840
 -80.897423   40.901154
 -80.896461   40.930126
 -80.891556   40.930145
 -80.821838   40.929535
 -80.822243   40.900833
 -80.519974   40.899796
 -80.519234   40.851276
 -80.519203   40.638737
 -80.551338   40.628784
 -80.568047   40.617489
 -80.576942   40.614159
 -80.583839   40.615456
 -80.598969   40.625198
 -80.627373   40.619873
 -80.634560   40.616032
 -80.651917   40.597679
 -80.663742   40.590706
 -80.668159   40.582432
 -80.747520   40.583263
 -80.747314   40.596928
 -80.862190   40.599342
 -80.861015   40.642509
 -80.918320   40.643402
 -80.917374   40.726875
 -81.087471   40.727810

Coshocton
OH
12
 -82.184731   40.456215
 -81.709282   40.444714
 -81.712440   40.370735
 -81.616180   40.368053
 -81.622841   40.221241
 -81.667747   40.222397
 -81.671059   40.150909
 -81.716431   40.152100
 -82.087326   40.161636
 -82.187561   40.166832
 -82.182961   40.238556
 -82.196045   40.239002

Crawford
OH
9
 -82.829590   40.996716
 -82.724861   40.995815
 -82.727264   40.711086
 -82.858269   40.712276
 -82.858398   40.704960
 -83.111435   40.702900
 -83.112701   40.993496
 -82.853256   40.993759
 -82.852898   40.997120

Cuyahoga
OH
45
 -81.488846   41.631275
 -81.487999   41.570000
 -81.390999   41.569698
 -81.391502   41.445099
 -81.375702   41.445202
 -81.374504   41.424702
 -81.391701   41.424702
 -81.391502   41.348419
 -81.391998   41.348412
 -81.598000   41.350800
 -81.593506   41.349701
 -81.597198   41.347099
 -81.595802   41.344200
 -81.588997   41.343399
 -81.588104   41.338501
 -81.592300   41.329399
 -81.583702   41.315601
 -81.584908   41.307800
 -81.572998   41.302799
 -81.575401   41.300598
 -81.572998   41.300701
 -81.573303   41.290699
 -81.565399   41.288799
 -81.570137   41.286774
 -81.564598   41.283901
 -81.562706   41.278500
 -81.685104   41.277100
 -81.878075   41.275036
 -81.877106   41.350498
 -81.971397   41.351299
 -81.967926   41.506142
 -81.958603   41.498600
 -81.938004   41.491402
 -81.883507   41.484600
 -81.860405   41.483795
 -81.820305   41.493999
 -81.794304   41.496601
 -81.782402   41.495998
 -81.744904   41.487099
 -81.738907   41.488499
 -81.677101   41.522202
 -81.663597   41.524799
 -81.599907   41.560600
 -81.529907   41.614498
 -81.504585   41.622711

Darke
OH
12
 -84.804161   40.352798
 -84.600075   40.351807
 -84.600014   40.353249
 -84.593262   40.353363
 -84.434723   40.354214
 -84.432739   40.197086
 -84.425903   39.919498
 -84.485703   39.918301
 -84.624512   39.916431
 -84.812454   39.916866
 -84.810875   40.004871
 -84.803955   40.310066

Defiance
OH
10
 -84.804001   41.426079
 -84.342003   41.427525
 -84.228447   41.427773
 -84.228287   41.165836
 -84.341400   41.165424
 -84.341751   41.209148
 -84.457306   41.209400
 -84.457443   41.253471
 -84.803535   41.252480
 -84.803627   41.271027

Delaware
OH
11
 -83.248650   40.443848
 -83.021034   40.433739
 -83.022331   40.418716
 -82.924843   40.414837
 -82.930061   40.358158
 -82.745018   40.349346
 -82.752922   40.276978
 -82.762199   40.125801
 -83.170303   40.143101
 -83.172302   40.243889
 -83.247635   40.244495

Erie
OH
23
 -82.953194   41.458008
 -82.906731   41.460072
 -82.863167   41.469810
 -82.819450   41.485012
 -82.750000   41.477215
 -82.730537   41.479294
 -82.710213   41.485741
 -82.689529   41.497829
 -82.688789   41.497341
 -82.679306   41.481133
 -82.667267   41.468166
 -82.594109   41.414459
 -82.512627   41.383904
 -82.496887   41.381126
 -82.473740   41.382053
 -82.425583   41.399647
 -82.393173   41.416313
 -82.348175   41.428505
 -82.342705   41.285099
 -82.442505   41.283798
 -82.841431   41.289959
 -82.847618   41.430218
 -82.953018   41.429634

Fairfield
OH
21
 -82.782600   39.939602
 -82.473877   39.925095
 -82.462936   39.930317
 -82.472641   39.837154
 -82.396278   39.832851
 -82.404076   39.744522
 -82.366173   39.742455
 -82.374649   39.654854
 -82.490341   39.661640
 -82.496185   39.602596
 -82.617630   39.608498
 -82.620193   39.564037
 -82.730408   39.568920
 -82.731865   39.554340
 -82.843170   39.561378
 -82.824333   39.794849
 -82.821808   39.824223
 -82.802589   39.822704
 -82.794502   39.910599
 -82.813202   39.911598
 -82.810905   39.941101

Fayette
OH
7
 -83.653404   39.716816
 -83.252518   39.695377
 -83.266823   39.516190
 -83.372856   39.377289
 -83.590958   39.378677
 -83.576363   39.544487
 -83.670273   39.550194

Franklin
OH
36
 -83.170303   40.143101
 -82.762199   40.125801
 -82.773903   39.976101
 -82.779305   39.976101
 -82.782600   39.939602
 -82.810905   39.941101
 -82.813202   39.911598
 -82.794502   39.910599
 -82.802589   39.822704
 -82.821808   39.824223
 -82.824333   39.794849
 -83.037727   39.805504
 -83.183357   39.809200
 -83.243553   39.813248
 -83.252159   39.917248
 -83.225731   39.932350
 -83.232162   39.944962
 -83.241821   39.952415
 -83.240463   39.960064
 -83.246147   39.963840
 -83.247261   39.971199
 -83.250595   39.970558
 -83.250275   39.982239
 -83.246269   39.987377
 -83.260765   40.002850
 -83.254494   40.004993
 -83.251427   40.008865
 -83.252350   40.027905
 -83.256355   40.030655
 -83.252144   40.040913
 -83.255501   40.043457
 -83.255554   40.047680
 -83.254578   40.049232
 -83.212189   40.048065
 -83.206352   40.107777
 -83.169998   40.106705

Fulton
OH
11
 -84.360603   41.706573
 -83.880600   41.720032
 -83.877548   41.617462
 -83.882271   41.617424
 -83.882866   41.487392
 -84.342331   41.485447
 -84.342010   41.514065
 -84.380775   41.513988
 -84.381371   41.616680
 -84.398460   41.616783
 -84.399483   41.705711

Gallia
OH
51
 -82.435402   39.035099
 -82.322998   39.027599
 -82.324020   39.013081
 -82.095596   39.002701
 -82.099106   38.958302
 -82.109200   38.945499
 -82.111801   38.932499
 -82.111801   38.936401
 -82.113403   38.930500
 -82.129501   38.907799
 -82.143402   38.897800
 -82.145508   38.884102
 -82.139359   38.864941
 -82.144997   38.840401
 -82.161705   38.824551
 -82.179611   38.817295
 -82.191307   38.815056
 -82.215889   38.797382
 -82.221817   38.786495
 -82.221001   38.774868
 -82.216743   38.768269
 -82.199013   38.757645
 -82.188400   38.734001
 -82.186996   38.722198
 -82.191505   38.729698
 -82.191902   38.737499
 -82.194504   38.736698
 -82.193901   38.731701
 -82.182602   38.708698
 -82.191002   38.680302
 -82.172104   38.622898
 -82.175400   38.606998
 -82.181305   38.599701
 -82.193962   38.593014
 -82.219093   38.591599
 -82.246597   38.596699
 -82.248199   38.597599
 -82.246101   38.598400
 -82.262199   38.598099
 -82.272301   38.594898
 -82.287399   38.582699
 -82.361801   38.585098
 -82.354591   38.675987
 -82.472603   38.682201
 -82.467003   38.741402
 -82.486702   38.742901
 -82.483704   38.772202
 -82.582802   38.778999
 -82.575699   38.844398
 -82.574501   38.853401
 -82.455307   38.844501

Geauga
OH
17
 -81.390999   41.569698
 -81.295998   41.569901
 -81.295105   41.640800
 -81.101685   41.641083
 -81.102409   41.714111
 -81.003815   41.715084
 -81.003471   41.501633
 -81.002464   41.383526
 -81.002037   41.375000
 -81.000000   41.375000
 -81.001625   41.347801
 -81.245903   41.346901
 -81.391502   41.348419
 -81.391701   41.424702
 -81.374504   41.424702
 -81.375702   41.445202
 -81.391502   41.445099

Greene
OH
18
 -84.053802   39.850399
 -83.940125   39.843761
 -83.941475   39.828815
 -83.827507   39.822594
 -83.829567   39.797791
 -83.740944   39.788994
 -83.738976   39.781231
 -83.646690   39.775936
 -83.647247   39.772968
 -83.653404   39.716816
 -83.670273   39.550194
 -83.977074   39.569103
 -84.113998   39.577900
 -84.109703   39.625900
 -84.112000   39.626301
 -84.111107   39.637901
 -84.093002   39.838299
 -84.055305   39.835899

Guernsey
OH
19
 -81.622841   40.221241
 -81.338226   40.214184
 -81.339729   40.171932
 -81.226097   40.170010
 -81.234222   39.951199
 -81.347931   39.953564
 -81.348000   39.949890
 -81.386169   39.950623
 -81.386864   39.921314
 -81.462898   39.923595
 -81.464264   39.894482
 -81.578743   39.897644
 -81.580559   39.839035
 -81.694298   39.842564
 -81.691254   39.930683
 -81.728760   39.931656
 -81.716431   40.152100
 -81.671059   40.150909
 -81.667747   40.222397

Hamilton
OH
71
 -84.819397   39.305099
 -84.641769   39.304996
 -84.638634   39.309536
 -84.630104   39.312000
 -84.598801   39.308498
 -84.554703   39.307400
 -84.523598   39.303200
 -84.504707   39.305901
 -84.484596   39.301102
 -84.465401   39.302799
 -84.428619   39.298431
 -84.390907   39.297298
 -84.353203   39.291698
 -84.315384   39.292393
 -84.262009   39.288059
 -84.264503   39.280201
 -84.256302   39.276501
 -84.259354   39.270500
 -84.261200   39.264702
 -84.270157   39.258644
 -84.291031   39.249504
 -84.295708   39.244999
 -84.296059   39.238297
 -84.299995   39.234192
 -84.306847   39.233990
 -84.319702   39.223301
 -84.309616   39.208645
 -84.295654   39.209576
 -84.284897   39.213161
 -84.275986   39.202164
 -84.277557   39.196697
 -84.288010   39.186707
 -84.288040   39.182037
 -84.299004   39.174660
 -84.295303   39.167103
 -84.301399   39.159615
 -84.319603   39.021400
 -84.336403   39.032799
 -84.360504   39.041302
 -84.406998   39.045601
 -84.425789   39.053001
 -84.427956   39.055347
 -84.423370   39.052933
 -84.429901   39.058201
 -84.432404   39.067501
 -84.434708   39.086800
 -84.432907   39.094200
 -84.435600   39.102200
 -84.445305   39.114399
 -84.455399   39.120300
 -84.470596   39.121399
 -84.476303   39.119099
 -84.487801   39.110699
 -84.493797   39.102402
 -84.505997   39.094799
 -84.524704   39.092098
 -84.541397   39.099098
 -84.550903   39.099300
 -84.572197   39.082001
 -84.605736   39.073277
 -84.623505   39.074200
 -84.632507   39.076698
 -84.657303   39.095402
 -84.684906   39.100399
 -84.718597   39.137001
 -84.732101   39.144402
 -84.744202   39.147400
 -84.754501   39.146599
 -84.766800   39.138500
 -84.787735   39.115238
 -84.820206   39.105423

Hancock
OH
11
 -83.881157   41.167660
 -83.421097   41.166592
 -83.420395   40.991966
 -83.457932   40.991615
 -83.457764   40.948463
 -83.476868   40.948322
 -83.476753   40.904919
 -83.514969   40.905056
 -83.515961   40.818081
 -83.880173   40.819744
 -83.880409   40.920471

Hardin
OH
15
 -83.880173   40.819744
 -83.515961   40.818081
 -83.496353   40.817741
 -83.495979   40.701477
 -83.440277   40.702248
 -83.440353   40.687515
 -83.419914   40.686768
 -83.420456   40.607391
 -83.415382   40.515442
 -83.418449   40.505169
 -83.520164   40.503967
 -83.520111   40.509232
 -83.879906   40.531811
 -83.879990   40.538658
 -83.880257   40.644642

Harrison
OH
18
 -81.270119   40.433418
 -81.118019   40.431232
 -81.100258   40.430531
 -81.100281   40.428864
 -80.941689   40.424629
 -80.865700   40.422863
 -80.867393   40.379311
 -80.871742   40.379391
 -80.872482   40.373470
 -80.883080   40.159424
 -81.112251   40.167847
 -81.112129   40.171032
 -81.225983   40.172626
 -81.226097   40.170010
 -81.339729   40.171932
 -81.338226   40.214184
 -81.334770   40.304249
 -81.275490   40.303368

Henry
OH
7
 -84.342331   41.485447
 -83.882866   41.487392
 -83.883293   41.414452
 -83.881157   41.167660
 -84.228287   41.165836
 -84.228447   41.427773
 -84.342003   41.427525

Highland
OH
40
 -83.590958   39.378677
 -83.372856   39.377289
 -83.373596   39.368202
 -83.380074   39.357094
 -83.375000   39.347137
 -83.381821   39.339451
 -83.382744   39.327286
 -83.386818   39.322662
 -83.383224   39.316143
 -83.382393   39.294731
 -83.376709   39.290878
 -83.382057   39.284740
 -83.381386   39.278297
 -83.393257   39.274792
 -83.393883   39.267982
 -83.378639   39.259392
 -83.381210   39.249557
 -83.373001   39.248161
 -83.365822   39.241638
 -83.362442   39.240513
 -83.359505   39.242153
 -83.355476   39.250313
 -83.347954   39.252754
 -83.345093   39.250542
 -83.348183   39.233036
 -83.343590   39.233059
 -83.353615   39.197521
 -83.385727   39.055126
 -83.611671   39.018826
 -83.673096   39.020363
 -83.872292   39.021236
 -83.865761   39.247272
 -83.834480   39.245651
 -83.835945   39.223240
 -83.808945   39.224274
 -83.806007   39.230862
 -83.801834   39.230976
 -83.802559   39.237240
 -83.795647   39.240856
 -83.784874   39.262676

Hocking
OH
20
 -82.374649   39.654854
 -82.380013   39.596672
 -82.262077   39.590523
 -82.263695   39.562069
 -82.159294   39.556229
 -82.167503   39.466099
 -82.280304   39.472500
 -82.289497   39.384102
 -82.514603   39.395699
 -82.517700   39.369400
 -82.634506   39.375900
 -82.635803   39.361500
 -82.748695   39.368099
 -82.740654   39.468151
 -82.731865   39.554340
 -82.730408   39.568920
 -82.620193   39.564037
 -82.617630   39.608498
 -82.496185   39.602596
 -82.490341   39.661640

Holmes
OH
13
 -82.126328   40.668171
 -81.904991   40.666622
 -81.650002   40.668056
 -81.650101   40.634899
 -81.669380   40.632801
 -81.669525   40.627853
 -81.662529   40.627762
 -81.669785   40.443787
 -81.709282   40.444714
 -82.184731   40.456215
 -82.178856   40.573097
 -82.220230   40.568150
 -82.220787   40.667522

Huron
OH
11
 -82.841431   41.289959
 -82.442505   41.283798
 -82.342705   41.285099
 -82.344200   41.199100
 -82.341400   41.187901
 -82.336632   41.065807
 -82.436981   41.065582
 -82.432945   40.993156
 -82.724861   40.995815
 -82.829590   40.996716
 -82.840080   41.255260

Jackson
OH
19
 -82.786003   39.168701
 -82.766800   39.167702
 -82.763000   39.207901
 -82.650200   39.202202
 -82.651604   39.189499
 -82.611107   39.185501
 -82.574600   39.185398
 -82.536781   39.180817
 -82.540398   39.144402
 -82.424797   39.137901
 -82.435402   39.035099
 -82.455307   38.844501
 -82.574501   38.853401
 -82.575699   38.844398
 -82.650200   38.848999
 -82.760803   38.854801
 -82.762100   38.869499
 -82.753502   38.945301
 -82.807198   38.948002

Jefferson
OH
47
 -80.862190   40.599342
 -80.747314   40.596928
 -80.747520   40.583263
 -80.668159   40.582432
 -80.664574   40.569950
 -80.652641   40.562481
 -80.633308   40.538639
 -80.627708   40.535728
 -80.622269   40.516960
 -80.618210   40.501984
 -80.614960   40.500961
 -80.615715   40.498337
 -80.609261   40.489441
 -80.599403   40.482498
 -80.595001   40.471298
 -80.598503   40.458302
 -80.612503   40.434799
 -80.612396   40.402599
 -80.632401   40.393600
 -80.631798   40.385399
 -80.619400   40.381699
 -80.609901   40.374901
 -80.607803   40.369499
 -80.612999   40.347599
 -80.600105   40.317600
 -80.603104   40.306999
 -80.615105   40.291901
 -80.616402   40.272202
 -80.619507   40.265099
 -80.652306   40.244900
 -80.661743   40.229729
 -80.668304   40.199600
 -80.672798   40.192299
 -80.682205   40.185425
 -80.703156   40.157230
 -80.766045   40.159775
 -80.766464   40.155041
 -80.883080   40.159424
 -80.872482   40.373470
 -80.871742   40.379391
 -80.867393   40.379311
 -80.865700   40.422863
 -80.941689   40.424629
 -80.940346   40.468285
 -80.924751   40.467911
 -80.921112   40.556252
 -80.863762   40.555347

Knox
OH
16
 -82.337082   40.554939
 -82.220230   40.568150
 -82.178856   40.573097
 -82.184731   40.456215
 -82.196045   40.239002
 -82.336746   40.239910
 -82.477470   40.245750
 -82.476234   40.264641
 -82.752922   40.276978
 -82.745018   40.349346
 -82.646614   40.345016
 -82.633293   40.523087
 -82.643188   40.522041
 -82.643120   40.549938
 -82.623718   40.549820
 -82.375000   40.550812

Lake
OH
25
 -81.003220   41.854309
 -81.003815   41.715084
 -81.102409   41.714111
 -81.101685   41.641083
 -81.295105   41.640800
 -81.295998   41.569901
 -81.390999   41.569698
 -81.487999   41.570000
 -81.488846   41.631275
 -81.488800   41.631302
 -81.467743   41.647732
 -81.442398   41.673630
 -81.417610   41.687405
 -81.411545   41.693462
 -81.350937   41.728729
 -81.301895   41.750217
 -81.284813   41.762341
 -81.279854   41.759583
 -81.266632   41.757931
 -81.251198   41.760136
 -81.212631   41.773361
 -81.125572   41.813030
 -81.051186   41.839481
 -81.023643   41.846092
 -81.010963   41.853256

Lawrence
OH
47
 -82.650200   38.848999
 -82.575699   38.844398
 -82.582802   38.778999
 -82.483704   38.772202
 -82.486702   38.742901
 -82.467003   38.741402
 -82.472603   38.682201
 -82.354591   38.675987
 -82.361801   38.585098
 -82.287399   38.582699
 -82.293602   38.575298
 -82.291702   38.575199
 -82.293999   38.572601
 -82.295799   38.538399
 -82.303307   38.521599
 -82.304352   38.496223
 -82.318237   38.457790
 -82.327522   38.446400
 -82.340767   38.440865
 -82.381905   38.434700
 -82.389870   38.434273
 -82.405006   38.439262
 -82.507797   38.410702
 -82.533714   38.404400
 -82.557472   38.403538
 -82.578606   38.409264
 -82.593796   38.421726
 -82.600883   38.437344
 -82.603775   38.459393
 -82.610573   38.471375
 -82.618591   38.477009
 -82.648514   38.490288
 -82.665665   38.505730
 -82.696686   38.541985
 -82.724960   38.557522
 -82.766174   38.560478
 -82.787872   38.559486
 -82.816132   38.570686
 -82.740494   38.597088
 -82.766304   38.644600
 -82.764008   38.679897
 -82.706429   38.677418
 -82.701599   38.690800
 -82.695503   38.749901
 -82.663002   38.747898
 -82.661507   38.762402
 -82.659203   38.762600

Licking
OH
18
 -82.752922   40.276978
 -82.476234   40.264641
 -82.477470   40.245750
 -82.336746   40.239910
 -82.196045   40.239002
 -82.182961   40.238556
 -82.187561   40.166832
 -82.198853   39.950096
 -82.231834   39.951008
 -82.234100   39.913197
 -82.418793   39.922382
 -82.418304   39.927872
 -82.462936   39.930317
 -82.473877   39.925095
 -82.782600   39.939602
 -82.779305   39.976101
 -82.773903   39.976101
 -82.762199   40.125801

Logan
OH
14
 -83.879990   40.538658
 -83.879906   40.531811
 -83.520111   40.509232
 -83.520164   40.503967
 -83.551453   40.229301
 -83.785446   40.245155
 -83.783958   40.259987
 -84.014679   40.273361
 -84.010315   40.317284
 -84.003754   40.313301
 -84.002411   40.483093
 -83.993713   40.482819
 -83.993599   40.535145
 -83.908600   40.535343

Lorain
OH
22
 -82.348175   41.428505
 -82.333305   41.430599
 -82.291702   41.428398
 -82.254799   41.434399
 -82.178101   41.471500
 -82.012100   41.515598
 -81.994705   41.514400
 -81.968262   41.506409
 -81.967926   41.506142
 -81.971397   41.351299
 -81.877106   41.350498
 -81.878075   41.275036
 -81.972618   41.275326
 -81.974579   41.199783
 -82.072601   41.199799
 -82.074402   41.136299
 -82.169998   41.137001
 -82.171616   41.063484
 -82.336632   41.065807
 -82.341400   41.187901
 -82.344200   41.199100
 -82.342705   41.285099

Lucas
OH
54
 -83.763107   41.723499
 -83.453880   41.732674
 -83.453903   41.732601
 -83.455444   41.726742
 -83.460442   41.726742
 -83.468773   41.721325
 -83.472107   41.715076
 -83.475441   41.704659
 -83.474609   41.700081
 -83.470444   41.696747
 -83.449615   41.697994
 -83.430862   41.691334
 -83.395454   41.691750
 -83.374634   41.687164
 -83.358803   41.686749
 -83.349640   41.689663
 -83.341301   41.697163
 -83.342972   41.705074
 -83.336304   41.705074
 -83.233414   41.646759
 -83.215919   41.639259
 -83.189255   41.629265
 -83.167191   41.623158
 -83.415604   41.618900
 -83.570000   41.617100
 -83.588104   41.600899
 -83.594505   41.589001
 -83.600800   41.586201
 -83.612801   41.570702
 -83.625702   41.570000
 -83.636200   41.560200
 -83.644997   41.560699
 -83.665703   41.549198
 -83.678398   41.547798
 -83.699799   41.533901
 -83.709557   41.522442
 -83.713844   41.500832
 -83.712494   41.492805
 -83.720367   41.487164
 -83.731056   41.485378
 -83.736481   41.481953
 -83.747276   41.466164
 -83.756790   41.462158
 -83.777046   41.462807
 -83.782280   41.448875
 -83.815788   41.432838
 -83.845680   41.424976
 -83.854317   41.414398
 -83.872391   41.416370
 -83.883293   41.414452
 -83.882866   41.487392
 -83.882271   41.617424
 -83.877548   41.617462
 -83.880600   41.720032

Madison
OH
29
 -83.504013   40.111248
 -83.206352   40.107777
 -83.212189   40.048065
 -83.254578   40.049232
 -83.255554   40.047680
 -83.255501   40.043457
 -83.252144   40.040913
 -83.256355   40.030655
 -83.252350   40.027905
 -83.251427   40.008865
 -83.254494   40.004993
 -83.260765   40.002850
 -83.246269   39.987377
 -83.250275   39.982239
 -83.250595   39.970558
 -83.247261   39.971199
 -83.246147   39.963840
 -83.240463   39.960064
 -83.241821   39.952415
 -83.232162   39.944962
 -83.225731   39.932350
 -83.252159   39.917248
 -83.243553   39.813248
 -83.252518   39.695377
 -83.653404   39.716816
 -83.647247   39.772968
 -83.588097   39.768719
 -83.508179   40.010513
 -83.515137   40.011200

Mahoning
OH
12
 -81.000000   41.133762
 -80.519379   41.133289
 -80.519226   41.125000
 -80.519974   40.899796
 -80.822243   40.900833
 -80.821838   40.929535
 -80.891556   40.930145
 -80.896461   40.930126
 -80.897423   40.901154
 -81.086891   40.902840
 -81.086998   40.988098
 -81.000015   40.987709

Marion
OH
15
 -83.111435   40.702900
 -82.858398   40.704960
 -82.859978   40.646400
 -82.957909   40.645092
 -82.958511   40.490486
 -83.016876   40.484451
 -83.021034   40.433739
 -83.248650   40.443848
 -83.248093   40.506969
 -83.418449   40.505169
 -83.415382   40.515442
 -83.420456   40.607391
 -83.419914   40.686768
 -83.305046   40.687035
 -83.304771   40.701954

Medina
OH
12
 -81.878075   41.275036
 -81.685104   41.277100
 -81.688599   40.988800
 -81.822342   40.988152
 -82.129570   40.992020
 -82.173546   40.992287
 -82.171616   41.063484
 -82.169998   41.137001
 -82.074402   41.136299
 -82.072601   41.199799
 -81.974579   41.199783
 -81.972618   41.275326

Meigs
OH
62
 -82.268799   39.203701
 -82.074806   39.193203
 -81.756104   39.180099
 -81.742912   39.142593
 -81.744545   39.143665
 -81.745346   39.138165
 -81.742500   39.111198
 -81.747398   39.095299
 -81.760902   39.084000
 -81.775703   39.078300
 -81.785904   39.078499
 -81.803200   39.083801
 -81.810799   39.083199
 -81.814003   39.079601
 -81.812798   39.063263
 -81.802200   39.046299
 -81.773003   39.026100
 -81.764397   39.015202
 -81.765305   39.002499
 -81.775215   38.991306
 -81.781738   38.962196
 -81.778992   38.955811
 -81.761169   38.937923
 -81.757118   38.937073
 -81.756279   38.933464
 -81.762810   38.924042
 -81.774254   38.922886
 -81.793518   38.930122
 -81.811302   38.944641
 -81.821449   38.946796
 -81.834587   38.941349
 -81.844635   38.928669
 -81.845459   38.910007
 -81.848801   38.901329
 -81.859062   38.890106
 -81.889374   38.874199
 -81.898682   38.874500
 -81.908783   38.878380
 -81.927109   38.891521
 -81.928497   38.895290
 -81.926819   38.901234
 -81.901054   38.924259
 -81.898613   38.929523
 -81.900734   38.937592
 -81.918358   38.966515
 -81.933327   38.987579
 -81.941971   38.993217
 -81.951591   38.995953
 -81.974007   38.992336
 -81.981293   38.994270
 -81.987198   39.011902
 -81.995102   39.022400
 -82.003601   39.028400
 -82.017700   39.029999
 -82.036102   39.025398
 -82.051201   38.994801
 -82.090302   38.975201
 -82.099106   38.958302
 -82.095596   39.002701
 -82.324020   39.013081
 -82.322998   39.027599
 -82.306793   39.205444

Mercer
OH
12
 -84.802162   40.728115
 -84.456322   40.728226
 -84.456047   40.684715
 -84.455467   40.358486
 -84.434471   40.354485
 -84.431725   40.354145
 -84.434723   40.354214
 -84.593262   40.353363
 -84.600014   40.353249
 -84.600075   40.351807
 -84.804161   40.352798
 -84.802307   40.572166

Miami
OH
11
 -84.432739   40.197086
 -84.218735   40.200031
 -84.218834   40.195488
 -84.023262   40.183968
 -84.036385   40.039951
 -84.051598   39.879799
 -84.157860   39.885586
 -84.163902   39.895401
 -84.167229   39.911758
 -84.157059   39.922928
 -84.425903   39.919498

Monroe
OH
42
 -81.237480   39.867756
 -81.127296   39.864967
 -81.017265   39.859802
 -81.017326   39.858112
 -80.821465   39.849907
 -80.827148   39.841579
 -80.822578   39.823349
 -80.822365   39.811630
 -80.826263   39.798508
 -80.835495   39.790615
 -80.863235   39.775124
 -80.870506   39.763107
 -80.865517   39.753178
 -80.852921   39.740963
 -80.846146   39.738590
 -80.833694   39.720737
 -80.829941   39.711765
 -80.834061   39.703419
 -80.852180   39.698483
 -80.863876   39.691647
 -80.866508   39.683090
 -80.866821   39.652538
 -80.880539   39.620632
 -80.892387   39.616680
 -80.917801   39.618629
 -80.926018   39.617321
 -80.933464   39.614735
 -80.943962   39.606853
 -80.973656   39.588371
 -80.993866   39.571178
 -81.020226   39.555336
 -81.027023   39.547424
 -81.038879   39.539810
 -81.036957   39.572044
 -81.246979   39.578964
 -81.246964   39.576519
 -81.265511   39.576736
 -81.264435   39.605286
 -81.283241   39.605724
 -81.280746   39.707039
 -81.319290   39.707287
 -81.313751   39.869400

Montgomery
OH
17
 -84.485703   39.918301
 -84.425903   39.919498
 -84.157059   39.922928
 -84.167229   39.911758
 -84.163902   39.895401
 -84.157860   39.885586
 -84.051598   39.879799
 -84.053802   39.850399
 -84.055305   39.835899
 -84.093002   39.838299
 -84.111107   39.637901
 -84.112000   39.626301
 -84.109703   39.625900
 -84.113998   39.577900
 -84.285400   39.589100
 -84.365326   39.589584
 -84.478798   39.590000

Morgan
OH
27
 -82.076775   39.770893
 -81.697594   39.755501
 -81.639885   39.753345
 -81.643349   39.665607
 -81.586288   39.663921
 -81.588333   39.586899
 -81.689034   39.590439
 -81.696022   39.586765
 -81.713982   39.584518
 -81.716850   39.580227
 -81.716728   39.564980
 -81.723656   39.547535
 -81.722359   39.531479
 -81.705215   39.530933
 -81.708672   39.480705
 -81.761101   39.482700
 -81.761101   39.488510
 -81.783905   39.489399
 -81.783600   39.492500
 -81.823303   39.493999
 -81.825905   39.449100
 -81.845001   39.449902
 -82.056198   39.459900
 -82.047409   39.550529
 -82.039742   39.550148
 -82.024361   39.724621
 -82.080360   39.727604

Morrow
OH
23
 -82.858398   40.704960
 -82.858269   40.712276
 -82.727264   40.711086
 -82.627296   40.709358
 -82.626427   40.666088
 -82.645248   40.666210
 -82.645317   40.660080
 -82.644226   40.637184
 -82.625000   40.637344
 -82.623718   40.549820
 -82.643120   40.549938
 -82.643188   40.522041
 -82.633293   40.523087
 -82.646614   40.345016
 -82.745018   40.349346
 -82.930061   40.358158
 -82.924843   40.414837
 -83.022331   40.418716
 -83.021034   40.433739
 -83.016876   40.484451
 -82.958511   40.490486
 -82.957909   40.645092
 -82.859978   40.646400

Muskingum
OH
14
 -82.187561   40.166832
 -82.087326   40.161636
 -81.716431   40.152100
 -81.728760   39.931656
 -81.691254   39.930683
 -81.694298   39.842564
 -81.697594   39.755501
 -82.076775   39.770893
 -82.073074   39.816158
 -82.170181   39.820683
 -82.162514   39.909252
 -82.234100   39.913197
 -82.231834   39.951008
 -82.198853   39.950096

Noble
OH
31
 -81.234222   39.951199
 -81.237480   39.867756
 -81.313751   39.869400
 -81.319290   39.707287
 -81.280746   39.707039
 -81.283241   39.605724
 -81.283707   39.591755
 -81.356606   39.593441
 -81.356445   39.600792
 -81.395096   39.601475
 -81.395195   39.615608
 -81.414009   39.615799
 -81.413826   39.630428
 -81.452873   39.631092
 -81.452095   39.645374
 -81.473320   39.645905
 -81.473625   39.583244
 -81.588333   39.586899
 -81.586288   39.663921
 -81.643349   39.665607
 -81.639885   39.753345
 -81.697594   39.755501
 -81.694298   39.842564
 -81.580559   39.839035
 -81.578743   39.897644
 -81.464264   39.894482
 -81.462898   39.923595
 -81.386864   39.921314
 -81.386169   39.950623
 -81.348000   39.949890
 -81.347931   39.953564

Ottawa
OH
36
 -83.415604   41.618900
 -83.167191   41.623158
 -83.148354   41.617939
 -83.110023   41.613613
 -83.071075   41.598770
 -83.046341   41.569717
 -83.029030   41.556110
 -82.970909   41.523342
 -82.917747   41.515308
 -82.894249   41.519634
 -82.873230   41.529530
 -82.862106   41.541893
 -82.855919   41.554874
 -82.856537   41.567242
 -82.860245   41.575279
 -82.853447   41.582081
 -82.833038   41.590115
 -82.823151   41.574661
 -82.785439   41.540657
 -82.771217   41.541275
 -82.756378   41.545605
 -82.729179   41.544365
 -82.710632   41.535713
 -82.708778   41.517162
 -82.698265   41.503559
 -82.689529   41.497829
 -82.710213   41.485741
 -82.730537   41.479294
 -82.750000   41.477215
 -82.819450   41.485012
 -82.863167   41.469810
 -82.906731   41.460072
 -82.953194   41.458008
 -83.338036   41.457478
 -83.339203   41.501202
 -83.414597   41.500198

Paulding
OH
8
 -84.803535   41.252480
 -84.457443   41.253471
 -84.457306   41.209400
 -84.341751   41.209148
 -84.341400   41.165424
 -84.341904   40.990685
 -84.399475   40.990337
 -84.803352   40.989159

Perry
OH
21
 -82.462936   39.930317
 -82.418304   39.927872
 -82.418793   39.922382
 -82.234100   39.913197
 -82.162514   39.909252
 -82.170181   39.820683
 -82.073074   39.816158
 -82.076775   39.770893
 -82.080360   39.727604
 -82.024361   39.724621
 -82.039742   39.550148
 -82.047409   39.550529
 -82.159294   39.556229
 -82.263695   39.562069
 -82.262077   39.590523
 -82.380013   39.596672
 -82.374649   39.654854
 -82.366173   39.742455
 -82.404076   39.744522
 -82.396278   39.832851
 -82.472641   39.837154

Pickaway
OH
14
 -83.243553   39.813248
 -83.183357   39.809200
 -83.037727   39.805504
 -82.824333   39.794849
 -82.843170   39.561378
 -82.731865   39.554340
 -82.740654   39.468151
 -82.998306   39.480000
 -82.992996   39.489799
 -82.980507   39.490200
 -82.978859   39.500805
 -82.984665   39.506691
 -83.266823   39.516190
 -83.252518   39.695377

Pike
OH
26
 -83.353615   39.197521
 -82.786003   39.168701
 -82.807198   38.948002
 -83.000000   38.956253
 -83.211845   38.960064
 -83.214874   38.963139
 -83.211029   38.970184
 -83.217331   38.971687
 -83.213531   38.991150
 -83.234001   38.998753
 -83.232391   39.001553
 -83.238419   39.005932
 -83.237907   39.009789
 -83.248611   39.009953
 -83.257607   39.015099
 -83.259842   39.013351
 -83.270927   39.015835
 -83.275139   39.020267
 -83.286240   39.024403
 -83.288216   39.029800
 -83.308197   39.040192
 -83.310661   39.042549
 -83.308846   39.045139
 -83.313362   39.046928
 -83.314682   39.052128
 -83.385727   39.055126

Portage
OH
8
 -81.391998   41.348412
 -81.391502   41.348419
 -81.245903   41.346901
 -81.001625   41.347801
 -81.000000   41.133762
 -81.000015   40.987709
 -81.086998   40.988098
 -81.393600   40.988499

Preble
OH
7
 -84.812454   39.916866
 -84.624512   39.916431
 -84.485703   39.918301
 -84.478798   39.590000
 -84.478943   39.568737
 -84.815002   39.567200
 -84.814178   39.726509

Putnam
OH
13
 -84.228287   41.165836
 -83.881157   41.167660
 -83.880409   40.920471
 -83.995163   40.919735
 -83.995026   40.905037
 -84.110023   40.904652
 -84.109596   40.860863
 -84.340584   40.859051
 -84.341026   40.903549
 -84.398438   40.903320
 -84.399475   40.990337
 -84.341904   40.990685
 -84.341400   41.165424

Richland
OH
27
 -82.724861   40.995815
 -82.432945   40.993156
 -82.418015   40.993092
 -82.415535   40.828529
 -82.417725   40.825249
 -82.420639   40.827503
 -82.421043   40.823521
 -82.417198   40.820545
 -82.418350   40.815647
 -82.408112   40.814510
 -82.407875   40.808193
 -82.388641   40.808113
 -82.387070   40.800289
 -82.389618   40.796127
 -82.378830   40.786945
 -82.378510   40.727089
 -82.339294   40.726627
 -82.337082   40.554939
 -82.375000   40.550812
 -82.623718   40.549820
 -82.625000   40.637344
 -82.644226   40.637184
 -82.645317   40.660080
 -82.645248   40.666210
 -82.626427   40.666088
 -82.627296   40.709358
 -82.727264   40.711086

Ross
OH
37
 -83.266823   39.516190
 -82.984665   39.506691
 -82.978859   39.500805
 -82.980507   39.490200
 -82.992996   39.489799
 -82.998306   39.480000
 -82.740654   39.468151
 -82.748695   39.368099
 -82.763000   39.207901
 -82.766800   39.167702
 -82.786003   39.168701
 -83.353615   39.197521
 -83.343590   39.233059
 -83.348183   39.233036
 -83.345093   39.250542
 -83.347954   39.252754
 -83.355476   39.250313
 -83.359505   39.242153
 -83.362442   39.240513
 -83.365822   39.241638
 -83.373001   39.248161
 -83.381210   39.249557
 -83.378639   39.259392
 -83.393883   39.267982
 -83.393257   39.274792
 -83.381386   39.278297
 -83.382057   39.284740
 -83.376709   39.290878
 -83.382393   39.294731
 -83.383224   39.316143
 -83.386818   39.322662
 -83.382744   39.327286
 -83.381821   39.339451
 -83.375000   39.347137
 -83.380074   39.357094
 -83.373596   39.368202
 -83.372856   39.377289

Sandusky
OH
12
 -83.414597   41.500198
 -83.339203   41.501202
 -83.338036   41.457478
 -82.953194   41.458008
 -82.953018   41.429634
 -82.847618   41.430218
 -82.841431   41.289959
 -82.840080   41.255260
 -83.075317   41.256756
 -83.236290   41.252792
 -83.322189   41.254704
 -83.419899   41.253811

Scioto
OH
61
 -83.270927   39.015835
 -83.259842   39.013351
 -83.257607   39.015099
 -83.248611   39.009953
 -83.237907   39.009789
 -83.238419   39.005932
 -83.232391   39.001553
 -83.234001   38.998753
 -83.213531   38.991150
 -83.217331   38.971687
 -83.211029   38.970184
 -83.214874   38.963139
 -83.211845   38.960064
 -83.000000   38.956253
 -82.807198   38.948002
 -82.753502   38.945301
 -82.762100   38.869499
 -82.760803   38.854801
 -82.650200   38.848999
 -82.659203   38.762600
 -82.661507   38.762402
 -82.663002   38.747898
 -82.695503   38.749901
 -82.701599   38.690800
 -82.706429   38.677418
 -82.764008   38.679897
 -82.766304   38.644600
 -82.740494   38.597088
 -82.816132   38.570686
 -82.842064   38.588192
 -82.852402   38.606976
 -82.857399   38.630699
 -82.856400   38.646000
 -82.859535   38.660397
 -82.877701   38.690102
 -82.870003   38.728100
 -82.871399   38.739300
 -82.879402   38.751202
 -82.894302   38.756500
 -82.923798   38.750000
 -82.943253   38.743202
 -82.969421   38.728523
 -82.981400   38.725800
 -82.999702   38.729401
 -83.013504   38.729172
 -83.013611   38.730637
 -83.030968   38.725510
 -83.053207   38.695755
 -83.064423   38.688900
 -83.084328   38.681015
 -83.102844   38.677238
 -83.112473   38.671608
 -83.122650   38.659122
 -83.129074   38.640156
 -83.142937   38.625000
 -83.157021   38.620472
 -83.202553   38.616879
 -83.232506   38.627491
 -83.242737   38.628349
 -83.262230   38.622341
 -83.267792   38.618145

Seneca
OH
11
 -83.419899   41.253811
 -83.322189   41.254704
 -83.236290   41.252792
 -83.075317   41.256756
 -82.840080   41.255260
 -82.829590   40.996716
 -82.852898   40.997120
 -82.853256   40.993759
 -83.112701   40.993496
 -83.420395   40.991966
 -83.421097   41.166592

Shelby
OH
14
 -84.434471   40.354485
 -84.434067   40.378284
 -84.338699   40.378948
 -84.339149   40.481220
 -84.002411   40.483093
 -84.003754   40.313301
 -84.010315   40.317284
 -84.014679   40.273361
 -84.023262   40.183968
 -84.218834   40.195488
 -84.218735   40.200031
 -84.432739   40.197086
 -84.434723   40.354214
 -84.431725   40.354145

Stark
OH
20
 -81.393600   40.988499
 -81.086998   40.988098
 -81.086891   40.902840
 -81.087471   40.727810
 -81.198776   40.729111
 -81.199211   40.722256
 -81.237396   40.723484
 -81.241425   40.650471
 -81.317902   40.651501
 -81.447502   40.653400
 -81.436104   40.658199
 -81.436203   40.660900
 -81.458199   40.666500
 -81.461502   40.666199
 -81.470306   40.654400
 -81.650101   40.634899
 -81.650002   40.668056
 -81.648003   40.914299
 -81.420303   40.906601
 -81.416504   40.988400

Summit
OH
25
 -81.685104   41.277100
 -81.562706   41.278500
 -81.564598   41.283901
 -81.570137   41.286774
 -81.565399   41.288799
 -81.573303   41.290699
 -81.572998   41.300701
 -81.575401   41.300598
 -81.572998   41.302799
 -81.584908   41.307800
 -81.583702   41.315601
 -81.592300   41.329399
 -81.588104   41.338501
 -81.588997   41.343399
 -81.595802   41.344200
 -81.597198   41.347099
 -81.593506   41.349701
 -81.598000   41.350800
 -81.391998   41.348412
 -81.393600   40.988499
 -81.416504   40.988400
 -81.420303   40.906601
 -81.648003   40.914299
 -81.647507   40.987900
 -81.688599   40.988800

Trumbull
OH
9
 -81.003471   41.501633
 -80.519432   41.499870
 -80.519424   41.488960
 -80.519379   41.133289
 -81.000000   41.133762
 -81.001625   41.347801
 -81.000000   41.375000
 -81.002037   41.375000
 -81.002464   41.383526

Tuscarawas
OH
22
 -81.650101   40.634899
 -81.470306   40.654400
 -81.461502   40.666199
 -81.458199   40.666500
 -81.436203   40.660900
 -81.436104   40.658199
 -81.447502   40.653400
 -81.317902   40.651501
 -81.321823   40.566589
 -81.264915   40.564980
 -81.270119   40.433418
 -81.275490   40.303368
 -81.334770   40.304249
 -81.338226   40.214184
 -81.622841   40.221241
 -81.616180   40.368053
 -81.712440   40.370735
 -81.709282   40.444714
 -81.669785   40.443787
 -81.662529   40.627762
 -81.669525   40.627853
 -81.669380   40.632801

Union
OH
12
 -83.520164   40.503967
 -83.418449   40.505169
 -83.248093   40.506969
 -83.248650   40.443848
 -83.247635   40.244495
 -83.172302   40.243889
 -83.170303   40.143101
 -83.169998   40.106705
 -83.206352   40.107777
 -83.504013   40.111248
 -83.494171   40.225555
 -83.551453   40.229301

Van Wert
OH
12
 -84.803352   40.989159
 -84.399475   40.990337
 -84.398438   40.903320
 -84.341026   40.903549
 -84.340584   40.859051
 -84.340149   40.816044
 -84.397499   40.815804
 -84.396828   40.684879
 -84.456047   40.684715
 -84.456322   40.728226
 -84.802162   40.728115
 -84.802979   40.922329

Vinton
OH
20
 -82.748695   39.368099
 -82.635803   39.361500
 -82.634506   39.375900
 -82.517700   39.369400
 -82.514603   39.395699
 -82.289497   39.384102
 -82.298706   39.294800
 -82.260307   39.292801
 -82.268799   39.203701
 -82.306793   39.205444
 -82.322998   39.027599
 -82.435402   39.035099
 -82.424797   39.137901
 -82.540398   39.144402
 -82.536781   39.180817
 -82.574600   39.185398
 -82.611107   39.185501
 -82.651604   39.189499
 -82.650200   39.202202
 -82.763000   39.207901

Warren
OH
16
 -84.365326   39.589584
 -84.285400   39.589100
 -84.113998   39.577900
 -83.977074   39.569103
 -84.006828   39.255619
 -84.259354   39.270500
 -84.256302   39.276501
 -84.264503   39.280201
 -84.262009   39.288059
 -84.315384   39.292393
 -84.353203   39.291698
 -84.336700   39.456100
 -84.340103   39.456402
 -84.332108   39.548500
 -84.362000   39.541698
 -84.364799   39.543800

Washington
OH
87
 -81.588333   39.586899
 -81.473625   39.583244
 -81.473320   39.645905
 -81.452095   39.645374
 -81.452873   39.631092
 -81.413826   39.630428
 -81.414009   39.615799
 -81.395195   39.615608
 -81.395096   39.601475
 -81.356445   39.600792
 -81.356606   39.593441
 -81.283707   39.591755
 -81.283241   39.605724
 -81.264435   39.605286
 -81.265511   39.576736
 -81.246964   39.576519
 -81.246979   39.578964
 -81.036957   39.572044
 -81.038879   39.539810
 -81.070763   39.515915
 -81.092102   39.496498
 -81.121704   39.457699
 -81.134598   39.445000
 -81.163689   39.441113
 -81.185310   39.431404
 -81.208397   39.407070
 -81.211601   39.401955
 -81.211815   39.392902
 -81.217484   39.387516
 -81.223747   39.385986
 -81.244522   39.390335
 -81.270462   39.385967
 -81.281570   39.379185
 -81.301987   39.372128
 -81.345085   39.346722
 -81.357071   39.343105
 -81.371422   39.341850
 -81.384239   39.343166
 -81.393951   39.351631
 -81.406845   39.388016
 -81.415985   39.397057
 -81.435799   39.408401
 -81.446701   39.410301
 -81.456306   39.409199
 -81.473343   39.400097
 -81.498947   39.376049
 -81.516991   39.365150
 -81.534622   39.358158
 -81.557701   39.338699
 -81.565201   39.293800
 -81.565399   39.276100
 -81.570396   39.267601
 -81.585709   39.268673
 -81.595314   39.273312
 -81.608559   39.275967
 -81.621452   39.273567
 -81.656288   39.277279
 -81.677742   39.274097
 -81.689629   39.265968
 -81.696526   39.256962
 -81.696785   39.246048
 -81.691216   39.230064
 -81.692543   39.226368
 -81.701057   39.220768
 -81.725632   39.215424
 -81.721840   39.269360
 -81.818398   39.272099
 -81.816704   39.301701
 -81.835823   39.302715
 -81.834801   39.317200
 -81.853592   39.317791
 -81.845001   39.449902
 -81.825905   39.449100
 -81.823303   39.493999
 -81.783600   39.492500
 -81.783905   39.489399
 -81.761101   39.488510
 -81.761101   39.482700
 -81.708672   39.480705
 -81.705215   39.530933
 -81.722359   39.531479
 -81.723656   39.547535
 -81.716728   39.564980
 -81.716850   39.580227
 -81.713982   39.584518
 -81.696022   39.586765
 -81.689034   39.590439

Wayne
OH
11
 -82.129570   40.992020
 -81.822342   40.988152
 -81.688599   40.988800
 -81.647507   40.987900
 -81.648003   40.914299
 -81.650002   40.668056
 -81.904991   40.666622
 -82.126328   40.668171
 -82.127434   40.804195
 -82.125000   40.885372
 -82.128014   40.901024

Williams
OH
10
 -84.806129   41.696041
 -84.399483   41.705711
 -84.398460   41.616783
 -84.381371   41.616680
 -84.380775   41.513988
 -84.342010   41.514065
 -84.342331   41.485447
 -84.342003   41.427525
 -84.804001   41.426079
 -84.804771   41.530182

Wood
OH
31
 -83.415604   41.618900
 -83.414597   41.500198
 -83.419899   41.253811
 -83.421097   41.166592
 -83.881157   41.167660
 -83.883293   41.414452
 -83.872391   41.416370
 -83.854317   41.414398
 -83.845680   41.424976
 -83.815788   41.432838
 -83.782280   41.448875
 -83.777046   41.462807
 -83.756790   41.462158
 -83.747276   41.466164
 -83.736481   41.481953
 -83.731056   41.485378
 -83.720367   41.487164
 -83.712494   41.492805
 -83.713844   41.500832
 -83.709557   41.522442
 -83.699799   41.533901
 -83.678398   41.547798
 -83.665703   41.549198
 -83.644997   41.560699
 -83.636200   41.560200
 -83.625702   41.570000
 -83.612801   41.570702
 -83.600800   41.586201
 -83.594505   41.589001
 -83.588104   41.600899
 -83.570000   41.617100

Wyandot
OH
16
 -83.420395   40.991966
 -83.112701   40.993496
 -83.111435   40.702900
 -83.304771   40.701954
 -83.305046   40.687035
 -83.419914   40.686768
 -83.440353   40.687515
 -83.440277   40.702248
 -83.495979   40.701477
 -83.496353   40.817741
 -83.515961   40.818081
 -83.514969   40.905056
 -83.476753   40.904919
 -83.476868   40.948322
 -83.457764   40.948463
 -83.457932   40.991615

