-103.001953   33.615650
 -94.431503   37.002281
77

Adair
OK
8
 -94.797050   36.161304
 -94.562584   36.161667
 -94.551964   36.102158
 -94.492912   35.759083
 -94.472435   35.638474
 -94.807076   35.638512
 -94.807106   35.900841
 -94.796974   35.900791

Alfalfa
OK
13
 -98.346840   36.997936
 -98.111641   36.998108
 -98.111137   36.942062
 -98.109138   36.942062
 -98.108955   36.593647
 -98.103729   36.593651
 -98.104279   36.463131
 -98.533218   36.463295
 -98.533058   36.594227
 -98.540131   36.594254
 -98.539993   36.942184
 -98.544670   36.942299
 -98.544518   36.998974

Atoka
OK
13
 -96.091896   34.680492
 -95.881828   34.680382
 -95.881905   34.593430
 -95.671722   34.593758
 -95.671448   34.506699
 -95.779167   34.506458
 -95.779129   34.156601
 -95.991318   34.156719
 -96.407372   34.157223
 -96.407059   34.418449
 -96.144821   34.418583
 -96.145073   34.506012
 -96.091599   34.506065

Beaver
OK
10
-100.089073   37.002281
-100.002151   37.001675
-100.002594   36.593159
-100.003265   36.499607
-100.545723   36.499313
-100.953712   36.499592
-100.953392   36.848064
-100.945045   36.848591
-100.945122   36.998127
-100.632896   36.999912

Beckham
OK
22
 -99.363731   35.508778
 -99.363953   35.465332
 -99.364128   35.218929
 -99.363930   35.204384
 -99.359711   35.204342
 -99.359718   35.116631
 -99.408905   35.116440
 -99.408928   35.114456
 -99.415512   35.111713
 -99.422600   35.114441
 -99.430298   35.108166
 -99.440666   35.109787
 -99.443588   35.113396
 -99.440292   35.116486
 -99.782455   35.116722
 -99.782578   35.030060
 -99.888191   35.030209
-100.000000   35.030331
-100.000000   35.182652
-100.000000   35.422291
 -99.575340   35.421642
 -99.575218   35.508900

Blaine
OK
11
 -98.636497   36.164856
 -98.210197   36.164856
 -98.206825   35.725098
 -98.313026   35.725159
 -98.312912   35.551472
 -98.622803   35.551548
 -98.631721   35.551567
 -98.631752   35.812321
 -98.632027   35.896717
 -98.632133   35.898731
 -98.635910   35.898804

Bryan
OK
233
 -96.407372   34.157223
 -95.991318   34.156719
 -95.989357   34.154728
 -95.985535   34.156036
 -95.981621   34.153931
 -95.982979   34.151897
 -95.978653   34.150726
 -95.977226   34.154781
 -95.974304   34.152309
 -95.969925   34.154919
 -95.971550   34.152676
 -95.967560   34.151119
 -95.954620   34.149502
 -95.953079   34.147625
 -95.955772   34.147465
 -95.955032   34.145767
 -95.949280   34.144260
 -95.951843   34.143616
 -95.949776   34.141808
 -95.952446   34.141716
 -95.953545   34.138813
 -95.950623   34.139729
 -95.948120   34.134396
 -95.949913   34.129360
 -95.943695   34.123993
 -95.937935   34.125496
 -95.937698   33.948158
 -95.935135   33.941406
 -95.928658   33.939758
 -95.918335   33.925201
 -95.909195   33.921558
 -95.903625   33.923412
 -95.903290   33.921032
 -95.898788   33.919544
 -95.893463   33.921741
 -95.886307   33.915695
 -95.878525   33.915920
 -95.871597   33.907013
 -95.867264   33.905277
 -95.860939   33.887287
 -95.857559   33.887333
 -95.853447   33.884747
 -95.854294   33.883190
 -95.852074   33.883762
 -95.851059   33.881180
 -95.842766   33.877907
 -95.840363   33.874065
 -95.830643   33.875389
 -95.828255   33.873035
 -95.814041   33.872421
 -95.814072   33.870453
 -95.811432   33.869671
 -95.809929   33.871643
 -95.808090   33.869560
 -95.797523   33.873428
 -95.786575   33.873245
 -95.781281   33.868160
 -95.775101   33.874249
 -95.767891   33.870995
 -95.761803   33.872833
 -95.757217   33.867855
 -95.753487   33.855289
 -95.759010   33.849155
 -95.771828   33.843716
 -95.776009   33.845043
 -95.789627   33.857590
 -95.804901   33.861202
 -95.821030   33.857609
 -95.818726   33.844357
 -95.822540   33.838657
 -95.831703   33.835060
 -95.843529   33.838848
 -95.859222   33.852356
 -95.879150   33.858948
 -95.915710   33.881046
 -95.934944   33.887005
 -95.936951   33.884552
 -95.935074   33.875000
 -95.941017   33.861519
 -95.951363   33.856918
 -95.956078   33.858562
 -95.969795   33.857075
 -95.984711   33.852814
 -95.984673   33.865707
 -96.001617   33.873650
 -96.003731   33.868309
 -95.999443   33.862457
 -95.994614   33.861725
 -95.996574   33.853802
 -96.005043   33.845409
 -96.016800   33.841354
 -96.022476   33.840992
 -96.019287   33.853401
 -96.024979   33.857388
 -96.030251   33.855164
 -96.035042   33.842541
 -96.048576   33.836369
 -96.084366   33.846558
 -96.096634   33.847401
 -96.101219   33.846611
 -96.097382   33.837837
 -96.099106   33.830372
 -96.109734   33.832294
 -96.122696   33.839863
 -96.130798   33.837341
 -96.146271   33.838203
 -96.151367   33.831848
 -96.148537   33.819096
 -96.150505   33.816887
 -96.166245   33.817768
 -96.176651   33.813835
 -96.178864   33.810123
 -96.177078   33.805016
 -96.174889   33.801853
 -96.170036   33.800880
 -96.163506   33.812950
 -96.156456   33.813225
 -96.159561   33.811451
 -96.162521   33.786320
 -96.169189   33.770031
 -96.177803   33.760414
 -96.186295   33.756275
 -96.220261   33.747288
 -96.228760   33.747921
 -96.247993   33.759136
 -96.269630   33.768303
 -96.277008   33.769634
 -96.285965   33.765766
 -96.292732   33.765961
 -96.304611   33.745178
 -96.307976   33.733921
 -96.306389   33.721558
 -96.309708   33.710388
 -96.320839   33.694996
 -96.332657   33.693054
 -96.343109   33.686646
 -96.356613   33.687489
 -96.362297   33.692223
 -96.368759   33.715828
 -96.379189   33.725658
 -96.408211   33.751087
 -96.422379   33.775940
 -96.447777   33.780930
 -96.458885   33.775131
 -96.500496   33.772549
 -96.511650   33.781376
 -96.515648   33.787693
 -96.516312   33.803066
 -96.526382   33.820789
 -96.532600   33.822903
 -96.550949   33.819027
 -96.572662   33.818996
 -96.592659   33.830814
 -96.622879   33.841381
 -96.629013   33.845387
 -96.628693   33.852306
 -96.611694   33.868916
 -96.597076   33.875000
 -96.589844   33.880566
 -96.584961   33.889977
 -96.588234   33.894882
 -96.587013   33.897396
 -96.590843   33.903126
 -96.582253   33.908199
 -96.580681   33.915325
 -96.586670   33.915569
 -96.590637   33.919132
 -96.582893   33.919022
 -96.580322   33.923782
 -96.589272   33.927784
 -96.592888   33.932865
 -96.590965   33.938740
 -96.596191   33.945568
 -96.591972   33.951412
 -96.587624   33.947906
 -96.584549   33.949764
 -96.585114   33.954784
 -96.579277   33.956558
 -96.575920   33.963787
 -96.584930   33.967258
 -96.585312   33.974621
 -96.588715   33.970062
 -96.593376   33.970917
 -96.593391   33.973995
 -96.598007   33.974808
 -96.600098   33.979332
 -96.606522   33.981846
 -96.602486   33.987839
 -96.608597   33.987415
 -96.615372   33.990631
 -96.613464   33.996124
 -96.623024   34.002319
 -96.624527   34.009628
 -96.620674   34.005428
 -96.616722   34.010113
 -96.604027   34.007771
 -96.602905   34.013451
 -96.593155   34.016632
 -96.585991   34.007874
 -96.582680   34.006775
 -96.578674   34.009045
 -96.573006   34.020248
 -96.577614   34.020184
 -96.579308   34.022511
 -96.572647   34.029324
 -96.579712   34.031105
 -96.579704   34.033775
 -96.576088   34.033707
 -96.574059   34.036865
 -96.577965   34.047924
 -96.571938   34.050209
 -96.571037   34.048210
 -96.576126   34.042904
 -96.570580   34.042770
 -96.568108   34.047600
 -96.557739   34.050369
 -96.553749   34.058846
 -96.547211   34.063816
 -96.550484   34.071651
 -96.560074   34.073341
 -96.564011   34.077065
 -96.562561   34.079292
 -96.556717   34.077991
 -96.555618   34.081085
 -96.563148   34.081470
 -96.568367   34.084656
 -96.565254   34.089291
 -96.581123   34.104713
 -96.579063   34.109966
 -96.584175   34.111633
 -96.585083   34.114365
 -96.453568   34.114311
 -96.453629   34.157257

Caddo
OK
15
 -98.622803   35.551548
 -98.312912   35.551472
 -98.307961   35.551456
 -98.306374   35.540993
 -98.306038   35.377125
 -98.095634   35.377670
 -98.094559   35.203659
 -98.090927   35.203590
 -98.092323   34.854851
 -98.619476   34.854889
 -98.620712   35.097298
 -98.617676   35.101643
 -98.617554   35.204109
 -98.623413   35.204178
 -98.622879   35.464367

Canadian
OK
53
 -98.206825   35.725098
 -97.673599   35.725937
 -97.670906   35.377201
 -97.671234   35.336945
 -97.671280   35.335873
 -97.686401   35.333775
 -97.695549   35.327648
 -97.705841   35.324928
 -97.711906   35.325039
 -97.717392   35.329403
 -97.735390   35.324192
 -97.748360   35.329315
 -97.754318   35.337135
 -97.764656   35.342415
 -97.796158   35.339024
 -97.807343   35.340481
 -97.813057   35.333855
 -97.821373   35.335201
 -97.841454   35.333534
 -97.855644   35.342079
 -97.863457   35.361336
 -97.870461   35.362103
 -97.882370   35.349735
 -97.889046   35.351101
 -97.892006   35.345814
 -97.896004   35.345169
 -97.906624   35.351025
 -97.908966   35.355240
 -97.919106   35.354275
 -97.922852   35.356110
 -97.930481   35.363724
 -97.932945   35.374237
 -97.940498   35.376850
 -97.946053   35.374439
 -97.946449   35.359489
 -97.949577   35.351952
 -97.960136   35.347466
 -97.979790   35.359226
 -97.990730   35.361858
 -97.998718   35.361099
 -98.009735   35.364498
 -98.012634   35.367363
 -98.012917   35.372768
 -98.016693   35.375000
 -98.014137   35.378448
 -98.017136   35.381332
 -98.020424   35.377472
 -98.095634   35.377670
 -98.306038   35.377125
 -98.306374   35.540993
 -98.307961   35.551456
 -98.312912   35.551472
 -98.313026   35.725159

Carter
OK
19
 -97.562057   34.506844
 -97.351807   34.506702
 -97.351852   34.376141
 -97.036194   34.375324
 -97.033424   34.372860
 -97.038429   34.365948
 -97.031075   34.351177
 -97.042320   34.344517
 -97.042534   34.342453
 -97.039223   34.337448
 -97.028717   34.332512
 -96.933167   34.332569
 -96.933388   34.172459
 -96.968124   34.172523
 -96.967796   34.070736
 -96.969719   34.070732
 -97.560463   34.070992
 -97.562309   34.082825
 -97.562271   34.288960

Cherokee
OK
35
 -95.011070   36.161709
 -94.797050   36.161304
 -94.796974   35.900791
 -94.807106   35.900841
 -94.807076   35.638512
 -95.127235   35.638802
 -95.127281   35.812710
 -95.265442   35.813168
 -95.267509   35.815945
 -95.266258   35.820343
 -95.253098   35.826862
 -95.252922   35.833858
 -95.231224   35.851097
 -95.227264   35.862068
 -95.232079   35.872498
 -95.257462   35.877201
 -95.281326   35.903984
 -95.281578   35.916828
 -95.268379   35.931732
 -95.270523   35.950279
 -95.278465   35.964005
 -95.271965   35.973511
 -95.251953   35.987747
 -95.238197   35.987900
 -95.238503   35.991402
 -95.234200   35.991199
 -95.234032   36.002186
 -95.230064   36.002216
 -95.230019   36.009163
 -95.225235   36.009106
 -95.225105   36.039745
 -95.207726   36.039783
 -95.207710   36.074612
 -95.117958   36.074337
 -95.118217   36.161545

Choctaw
OK
116
 -95.779129   34.156601
 -95.156219   34.156925
 -95.155655   33.936726
 -95.166458   33.939621
 -95.186150   33.951073
 -95.219131   33.961460
 -95.230263   33.960659
 -95.233597   33.947605
 -95.244560   33.941483
 -95.253395   33.931736
 -95.247971   33.912220
 -95.249695   33.901917
 -95.255310   33.891941
 -95.261597   33.886974
 -95.267967   33.886909
 -95.267578   33.907928
 -95.270706   33.912281
 -95.273506   33.912323
 -95.285126   33.901543
 -95.279556   33.883568
 -95.281128   33.876354
 -95.294724   33.872414
 -95.310341   33.879620
 -95.325340   33.885601
 -95.333221   33.886181
 -95.338890   33.868767
 -95.384506   33.869381
 -95.407562   33.866203
 -95.438828   33.869961
 -95.447136   33.868744
 -95.463112   33.872208
 -95.459427   33.887180
 -95.461105   33.889114
 -95.478348   33.879196
 -95.491791   33.874718
 -95.505852   33.876289
 -95.505234   33.889763
 -95.510017   33.893635
 -95.533051   33.881062
 -95.544960   33.880192
 -95.551849   33.888321
 -95.548912   33.907848
 -95.559174   33.930077
 -95.585701   33.934376
 -95.595322   33.941540
 -95.599251   33.938011
 -95.603416   33.927094
 -95.623734   33.919254
 -95.636734   33.906513
 -95.665092   33.908031
 -95.684593   33.890133
 -95.696716   33.885117
 -95.710632   33.884453
 -95.729462   33.893993
 -95.747086   33.895657
 -95.758095   33.890511
 -95.761841   33.882641
 -95.761803   33.872833
 -95.767891   33.870995
 -95.775101   33.874249
 -95.781281   33.868160
 -95.786575   33.873245
 -95.797523   33.873428
 -95.808090   33.869560
 -95.809929   33.871643
 -95.811432   33.869671
 -95.814072   33.870453
 -95.814041   33.872421
 -95.828255   33.873035
 -95.830643   33.875389
 -95.840363   33.874065
 -95.842766   33.877907
 -95.851059   33.881180
 -95.852074   33.883762
 -95.854294   33.883190
 -95.853447   33.884747
 -95.857559   33.887333
 -95.860939   33.887287
 -95.867264   33.905277
 -95.871597   33.907013
 -95.878525   33.915920
 -95.886307   33.915695
 -95.893463   33.921741
 -95.898788   33.919544
 -95.903290   33.921032
 -95.903625   33.923412
 -95.909195   33.921558
 -95.918335   33.925201
 -95.928658   33.939758
 -95.935135   33.941406
 -95.937698   33.948158
 -95.937935   34.125496
 -95.943695   34.123993
 -95.949913   34.129360
 -95.948120   34.134396
 -95.950623   34.139729
 -95.953545   34.138813
 -95.952446   34.141716
 -95.949776   34.141808
 -95.951843   34.143616
 -95.949280   34.144260
 -95.955032   34.145767
 -95.955772   34.147465
 -95.953079   34.147625
 -95.954620   34.149502
 -95.967560   34.151119
 -95.971550   34.152676
 -95.969925   34.154919
 -95.974304   34.152309
 -95.977226   34.154781
 -95.978653   34.150726
 -95.982979   34.151897
 -95.981621   34.153931
 -95.985535   34.156036
 -95.989357   34.154728
 -95.991318   34.156719

Cimarron
OK
11
-102.041794   36.993061
-102.027763   36.993103
-102.027870   36.849247
-102.031731   36.849163
-102.031891   36.500549
-102.162018   36.500301
-103.001953   36.500374
-103.001709   37.000084
-102.986488   36.998505
-102.759384   37.000000
-102.697670   36.995132

Cleveland
OK
54
 -97.670906   35.377201
 -97.141518   35.376751
 -97.141968   34.931671
 -97.165962   34.932667
 -97.174866   34.929691
 -97.196327   34.928398
 -97.207481   34.941383
 -97.214539   34.945557
 -97.229149   34.937908
 -97.245392   34.950375
 -97.253654   34.945145
 -97.261292   34.945370
 -97.274094   34.962811
 -97.281136   34.960716
 -97.299286   34.964108
 -97.305290   34.954887
 -97.310921   34.953217
 -97.325691   34.955055
 -97.336113   34.960464
 -97.341248   34.964420
 -97.342613   34.973339
 -97.347984   34.980232
 -97.346634   34.987324
 -97.341599   34.990173
 -97.341187   34.993637
 -97.346466   34.998726
 -97.344429   35.000641
 -97.345535   35.004528
 -97.348740   35.006432
 -97.357666   35.033470
 -97.349327   35.055462
 -97.354294   35.066216
 -97.352478   35.073929
 -97.363823   35.084488
 -97.373093   35.084980
 -97.388458   35.082031
 -97.401772   35.086300
 -97.399879   35.093170
 -97.404854   35.108906
 -97.400993   35.125000
 -97.409027   35.141121
 -97.518593   35.204830
 -97.561401   35.233200
 -97.563004   35.252201
 -97.557106   35.268700
 -97.565201   35.290600
 -97.571198   35.297901
 -97.582306   35.302898
 -97.626648   35.308651
 -97.640656   35.313953
 -97.653427   35.323471
 -97.662460   35.326527
 -97.665550   35.334305
 -97.671234   35.336945

Coal
OK
11
 -96.406197   34.767502
 -96.091843   34.767494
 -96.091896   34.680492
 -96.091599   34.506065
 -96.145073   34.506012
 -96.144821   34.418583
 -96.407059   34.418449
 -96.513512   34.419537
 -96.513580   34.505299
 -96.511848   34.679928
 -96.406219   34.680073

Comanche
OK
20
 -98.619476   34.854889
 -98.092323   34.854851
 -98.089241   34.854858
 -98.088692   34.837547
 -98.088760   34.681030
 -98.141258   34.681023
 -98.141823   34.506966
 -98.243698   34.506893
 -98.243835   34.463684
 -98.295494   34.463467
 -98.295494   34.448994
 -98.504410   34.449253
 -98.504402   34.420345
 -98.609047   34.420555
 -98.609039   34.406105
 -98.661667   34.405926
 -98.661407   34.507263
 -98.825722   34.507172
 -98.825851   34.594147
 -98.825951   34.855347

Cotton
OK
67
 -98.661667   34.405926
 -98.609039   34.406105
 -98.609047   34.420555
 -98.504402   34.420345
 -98.504410   34.449253
 -98.295494   34.448994
 -98.295494   34.463467
 -98.243835   34.463684
 -98.243698   34.506893
 -98.141823   34.506966
 -98.138924   34.506939
 -98.138634   34.289692
 -98.138756   34.141777
 -98.154030   34.122639
 -98.170502   34.114079
 -98.201408   34.116962
 -98.208893   34.120903
 -98.216141   34.121727
 -98.223282   34.125000
 -98.232155   34.134548
 -98.256142   34.129387
 -98.264404   34.131821
 -98.279999   34.130657
 -98.293579   34.132927
 -98.299889   34.134487
 -98.325119   34.150932
 -98.365295   34.156898
 -98.370605   34.151768
 -98.380913   34.149364
 -98.384056   34.146225
 -98.386536   34.138779
 -98.380096   34.134197
 -98.379768   34.130741
 -98.382629   34.129456
 -98.389069   34.133125
 -98.398109   34.128365
 -98.400642   34.122143
 -98.397835   34.121304
 -98.399445   34.099880
 -98.401833   34.098560
 -98.407402   34.101276
 -98.411049   34.100231
 -98.410728   34.088497
 -98.416756   34.083279
 -98.421928   34.082943
 -98.428154   34.085430
 -98.439758   34.084217
 -98.448708   34.073368
 -98.464798   34.073635
 -98.471138   34.065571
 -98.486000   34.062504
 -98.494164   34.069878
 -98.503845   34.072277
 -98.527863   34.094868
 -98.535919   34.107250
 -98.550583   34.119244
 -98.560638   34.123833
 -98.558258   34.128162
 -98.553993   34.126511
 -98.550713   34.127728
 -98.550545   34.132492
 -98.559853   34.133114
 -98.576797   34.148872
 -98.599457   34.160480
 -98.609825   34.157009
 -98.609169   34.333603
 -98.661377   34.333385

Craig
OK
26
 -95.073273   36.999439
 -95.007385   36.999443
 -95.016113   36.994659
 -95.033890   36.994156
 -95.033882   36.984646
 -95.027832   36.976681
 -95.031403   36.975250
 -95.035393   36.977318
 -95.037498   36.974827
 -95.029938   36.971920
 -95.021996   36.960732
 -95.004417   36.952560
 -94.995171   36.951641
 -94.992950   36.949036
 -94.995300   36.943157
 -94.999062   36.943199
 -94.999329   36.670609
 -94.999359   36.597889
 -95.005447   36.597366
 -95.005478   36.509697
 -95.327774   36.510174
 -95.328171   36.597488
 -95.431259   36.597466
 -95.431480   36.942699
 -95.407593   36.942574
 -95.407433   36.999165

Creek
OK
14
 -96.621140   36.159863
 -96.621033   36.163486
 -96.297600   36.162201
 -96.297501   36.075699
 -96.029404   36.075298
 -96.028999   35.901001
 -96.032997   35.901001
 -96.032845   35.856728
 -96.192207   35.856934
 -96.192291   35.638996
 -96.620361   35.638935
 -96.618805   35.856888
 -96.620796   35.941452
 -96.622734   36.058475

Custer
OK
9
 -99.375648   35.812138
 -98.631752   35.812321
 -98.631721   35.551567
 -98.622803   35.551548
 -98.622879   35.464367
 -99.363953   35.465332
 -99.363731   35.508778
 -99.363617   35.551628
 -99.376579   35.551693

Delaware
OK
14
 -94.999329   36.670609
 -94.782005   36.670547
 -94.779015   36.667690
 -94.747910   36.667374
 -94.617859   36.667793
 -94.617699   36.499340
 -94.562584   36.161667
 -94.797050   36.161304
 -95.011070   36.161709
 -95.011147   36.249378
 -95.005707   36.249458
 -95.005478   36.509697
 -95.005447   36.597366
 -94.999359   36.597889

Dewey
OK
12
 -99.381775   36.164261
 -98.955490   36.161533
 -98.858139   36.161240
 -98.636497   36.164856
 -98.635910   35.898804
 -98.632133   35.898731
 -98.632027   35.896717
 -98.631752   35.812321
 -99.375648   35.812138
 -99.375450   35.898708
 -99.380699   35.898785
 -99.380638   36.012878

Ellis
OK
55
-100.002594   36.593159
 -99.605179   36.592720
 -99.604393   36.246590
 -99.595428   36.246658
 -99.595566   36.164017
 -99.381775   36.164261
 -99.380638   36.012878
 -99.421768   36.011879
 -99.446136   36.006943
 -99.462868   36.000000
 -99.477127   35.985596
 -99.486809   35.985004
 -99.498573   35.973461
 -99.513512   35.927624
 -99.550293   35.898727
 -99.549332   35.886002
 -99.555740   35.876724
 -99.558105   35.865944
 -99.576973   35.859543
 -99.601387   35.855824
 -99.619423   35.842045
 -99.634583   35.843060
 -99.655602   35.850578
 -99.685104   35.851704
 -99.716713   35.859722
 -99.746040   35.881916
 -99.760696   35.880699
 -99.775803   35.888119
 -99.779778   35.897427
 -99.801003   35.910599
 -99.802673   35.921989
 -99.809822   35.928844
 -99.806999   35.940502
 -99.809380   35.953297
 -99.801895   35.971561
 -99.809052   36.000000
 -99.816956   36.004299
 -99.830070   36.006283
 -99.851143   36.005085
 -99.871880   35.988667
 -99.886879   35.988064
 -99.892975   35.985252
 -99.894653   35.977077
 -99.911057   35.961880
 -99.910881   35.945976
 -99.905312   35.939499
 -99.907997   35.928082
 -99.918533   35.921768
 -99.924751   35.913620
 -99.958336   35.900433
 -99.970306   35.889397
-100.000000   35.880905
-100.000000   36.055637
-100.000000   36.499668
-100.003265   36.499607

Garfield
OK
7
 -98.103729   36.593651
 -97.462135   36.593418
 -97.461319   36.593418
 -97.460419   36.164425
 -97.675385   36.164627
 -98.103500   36.164841
 -98.104279   36.463131

Garvin
OK
39
 -97.667686   34.855064
 -96.932335   34.854393
 -96.932152   34.636639
 -97.142380   34.636948
 -97.142075   34.622501
 -97.199135   34.622646
 -97.194389   34.616833
 -97.198441   34.612965
 -97.198021   34.610283
 -97.195808   34.607033
 -97.190407   34.605335
 -97.192459   34.601444
 -97.190163   34.596409
 -97.173965   34.594891
 -97.166496   34.587551
 -97.174133   34.585220
 -97.171822   34.579380
 -97.164009   34.573551
 -97.166061   34.572140
 -97.173363   34.574203
 -97.175438   34.570431
 -97.171265   34.563629
 -97.156876   34.563442
 -97.164192   34.559044
 -97.157433   34.551411
 -97.162766   34.547318
 -97.159744   34.535591
 -97.164932   34.531006
 -97.159309   34.529079
 -97.156517   34.521645
 -97.143982   34.521931
 -97.144035   34.519386
 -97.152336   34.516087
 -97.143265   34.509377
 -97.143578   34.506447
 -97.351807   34.506702
 -97.562057   34.506844
 -97.562447   34.681068
 -97.668121   34.681263

Grady
OK
53
 -98.095634   35.377670
 -98.020424   35.377472
 -98.017136   35.381332
 -98.014137   35.378448
 -98.016693   35.375000
 -98.012917   35.372768
 -98.012634   35.367363
 -98.009735   35.364498
 -97.998718   35.361099
 -97.990730   35.361858
 -97.979790   35.359226
 -97.960136   35.347466
 -97.949577   35.351952
 -97.946449   35.359489
 -97.946053   35.374439
 -97.940498   35.376850
 -97.932945   35.374237
 -97.930481   35.363724
 -97.922852   35.356110
 -97.919106   35.354275
 -97.908966   35.355240
 -97.906624   35.351025
 -97.896004   35.345169
 -97.892006   35.345814
 -97.889046   35.351101
 -97.882370   35.349735
 -97.870461   35.362103
 -97.863457   35.361336
 -97.855644   35.342079
 -97.841454   35.333534
 -97.821373   35.335201
 -97.813057   35.333855
 -97.807343   35.340481
 -97.796158   35.339024
 -97.764656   35.342415
 -97.754318   35.337135
 -97.748360   35.329315
 -97.735390   35.324192
 -97.717392   35.329403
 -97.711906   35.325039
 -97.705841   35.324928
 -97.695549   35.327648
 -97.686401   35.333775
 -97.671280   35.335873
 -97.670532   34.855145
 -97.667686   34.855064
 -97.668121   34.681263
 -98.088760   34.681030
 -98.088692   34.837547
 -98.089241   34.854858
 -98.092323   34.854851
 -98.090927   35.203590
 -98.094559   35.203659

Grant
OK
8
 -97.801971   36.998688
 -97.461960   36.998661
 -97.462135   36.593418
 -98.103729   36.593651
 -98.108955   36.593647
 -98.109138   36.942062
 -98.111137   36.942062
 -98.111641   36.998108

Greer
OK
96
 -99.888191   35.030209
 -99.782578   35.030060
 -99.782455   35.116722
 -99.440292   35.116486
 -99.443588   35.113396
 -99.440666   35.109787
 -99.430298   35.108166
 -99.422600   35.114441
 -99.415512   35.111713
 -99.408928   35.114456
 -99.403328   35.109009
 -99.404358   35.105782
 -99.399452   35.106945
 -99.397369   35.104656
 -99.401024   35.099457
 -99.397400   35.098652
 -99.397820   35.094139
 -99.388069   35.088707
 -99.385223   35.089691
 -99.385086   35.093380
 -99.376976   35.092163
 -99.375305   35.088703
 -99.377907   35.084583
 -99.375000   35.082829
 -99.371521   35.088680
 -99.368011   35.087811
 -99.369362   35.077232
 -99.364563   35.061588
 -99.366371   35.059227
 -99.368073   35.061127
 -99.372292   35.060226
 -99.370544   35.053364
 -99.362190   35.050880
 -99.351791   35.052761
 -99.348656   35.042747
 -99.336975   35.040539
 -99.327431   35.041645
 -99.323227   35.038441
 -99.324417   35.030628
 -99.335938   35.024723
 -99.333977   35.022488
 -99.329140   35.022499
 -99.326225   35.017048
 -99.328438   35.011780
 -99.332375   35.010059
 -99.335564   35.000000
 -99.334694   34.988396
 -99.347626   34.982361
 -99.343719   34.971043
 -99.333969   34.972713
 -99.328957   34.956238
 -99.330460   34.944702
 -99.323097   34.940639
 -99.320419   34.941612
 -99.309784   34.934032
 -99.314384   34.925827
 -99.298035   34.924007
 -99.296768   34.916611
 -99.289070   34.903065
 -99.298096   34.899059
 -99.292458   34.895596
 -99.290939   34.886173
 -99.310608   34.888683
 -99.317368   34.882179
 -99.316917   34.871429
 -99.304611   34.856312
 -99.296082   34.851364
 -99.287552   34.852074
 -99.282303   34.849323
 -99.277580   34.839314
 -99.269775   34.841026
 -99.256081   34.836533
 -99.246101   34.822052
 -99.246056   34.811928
 -99.405426   34.812973
 -99.405327   34.768948
 -99.436951   34.769073
 -99.436531   34.765709
 -99.440285   34.761402
 -99.439301   34.741180
 -99.436668   34.736401
 -99.441910   34.732159
 -99.441574   34.727993
 -99.439438   34.726505
 -99.432259   34.730556
 -99.424789   34.727852
 -99.422829   34.724968
 -99.666527   34.724575
 -99.666992   34.753651
 -99.684563   34.753586
 -99.684639   34.768219
 -99.719696   34.768234
 -99.719627   34.856976
 -99.730698   34.856934
 -99.730865   34.944061
 -99.888046   34.943893

Harmon
OK
29
-100.000000   35.030331
 -99.888191   35.030209
 -99.888046   34.943893
 -99.730865   34.944061
 -99.730698   34.856934
 -99.719627   34.856976
 -99.719696   34.768234
 -99.684639   34.768219
 -99.684563   34.753586
 -99.666992   34.753651
 -99.666527   34.724575
 -99.666191   34.507061
 -99.844208   34.506847
 -99.852692   34.511528
 -99.864548   34.522953
 -99.876221   34.539642
 -99.888367   34.550388
 -99.915390   34.565910
 -99.921425   34.570187
 -99.922829   34.574490
 -99.926903   34.576042
 -99.945343   34.579212
 -99.954185   34.578133
 -99.958519   34.571209
 -99.971176   34.562115
 -99.992027   34.559303
 -99.997124   34.560513
-100.000000   34.560448
-100.000000   34.746403

Harper
OK
27
-100.002151   37.001675
 -99.540718   36.999580
 -99.455811   36.999443
 -99.451080   36.994778
 -99.444557   36.995670
 -99.440788   36.993408
 -99.438797   36.980347
 -99.427437   36.961975
 -99.427826   36.955303
 -99.424400   36.947674
 -99.407051   36.927299
 -99.397087   36.920765
 -99.386581   36.905846
 -99.387917   36.901550
 -99.384369   36.892479
 -99.374413   36.880207
 -99.329865   36.862946
 -99.324394   36.858089
 -99.313904   36.856159
 -99.313042   36.853889
 -99.318451   36.848103
 -99.316162   36.840488
 -99.308983   36.829712
 -99.294800   36.819534
 -99.294868   36.595089
 -99.605179   36.592720
-100.002594   36.593159

Haskell
OK
76
 -95.049698   35.458801
 -95.031799   35.456200
 -95.024704   35.452999
 -95.023506   35.430199
 -95.018799   35.424099
 -95.004120   35.413376
 -94.986603   35.408283
 -94.965729   35.406620
 -94.951096   35.408241
 -94.938286   35.396500
 -94.925522   35.392754
 -94.916817   35.393669
 -94.907928   35.398289
 -94.901611   35.397842
 -94.892075   35.384251
 -94.893044   35.375000
 -94.918045   35.355251
 -94.919258   35.351673
 -94.916397   35.348637
 -94.911690   35.346558
 -94.901749   35.346615
 -94.872192   35.354431
 -94.859291   35.359924
 -94.847435   35.369686
 -94.838310   35.370110
 -94.828743   35.361450
 -94.828781   35.346703
 -94.823563   35.329292
 -94.813400   35.323250
 -94.814056   35.202236
 -94.927711   35.202469
 -94.927635   35.058186
 -95.349159   35.058186
 -95.349106   35.160198
 -95.454704   35.160316
 -95.455101   35.202599
 -95.450500   35.202702
 -95.450989   35.295925
 -95.430199   35.302898
 -95.410904   35.323299
 -95.393501   35.327499
 -95.385506   35.326000
 -95.373505   35.315399
 -95.355400   35.304600
 -95.351334   35.290134
 -95.344398   35.292999
 -95.334503   35.297901
 -95.315208   35.302223
 -95.300705   35.301300
 -95.285507   35.293301
 -95.256737   35.265667
 -95.243568   35.261539
 -95.228874   35.267014
 -95.209167   35.283726
 -95.198952   35.303497
 -95.187698   35.304852
 -95.178352   35.300915
 -95.171516   35.305454
 -95.170937   35.315331
 -95.182312   35.336761
 -95.180359   35.343929
 -95.174721   35.350460
 -95.167427   35.352955
 -95.147781   35.345856
 -95.141052   35.355469
 -95.145241   35.360088
 -95.159370   35.365128
 -95.160530   35.369263
 -95.136803   35.380199
 -95.130997   35.379299
 -95.123657   35.372574
 -95.120132   35.372639
 -95.102402   35.396801
 -95.085800   35.405800
 -95.080200   35.431801
 -95.070305   35.446999

Hughes
OK
27
 -96.441101   35.290016
 -95.981094   35.289799
 -95.983429   35.151463
 -96.003578   35.148972
 -96.011986   35.145012
 -96.013374   35.139645
 -96.009483   35.117939
 -96.013596   35.116463
 -96.029686   35.120243
 -96.041573   35.104256
 -96.060661   35.091484
 -96.064072   35.070850
 -96.069824   35.055420
 -96.088562   35.049770
 -96.088837   34.854759
 -96.091728   34.854759
 -96.091843   34.767494
 -96.406197   34.767502
 -96.405960   34.932262
 -96.414703   34.914398
 -96.426003   34.903198
 -96.432289   34.903549
 -96.455505   34.913700
 -96.469986   34.916908
 -96.490494   34.910500
 -96.490143   35.115841
 -96.441063   35.115711

Jackson
OK
242
 -99.666527   34.724575
 -99.422829   34.724968
 -99.424789   34.727852
 -99.432259   34.730556
 -99.439438   34.726505
 -99.441574   34.727993
 -99.441910   34.732159
 -99.436668   34.736401
 -99.439301   34.741180
 -99.440285   34.761402
 -99.436531   34.765709
 -99.436951   34.769073
 -99.405327   34.768948
 -99.405426   34.812973
 -99.246056   34.811928
 -99.246101   34.822052
 -99.240883   34.816902
 -99.234741   34.815876
 -99.226662   34.828384
 -99.220360   34.829483
 -99.212021   34.826347
 -99.210693   34.829464
 -99.213997   34.837505
 -99.208809   34.839729
 -99.200279   34.837551
 -99.192863   34.843693
 -99.192978   34.855850
 -99.191002   34.857941
 -99.181549   34.859497
 -99.176216   34.858051
 -99.168587   34.847813
 -99.144577   34.849777
 -99.143967   34.847054
 -99.150101   34.843204
 -99.153053   34.835648
 -99.151695   34.831886
 -99.143921   34.828293
 -99.147469   34.825588
 -99.153305   34.827606
 -99.151558   34.817436
 -99.153374   34.804977
 -99.148849   34.795376
 -99.153320   34.791943
 -99.163155   34.792587
 -99.164482   34.783047
 -99.163071   34.768536
 -99.149918   34.761936
 -99.163239   34.759533
 -99.160606   34.754238
 -99.161942   34.751472
 -99.165909   34.751221
 -99.169601   34.756191
 -99.172241   34.756031
 -99.172096   34.746544
 -99.168190   34.742580
 -99.160889   34.741688
 -99.161255   34.732731
 -99.153709   34.722168
 -99.158958   34.712185
 -99.152855   34.704556
 -99.143211   34.701069
 -99.129234   34.701931
 -99.105988   34.698730
 -99.102882   34.695641
 -99.098213   34.695164
 -99.067574   34.701057
 -99.052826   34.701672
 -99.046585   34.692741
 -99.036934   34.690125
 -99.036880   34.686619
 -99.044006   34.682590
 -99.041534   34.679451
 -99.043648   34.676888
 -99.078720   34.673176
 -99.085434   34.675789
 -99.093437   34.671272
 -99.096344   34.646851
 -99.102798   34.637920
 -99.095695   34.634003
 -99.091515   34.626492
 -99.079926   34.622280
 -99.080292   34.614674
 -99.083641   34.613159
 -99.088715   34.615219
 -99.091591   34.612450
 -99.084854   34.607800
 -99.082741   34.590366
 -99.094429   34.587185
 -99.098923   34.593872
 -99.101334   34.594028
 -99.119415   34.589119
 -99.124229   34.582912
 -99.132362   34.588112
 -99.131859   34.592007
 -99.141106   34.592422
 -99.156006   34.587891
 -99.162956   34.587963
 -99.177391   34.566414
 -99.184540   34.561348
 -99.179169   34.554089
 -99.179474   34.550285
 -99.176117   34.547974
 -99.172134   34.549183
 -99.170753   34.547077
 -99.175873   34.544716
 -99.178391   34.539608
 -99.189026   34.540688
 -99.195305   34.544926
 -99.197273   34.532784
 -99.200897   34.527859
 -99.208336   34.512993
 -99.208031   34.503620
 -99.217033   34.494991
 -99.221275   34.493725
 -99.220146   34.485844
 -99.224236   34.480965
 -99.219917   34.477875
 -99.217453   34.483372
 -99.214722   34.482918
 -99.220825   34.463444
 -99.212662   34.458221
 -99.214600   34.454693
 -99.227676   34.451759
 -99.229530   34.447796
 -99.229935   34.438263
 -99.227531   34.433823
 -99.222610   34.432770
 -99.221718   34.423904
 -99.227661   34.419483
 -99.234138   34.428711
 -99.237694   34.424931
 -99.234787   34.400993
 -99.225685   34.400631
 -99.228500   34.387619
 -99.219193   34.388535
 -99.213997   34.394539
 -99.209824   34.393330
 -99.208801   34.388538
 -99.218910   34.379101
 -99.219894   34.375000
 -99.216843   34.373035
 -99.207283   34.374161
 -99.202415   34.369808
 -99.201309   34.362568
 -99.192390   34.354778
 -99.191971   34.346638
 -99.195297   34.341141
 -99.210594   34.336758
 -99.214432   34.340843
 -99.225792   34.339645
 -99.232246   34.342300
 -99.227745   34.349384
 -99.233894   34.353378
 -99.236229   34.365719
 -99.244202   34.363613
 -99.247856   34.367340
 -99.242584   34.372589
 -99.248611   34.375904
 -99.254356   34.372326
 -99.258339   34.372555
 -99.259491   34.377502
 -99.269508   34.380745
 -99.274567   34.384823
 -99.273598   34.387482
 -99.264145   34.388004
 -99.258614   34.391163
 -99.261520   34.394943
 -99.260963   34.403419
 -99.265991   34.405392
 -99.271996   34.400719
 -99.279732   34.400562
 -99.282845   34.402855
 -99.285248   34.412273
 -99.294289   34.415295
 -99.308907   34.409615
 -99.319237   34.408791
 -99.333672   34.427460
 -99.356354   34.442066
 -99.355171   34.453064
 -99.368385   34.458439
 -99.380646   34.456860
 -99.394592   34.442024
 -99.395508   34.434967
 -99.392441   34.431919
 -99.392685   34.427612
 -99.396645   34.423927
 -99.396538   34.418613
 -99.386566   34.410866
 -99.394920   34.398132
 -99.395897   34.381180
 -99.399872   34.374542
 -99.408478   34.372696
 -99.420067   34.380386
 -99.424240   34.385841
 -99.429352   34.381027
 -99.430397   34.371105
 -99.435822   34.370533
 -99.452278   34.388176
 -99.454803   34.386112
 -99.454407   34.381279
 -99.460075   34.380501
 -99.463364   34.393646
 -99.467758   34.396648
 -99.474449   34.395943
 -99.486855   34.397881
 -99.498634   34.409096
 -99.506538   34.409443
 -99.515015   34.414257
 -99.529419   34.411377
 -99.548874   34.412640
 -99.564766   34.417931
 -99.573997   34.418209
 -99.579689   34.416580
 -99.584000   34.408081
 -99.585846   34.387329
 -99.599655   34.374611
 -99.606895   34.376850
 -99.623833   34.373501
 -99.646141   34.382469
 -99.653824   34.376446
 -99.662338   34.373604
 -99.677910   34.379723
 -99.694603   34.378262
 -99.700043   34.384624
 -99.706291   34.385906
 -99.712311   34.390858
 -99.714722   34.400681
 -99.719887   34.406223
 -99.753883   34.421215
 -99.766861   34.430431
 -99.765221   34.437416
 -99.775368   34.444157
 -99.782616   34.444290
 -99.785713   34.451027
 -99.793312   34.453823
 -99.813934   34.476135
 -99.818367   34.484909
 -99.816429   34.490131
 -99.821465   34.497780
 -99.832527   34.500000
 -99.844208   34.506847
 -99.666191   34.507061

Jefferson
OK
113
 -98.138634   34.289692
 -97.562271   34.288960
 -97.562309   34.082825
 -97.560463   34.070992
 -97.560570   34.002880
 -97.553017   34.002533
 -97.551369   34.000561
 -97.555016   33.998508
 -97.548943   33.994247
 -97.550674   33.991341
 -97.546822   33.991432
 -97.546631   33.987602
 -97.542953   33.985680
 -97.541191   33.988426
 -97.541000   33.985226
 -97.537231   33.986435
 -97.536522   33.983780
 -97.560623   33.983875
 -97.560562   33.899544
 -97.566513   33.902771
 -97.579231   33.900295
 -97.587135   33.902382
 -97.590630   33.909504
 -97.595985   33.913670
 -97.596680   33.920128
 -97.590912   33.929543
 -97.595123   33.941338
 -97.589294   33.953457
 -97.597679   33.955147
 -97.608795   33.967995
 -97.615776   33.969616
 -97.633469   33.981159
 -97.655907   33.989391
 -97.670975   33.991455
 -97.685715   33.987793
 -97.692810   33.983601
 -97.709373   33.954899
 -97.725761   33.940460
 -97.733414   33.936295
 -97.752647   33.936951
 -97.762466   33.934299
 -97.759094   33.918720
 -97.763466   33.914143
 -97.772369   33.914284
 -97.777992   33.919533
 -97.783218   33.918205
 -97.785828   33.913322
 -97.779373   33.901276
 -97.782425   33.892456
 -97.784355   33.890533
 -97.787674   33.891796
 -97.793381   33.899559
 -97.798599   33.898441
 -97.801323   33.895779
 -97.801270   33.885040
 -97.805115   33.877068
 -97.808632   33.876614
 -97.813545   33.881832
 -97.817337   33.880894
 -97.820435   33.868797
 -97.834023   33.857571
 -97.843468   33.856724
 -97.865456   33.849293
 -97.875000   33.849621
 -97.888405   33.856625
 -97.896423   33.857887
 -97.909546   33.867123
 -97.936432   33.879105
 -97.958130   33.879082
 -97.967461   33.882332
 -97.977547   33.889832
 -97.984253   33.898979
 -97.979675   33.911304
 -97.976646   33.912453
 -97.969559   33.905899
 -97.965080   33.906818
 -97.957283   33.913624
 -97.953384   33.924274
 -97.953850   33.937401
 -97.970863   33.937031
 -97.973862   33.942738
 -97.960037   33.951832
 -97.945694   33.990200
 -97.958015   33.990749
 -97.973862   34.006618
 -97.990547   33.998775
 -98.027359   33.993259
 -98.047798   33.994381
 -98.086510   34.004147
 -98.088249   34.007515
 -98.082085   34.009739
 -98.083710   34.014271
 -98.098129   34.023823
 -98.105865   34.034794
 -98.101379   34.038963
 -98.088722   34.033745
 -98.082146   34.039333
 -98.087151   34.044003
 -98.100861   34.050255
 -98.114273   34.062183
 -98.119888   34.072033
 -98.120720   34.080231
 -98.118172   34.085526
 -98.099007   34.104198
 -98.092102   34.116825
 -98.089905   34.130089
 -98.092995   34.132332
 -98.102577   34.132511
 -98.100243   34.143391
 -98.109146   34.154018
 -98.123055   34.154449
 -98.132317   34.148998
 -98.138756   34.141777

Johnston
OK
39
 -96.827003   34.505901
 -96.513580   34.505299
 -96.513512   34.419537
 -96.407059   34.418449
 -96.407372   34.157223
 -96.453629   34.157257
 -96.453568   34.114311
 -96.585083   34.114365
 -96.586830   34.117744
 -96.581779   34.119007
 -96.582802   34.126144
 -96.589828   34.126945
 -96.599876   34.134628
 -96.598419   34.140305
 -96.602722   34.145538
 -96.605804   34.140064
 -96.612991   34.141285
 -96.612503   34.144314
 -96.607513   34.146084
 -96.612854   34.151890
 -96.618912   34.153950
 -96.620506   34.161949
 -96.625946   34.159573
 -96.628548   34.153641
 -96.640877   34.158302
 -96.639992   34.162964
 -96.636139   34.165810
 -96.638321   34.168007
 -96.643097   34.167973
 -96.649178   34.162685
 -96.655869   34.161098
 -96.663010   34.167786
 -96.665199   34.168713
 -96.667473   34.166664
 -96.669685   34.172161
 -96.933388   34.172459
 -96.933167   34.332569
 -96.880722   34.332886
 -96.880531   34.505798

Kay
OK
41
 -97.147400   36.999084
 -96.749535   36.998955
 -96.752159   36.782017
 -96.788353   36.781937
 -96.788376   36.767521
 -96.822281   36.767525
 -96.818520   36.763622
 -96.818695   36.755951
 -96.824364   36.746655
 -96.830070   36.744137
 -96.853310   36.746075
 -96.868378   36.753502
 -96.888275   36.751759
 -96.907120   36.735809
 -96.911110   36.724693
 -96.920242   36.717716
 -96.922287   36.702831
 -96.928123   36.694065
 -96.926949   36.688759
 -96.931633   36.686062
 -96.947365   36.683495
 -96.966774   36.688499
 -96.994011   36.687817
 -97.011932   36.694031
 -97.023872   36.693367
 -97.027245   36.699120
 -97.032211   36.701923
 -97.052917   36.692173
 -97.063789   36.684174
 -97.064362   36.668053
 -97.061119   36.651077
 -97.051208   36.641190
 -97.048248   36.623196
 -97.051788   36.612541
 -97.043503   36.600632
 -97.046570   36.597397
 -97.056778   36.597794
 -97.057098   36.593609
 -97.461319   36.593418
 -97.462135   36.593418
 -97.461960   36.998661

Kingfisher
OK
5
 -98.210197   36.164856
 -98.103500   36.164841
 -97.675385   36.164627
 -97.673599   35.725937
 -98.206825   35.725098

Kiowa
OK
174
 -99.408928   35.114456
 -99.408905   35.116440
 -99.359718   35.116631
 -98.748627   35.116398
 -98.741936   35.110786
 -98.743126   35.108017
 -98.737976   35.107079
 -98.739670   35.105888
 -98.735519   35.100986
 -98.732399   35.108936
 -98.728386   35.108665
 -98.732765   35.110836
 -98.730873   35.114067
 -98.730034   35.112026
 -98.724960   35.111252
 -98.721840   35.113728
 -98.716431   35.113293
 -98.719742   35.108345
 -98.715012   35.108299
 -98.712112   35.104706
 -98.697029   35.111877
 -98.683823   35.107113
 -98.683990   35.114258
 -98.676910   35.107910
 -98.673950   35.109608
 -98.671890   35.118954
 -98.662270   35.118057
 -98.658371   35.122223
 -98.653580   35.121353
 -98.650925   35.124123
 -98.646080   35.119198
 -98.642235   35.119862
 -98.643600   35.116978
 -98.645775   35.118118
 -98.650345   35.115555
 -98.645302   35.111549
 -98.640869   35.113216
 -98.639214   35.123112
 -98.634758   35.121277
 -98.629631   35.116329
 -98.628891   35.110096
 -98.624611   35.106869
 -98.625305   35.102425
 -98.620712   35.097298
 -98.619476   34.854889
 -98.825951   34.855347
 -98.825851   34.594147
 -99.000534   34.594273
 -99.000671   34.637749
 -99.102798   34.637920
 -99.096344   34.646851
 -99.093437   34.671272
 -99.085434   34.675789
 -99.078720   34.673176
 -99.043648   34.676888
 -99.041534   34.679451
 -99.044006   34.682590
 -99.036880   34.686619
 -99.036934   34.690125
 -99.046585   34.692741
 -99.052826   34.701672
 -99.067574   34.701057
 -99.098213   34.695164
 -99.102882   34.695641
 -99.105988   34.698730
 -99.129234   34.701931
 -99.143211   34.701069
 -99.152855   34.704556
 -99.158958   34.712185
 -99.153709   34.722168
 -99.161255   34.732731
 -99.160889   34.741688
 -99.168190   34.742580
 -99.172096   34.746544
 -99.172241   34.756031
 -99.169601   34.756191
 -99.165909   34.751221
 -99.161942   34.751472
 -99.160606   34.754238
 -99.163239   34.759533
 -99.149918   34.761936
 -99.163071   34.768536
 -99.164482   34.783047
 -99.163155   34.792587
 -99.153320   34.791943
 -99.148849   34.795376
 -99.153374   34.804977
 -99.151558   34.817436
 -99.153305   34.827606
 -99.147469   34.825588
 -99.143921   34.828293
 -99.151695   34.831886
 -99.153053   34.835648
 -99.150101   34.843204
 -99.143967   34.847054
 -99.144577   34.849777
 -99.168587   34.847813
 -99.176216   34.858051
 -99.181549   34.859497
 -99.191002   34.857941
 -99.192978   34.855850
 -99.192863   34.843693
 -99.200279   34.837551
 -99.208809   34.839729
 -99.213997   34.837505
 -99.210693   34.829464
 -99.212021   34.826347
 -99.220360   34.829483
 -99.226662   34.828384
 -99.234741   34.815876
 -99.240883   34.816902
 -99.246101   34.822052
 -99.256081   34.836533
 -99.269775   34.841026
 -99.277580   34.839314
 -99.282303   34.849323
 -99.287552   34.852074
 -99.296082   34.851364
 -99.304611   34.856312
 -99.316917   34.871429
 -99.317368   34.882179
 -99.310608   34.888683
 -99.290939   34.886173
 -99.292458   34.895596
 -99.298096   34.899059
 -99.289070   34.903065
 -99.296768   34.916611
 -99.298035   34.924007
 -99.314384   34.925827
 -99.309784   34.934032
 -99.320419   34.941612
 -99.323097   34.940639
 -99.330460   34.944702
 -99.328957   34.956238
 -99.333969   34.972713
 -99.343719   34.971043
 -99.347626   34.982361
 -99.334694   34.988396
 -99.335564   35.000000
 -99.332375   35.010059
 -99.328438   35.011780
 -99.326225   35.017048
 -99.329140   35.022499
 -99.333977   35.022488
 -99.335938   35.024723
 -99.324417   35.030628
 -99.323227   35.038441
 -99.327431   35.041645
 -99.336975   35.040539
 -99.348656   35.042747
 -99.351791   35.052761
 -99.362190   35.050880
 -99.370544   35.053364
 -99.372292   35.060226
 -99.368073   35.061127
 -99.366371   35.059227
 -99.364563   35.061588
 -99.369362   35.077232
 -99.368011   35.087811
 -99.371521   35.088680
 -99.375000   35.082829
 -99.377907   35.084583
 -99.375305   35.088703
 -99.376976   35.092163
 -99.385086   35.093380
 -99.385223   35.089691
 -99.388069   35.088707
 -99.397820   35.094139
 -99.397400   35.098652
 -99.401024   35.099457
 -99.397369   35.104656
 -99.399452   35.106945
 -99.404358   35.105782
 -99.403328   35.109009

Latimer
OK
12
 -95.349159   35.058186
 -94.927635   35.058186
 -94.927597   34.942116
 -94.997841   34.942059
 -94.997414   34.854958
 -95.059273   34.854919
 -95.059380   34.680637
 -95.514267   34.681046
 -95.513702   34.854694
 -95.507271   34.854713
 -95.507401   35.029099
 -95.349182   35.029205

Le Flore
OK
52
 -94.813400   35.323250
 -94.800682   35.324856
 -94.792488   35.328255
 -94.781219   35.347317
 -94.774986   35.353115
 -94.750000   35.356876
 -94.729790   35.351856
 -94.705299   35.333145
 -94.683243   35.326160
 -94.678665   35.318317
 -94.677475   35.303375
 -94.662910   35.292469
 -94.647743   35.291138
 -94.629280   35.295177
 -94.615654   35.304016
 -94.598602   35.326351
 -94.588737   35.328430
 -94.571877   35.327648
 -94.554405   35.310123
 -94.547432   35.306259
 -94.533310   35.304237
 -94.516739   35.309425
 -94.510963   35.304428
 -94.500694   35.305672
 -94.493675   35.301132
 -94.485115   35.304699
 -94.480927   35.309418
 -94.483078   35.318012
 -94.495132   35.330650
 -94.494446   35.342670
 -94.480423   35.351719
 -94.485649   35.360271
 -94.485321   35.367126
 -94.475929   35.374096
 -94.467178   35.376816
 -94.454422   35.375690
 -94.444649   35.372013
 -94.439072   35.372791
 -94.432472   35.380714
 -94.447556   34.933838
 -94.454346   34.728859
 -94.460938   34.507351
 -94.937378   34.506786
 -94.937523   34.680775
 -95.059380   34.680637
 -95.059273   34.854919
 -94.997414   34.854958
 -94.997841   34.942059
 -94.927597   34.942116
 -94.927635   35.058186
 -94.927711   35.202469
 -94.814056   35.202236

Lincoln
OK
8
 -97.140205   35.941765
 -96.620796   35.941452
 -96.618805   35.856888
 -96.620361   35.638935
 -96.624573   35.462654
 -97.140930   35.464001
 -97.140785   35.706154
 -97.140686   35.724384

Logan
OK
27
 -97.675385   36.164627
 -97.460419   36.164425
 -97.353561   36.164253
 -97.353691   36.159100
 -97.353554   35.984886
 -97.339432   35.993629
 -97.333794   36.004566
 -97.329247   36.007687
 -97.318817   36.011185
 -97.304199   36.010136
 -97.296783   36.007648
 -97.287155   35.996635
 -97.284233   35.987095
 -97.285835   35.980301
 -97.276390   35.973412
 -97.245041   35.972420
 -97.233978   35.969551
 -97.219681   35.963577
 -97.205528   35.945908
 -97.189240   35.941105
 -97.172066   35.940956
 -97.158836   35.944672
 -97.143791   35.953064
 -97.140175   35.958885
 -97.140205   35.941765
 -97.140686   35.724384
 -97.673599   35.725937

Love
OK
104
 -97.560463   34.070992
 -96.969719   34.070732
 -96.969437   34.012913
 -96.934502   34.012844
 -96.934563   33.954353
 -96.944328   33.949116
 -96.973518   33.935596
 -96.979538   33.941486
 -96.979012   33.955868
 -96.981316   33.956230
 -96.990555   33.952599
 -96.995972   33.942562
 -96.994736   33.931934
 -96.984657   33.904762
 -96.984711   33.887653
 -97.020866   33.846447
 -97.040962   33.837662
 -97.046333   33.840637
 -97.055878   33.855797
 -97.063049   33.859550
 -97.069801   33.860538
 -97.087753   33.852684
 -97.090439   33.846638
 -97.089172   33.840591
 -97.069305   33.839314
 -97.056435   33.835716
 -97.048508   33.828545
 -97.047691   33.817829
 -97.078300   33.812653
 -97.087715   33.808643
 -97.091827   33.803997
 -97.094955   33.794033
 -97.084930   33.765408
 -97.085907   33.743828
 -97.096863   33.727703
 -97.106895   33.721016
 -97.117958   33.717506
 -97.137238   33.718559
 -97.153931   33.723831
 -97.171906   33.737438
 -97.179855   33.754391
 -97.192635   33.759361
 -97.187508   33.769600
 -97.190102   33.781048
 -97.205139   33.801384
 -97.204704   33.818768
 -97.195541   33.830700
 -97.181084   33.831272
 -97.171333   33.835232
 -97.166534   33.840294
 -97.166809   33.849819
 -97.182289   33.897507
 -97.205849   33.914181
 -97.210632   33.915962
 -97.222466   33.914864
 -97.241165   33.906704
 -97.244659   33.902992
 -97.248917   33.875000
 -97.255341   33.863598
 -97.271240   33.862461
 -97.278816   33.864452
 -97.308884   33.888596
 -97.310913   33.886997
 -97.309753   33.874332
 -97.314117   33.866886
 -97.325706   33.856808
 -97.332512   33.855160
 -97.333878   33.862789
 -97.323051   33.879066
 -97.326309   33.884312
 -97.331581   33.884384
 -97.335625   33.879066
 -97.339340   33.860634
 -97.346916   33.845013
 -97.358215   33.829914
 -97.372650   33.819351
 -97.403061   33.818714
 -97.426193   33.819298
 -97.443893   33.823673
 -97.458771   33.834480
 -97.462616   33.842793
 -97.451164   33.870827
 -97.450653   33.891296
 -97.461121   33.905128
 -97.483864   33.915276
 -97.500664   33.919544
 -97.524979   33.911652
 -97.551239   33.897846
 -97.557968   33.896999
 -97.560562   33.899544
 -97.560623   33.983875
 -97.536522   33.983780
 -97.537231   33.986435
 -97.541000   33.985226
 -97.541191   33.988426
 -97.542953   33.985680
 -97.546631   33.987602
 -97.546822   33.991432
 -97.550674   33.991341
 -97.548943   33.994247
 -97.555016   33.998508
 -97.551369   34.000561
 -97.553017   34.002533
 -97.560570   34.002880

Major
OK
24
 -98.533218   36.463295
 -98.104279   36.463131
 -98.103500   36.164841
 -98.210197   36.164856
 -98.636497   36.164856
 -98.858139   36.161240
 -98.955490   36.161533
 -98.955574   36.246643
 -98.960510   36.246735
 -98.959961   36.506882
 -98.843277   36.506214
 -98.819099   36.470959
 -98.807457   36.460712
 -98.777336   36.448406
 -98.764091   36.446632
 -98.742973   36.448586
 -98.726448   36.445301
 -98.718178   36.437466
 -98.708862   36.421925
 -98.699127   36.415981
 -98.625000   36.392559
 -98.599457   36.391052
 -98.552185   36.402283
 -98.533195   36.397560

Marshall
OK
131
 -96.933388   34.172459
 -96.669685   34.172161
 -96.667473   34.166664
 -96.665199   34.168713
 -96.663010   34.167786
 -96.655869   34.161098
 -96.649178   34.162685
 -96.643097   34.167973
 -96.638321   34.168007
 -96.636139   34.165810
 -96.639992   34.162964
 -96.640877   34.158302
 -96.628548   34.153641
 -96.625946   34.159573
 -96.620506   34.161949
 -96.618912   34.153950
 -96.612854   34.151890
 -96.607513   34.146084
 -96.612503   34.144314
 -96.612991   34.141285
 -96.605804   34.140064
 -96.602722   34.145538
 -96.598419   34.140305
 -96.599876   34.134628
 -96.589828   34.126945
 -96.582802   34.126144
 -96.581779   34.119007
 -96.586830   34.117744
 -96.585083   34.114365
 -96.584175   34.111633
 -96.579063   34.109966
 -96.581123   34.104713
 -96.565254   34.089291
 -96.568367   34.084656
 -96.563148   34.081470
 -96.555618   34.081085
 -96.556717   34.077991
 -96.562561   34.079292
 -96.564011   34.077065
 -96.560074   34.073341
 -96.550484   34.071651
 -96.547211   34.063816
 -96.553749   34.058846
 -96.557739   34.050369
 -96.568108   34.047600
 -96.570580   34.042770
 -96.576126   34.042904
 -96.571037   34.048210
 -96.571938   34.050209
 -96.577965   34.047924
 -96.574059   34.036865
 -96.576088   34.033707
 -96.579704   34.033775
 -96.579712   34.031105
 -96.572647   34.029324
 -96.579308   34.022511
 -96.577614   34.020184
 -96.573006   34.020248
 -96.578674   34.009045
 -96.582680   34.006775
 -96.585991   34.007874
 -96.593155   34.016632
 -96.602905   34.013451
 -96.604027   34.007771
 -96.616722   34.010113
 -96.620674   34.005428
 -96.624527   34.009628
 -96.623024   34.002319
 -96.613464   33.996124
 -96.615372   33.990631
 -96.608597   33.987415
 -96.602486   33.987839
 -96.606522   33.981846
 -96.600098   33.979332
 -96.598007   33.974808
 -96.593391   33.973995
 -96.593376   33.970917
 -96.588715   33.970062
 -96.585312   33.974621
 -96.584930   33.967258
 -96.575920   33.963787
 -96.579277   33.956558
 -96.585114   33.954784
 -96.584549   33.949764
 -96.587624   33.947906
 -96.591972   33.951412
 -96.596191   33.945568
 -96.590965   33.938740
 -96.592888   33.932865
 -96.589272   33.927784
 -96.580322   33.923782
 -96.582893   33.919022
 -96.590637   33.919132
 -96.586670   33.915569
 -96.580681   33.915325
 -96.582253   33.908199
 -96.590843   33.903126
 -96.587013   33.897396
 -96.588234   33.894882
 -96.628021   33.894375
 -96.657936   33.915741
 -96.666908   33.916840
 -96.673180   33.912182
 -96.680672   33.896103
 -96.684456   33.862804
 -96.690430   33.849857
 -96.699295   33.838947
 -96.712143   33.831532
 -96.761314   33.824303
 -96.770401   33.829521
 -96.776489   33.841877
 -96.780289   33.859997
 -96.793999   33.868786
 -96.831879   33.874733
 -96.839493   33.868298
 -96.841309   33.852791
 -96.845619   33.848873
 -96.855804   33.847389
 -96.866158   33.853046
 -96.882729   33.867916
 -96.895447   33.896313
 -96.899162   33.933628
 -96.904968   33.947121
 -96.912384   33.955006
 -96.920448   33.959423
 -96.934563   33.954353
 -96.934502   34.012844
 -96.969437   34.012913
 -96.969719   34.070732
 -96.967796   34.070736
 -96.968124   34.172523

Mayes
OK
13
 -95.327774   36.510174
 -95.005478   36.509697
 -95.005707   36.249458
 -95.011147   36.249378
 -95.011070   36.161709
 -95.118217   36.161545
 -95.117958   36.074337
 -95.207710   36.074612
 -95.439873   36.075127
 -95.439720   36.249241
 -95.435364   36.249222
 -95.435257   36.256042
 -95.435257   36.510063

McClain
OK
70
 -97.671280   35.335873
 -97.671234   35.336945
 -97.665550   35.334305
 -97.662460   35.326527
 -97.653427   35.323471
 -97.640656   35.313953
 -97.626648   35.308651
 -97.582306   35.302898
 -97.571198   35.297901
 -97.565201   35.290600
 -97.557106   35.268700
 -97.563004   35.252201
 -97.561401   35.233200
 -97.518593   35.204830
 -97.409027   35.141121
 -97.400993   35.125000
 -97.404854   35.108906
 -97.399879   35.093170
 -97.401772   35.086300
 -97.388458   35.082031
 -97.373093   35.084980
 -97.363823   35.084488
 -97.352478   35.073929
 -97.354294   35.066216
 -97.349327   35.055462
 -97.357666   35.033470
 -97.348740   35.006432
 -97.345535   35.004528
 -97.344429   35.000641
 -97.346466   34.998726
 -97.341187   34.993637
 -97.341599   34.990173
 -97.346634   34.987324
 -97.347984   34.980232
 -97.342613   34.973339
 -97.341248   34.964420
 -97.336113   34.960464
 -97.325691   34.955055
 -97.310921   34.953217
 -97.305290   34.954887
 -97.299286   34.964108
 -97.281136   34.960716
 -97.274094   34.962811
 -97.261292   34.945370
 -97.253654   34.945145
 -97.245392   34.950375
 -97.229149   34.937908
 -97.214539   34.945557
 -97.207481   34.941383
 -97.196327   34.928398
 -97.174866   34.929691
 -97.165962   34.932667
 -97.141968   34.931671
 -97.116493   34.935097
 -97.099434   34.929459
 -97.085350   34.931271
 -97.079445   34.928875
 -97.071487   34.919785
 -97.052322   34.921211
 -97.042915   34.915131
 -97.025650   34.912251
 -97.015633   34.907269
 -96.978500   34.924030
 -96.959503   34.943256
 -96.954277   34.953323
 -96.930290   34.964283
 -96.930527   34.854485
 -96.932335   34.854393
 -97.667686   34.855064
 -97.670532   34.855145

McCurtain
OK
196
 -94.937378   34.506786
 -94.460938   34.507351
 -94.470131   34.189754
 -94.477089   33.940819
 -94.485672   33.637753
 -94.491463   33.636341
 -94.487534   33.630520
 -94.488159   33.627293
 -94.504410   33.620567
 -94.511452   33.622974
 -94.517265   33.632938
 -94.520042   33.629692
 -94.518234   33.621235
 -94.523849   33.615650
 -94.529572   33.616592
 -94.535400   33.623600
 -94.518318   33.637455
 -94.523048   33.641037
 -94.537537   33.638145
 -94.553169   33.627472
 -94.568764   33.627338
 -94.568283   33.637203
 -94.551102   33.644455
 -94.544853   33.651520
 -94.544884   33.656422
 -94.548050   33.660290
 -94.551155   33.660297
 -94.570351   33.652115
 -94.579865   33.644375
 -94.590263   33.644958
 -94.576561   33.658649
 -94.564590   33.661694
 -94.560135   33.666477
 -94.563461   33.669159
 -94.580574   33.666279
 -94.579414   33.677513
 -94.587975   33.686157
 -94.592827   33.683903
 -94.589821   33.675735
 -94.591843   33.666927
 -94.594955   33.664093
 -94.600952   33.662647
 -94.605453   33.664242
 -94.611336   33.669964
 -94.615967   33.680138
 -94.621239   33.682484
 -94.628502   33.680420
 -94.630714   33.673332
 -94.637787   33.664467
 -94.653168   33.660023
 -94.660751   33.660213
 -94.668442   33.663734
 -94.670723   33.667156
 -94.668640   33.671768
 -94.662407   33.674835
 -94.651649   33.670345
 -94.645126   33.673531
 -94.650192   33.684326
 -94.645279   33.685829
 -94.638657   33.695137
 -94.643501   33.701412
 -94.648186   33.699379
 -94.646858   33.690510
 -94.648720   33.686398
 -94.651192   33.685734
 -94.658958   33.692028
 -94.667648   33.694496
 -94.684586   33.684242
 -94.718140   33.688557
 -94.714226   33.697079
 -94.704193   33.697033
 -94.700668   33.701309
 -94.705818   33.706184
 -94.727074   33.715252
 -94.734711   33.714664
 -94.730476   33.707249
 -94.719421   33.703812
 -94.716805   33.700668
 -94.715729   33.694809
 -94.719322   33.688747
 -94.735626   33.691513
 -94.740715   33.700447
 -94.745888   33.702908
 -94.752991   33.706024
 -94.752853   33.710644
 -94.735924   33.715973
 -94.732574   33.719925
 -94.732727   33.724419
 -94.736053   33.726971
 -94.741882   33.726585
 -94.745651   33.716049
 -94.751152   33.713432
 -94.757530   33.717709
 -94.747559   33.724972
 -94.751617   33.734215
 -94.760391   33.726944
 -94.772911   33.727081
 -94.782288   33.730015
 -94.788422   33.735561
 -94.778656   33.744991
 -94.762016   33.746498
 -94.757187   33.751602
 -94.757774   33.756397
 -94.763062   33.759789
 -94.770164   33.760887
 -94.776161   33.756275
 -94.779854   33.744362
 -94.802612   33.732594
 -94.811394   33.734936
 -94.816811   33.739899
 -94.811943   33.750828
 -94.812904   33.752365
 -94.814781   33.750813
 -94.816612   33.754108
 -94.816177   33.763855
 -94.820496   33.768856
 -94.827065   33.766777
 -94.830666   33.759876
 -94.822823   33.747417
 -94.819946   33.736877
 -94.821777   33.732773
 -94.828239   33.735008
 -94.827721   33.740944
 -94.849083   33.739475
 -94.869583   33.745945
 -94.876907   33.753017
 -94.866730   33.761757
 -94.868103   33.769035
 -94.874344   33.769512
 -94.873619   33.757954
 -94.875786   33.756851
 -94.902054   33.776180
 -94.911209   33.778275
 -94.921303   33.790363
 -94.921097   33.798302
 -94.910667   33.815807
 -94.918427   33.827263
 -94.921997   33.829350
 -94.926399   33.827450
 -94.923073   33.808636
 -94.940216   33.805527
 -94.947655   33.808247
 -94.953293   33.816368
 -94.944618   33.825733
 -94.943665   33.830120
 -94.952080   33.834839
 -94.964172   33.836910
 -94.968369   33.858883
 -94.969986   33.861710
 -94.973190   33.861626
 -94.981422   33.852177
 -94.988266   33.850891
 -94.992447   33.852348
 -95.000000   33.862400
 -95.008148   33.865986
 -95.022102   33.859707
 -95.046341   33.862461
 -95.050484   33.868073
 -95.050346   33.878197
 -95.058861   33.887383
 -95.059883   33.901768
 -95.062057   33.903511
 -95.072182   33.902592
 -95.073906   33.901440
 -95.072250   33.895447
 -95.075729   33.901958
 -95.074402   33.907162
 -95.064011   33.910049
 -95.063034   33.913342
 -95.066040   33.916691
 -95.073746   33.915527
 -95.074760   33.908699
 -95.078468   33.904930
 -95.082184   33.879776
 -95.088158   33.880417
 -95.098824   33.890842
 -95.100449   33.895470
 -95.098282   33.898769
 -95.089409   33.901196
 -95.080132   33.907677
 -95.076561   33.913475
 -95.079391   33.919430
 -95.089882   33.920845
 -95.107277   33.908924
 -95.120743   33.904369
 -95.127373   33.908016
 -95.131416   33.913818
 -95.121506   33.925655
 -95.123070   33.933357
 -95.130829   33.936821
 -95.155655   33.936726
 -95.156219   34.156925
 -95.151062   34.156921
 -95.151001   34.243805
 -95.046356   34.243568
 -95.046509   34.507130

McIntosh
OK
61
 -95.981033   35.376728
 -95.875351   35.376587
 -95.875305   35.463474
 -95.823128   35.463867
 -95.822044   35.551624
 -95.712685   35.551701
 -95.344788   35.552143
 -95.344398   35.292999
 -95.351334   35.290134
 -95.355400   35.304600
 -95.373505   35.315399
 -95.385506   35.326000
 -95.393501   35.327499
 -95.410904   35.323299
 -95.430199   35.302898
 -95.450989   35.295925
 -95.461403   35.292900
 -95.488602   35.300400
 -95.503403   35.299801
 -95.518799   35.281101
 -95.512703   35.267101
 -95.514702   35.263100
 -95.526604   35.260502
 -95.542999   35.251801
 -95.570107   35.245399
 -95.599121   35.221554
 -95.615105   35.221100
 -95.622200   35.224602
 -95.622398   35.228298
 -95.606506   35.235001
 -95.603104   35.240299
 -95.605003   35.245998
 -95.610001   35.249599
 -95.624001   35.247898
 -95.657204   35.231300
 -95.676598   35.224701
 -95.682503   35.216301
 -95.680222   35.212238
 -95.673920   35.208813
 -95.679558   35.203407
 -95.687653   35.204929
 -95.706886   35.202206
 -95.716927   35.188869
 -95.731659   35.192352
 -95.742020   35.192413
 -95.756599   35.176800
 -95.765800   35.177601
 -95.770256   35.181667
 -95.786102   35.195900
 -95.803902   35.196201
 -95.825798   35.186699
 -95.836998   35.184399
 -95.847504   35.188301
 -95.869598   35.186501
 -95.888107   35.155602
 -95.906403   35.143700
 -95.925301   35.142799
 -95.948708   35.150600
 -95.960999   35.152199
 -95.983429   35.151463
 -95.981094   35.289799

Murray
OK
49
 -97.351807   34.506702
 -97.143578   34.506447
 -97.143265   34.509377
 -97.152336   34.516087
 -97.144035   34.519386
 -97.143982   34.521931
 -97.156517   34.521645
 -97.159309   34.529079
 -97.164932   34.531006
 -97.159744   34.535591
 -97.162766   34.547318
 -97.157433   34.551411
 -97.164192   34.559044
 -97.156876   34.563442
 -97.171265   34.563629
 -97.175438   34.570431
 -97.173363   34.574203
 -97.166061   34.572140
 -97.164009   34.573551
 -97.171822   34.579380
 -97.174133   34.585220
 -97.166496   34.587551
 -97.173965   34.594891
 -97.190163   34.596409
 -97.192459   34.601444
 -97.190407   34.605335
 -97.195808   34.607033
 -97.198021   34.610283
 -97.198441   34.612965
 -97.194389   34.616833
 -97.199135   34.622646
 -97.142075   34.622501
 -97.142380   34.636948
 -96.932152   34.636639
 -96.932129   34.593018
 -96.827003   34.593082
 -96.827003   34.505901
 -96.880531   34.505798
 -96.880722   34.332886
 -96.933167   34.332569
 -97.028717   34.332512
 -97.039223   34.337448
 -97.042534   34.342453
 -97.042320   34.344517
 -97.031075   34.351177
 -97.038429   34.365948
 -97.033424   34.372860
 -97.036194   34.375324
 -97.351852   34.376141

Muskogee
OK
71
 -95.765907   35.856304
 -95.650162   35.856655
 -95.649811   35.851189
 -95.638824   35.834755
 -95.641251   35.831509
 -95.638779   35.827660
 -95.641327   35.815365
 -95.639420   35.802086
 -95.636063   35.800442
 -95.638664   35.798695
 -95.638161   35.787441
 -95.622902   35.778057
 -95.605446   35.775047
 -95.588364   35.764336
 -95.577034   35.771454
 -95.573380   35.776752
 -95.553123   35.787128
 -95.528137   35.790085
 -95.477303   35.804100
 -95.425903   35.798302
 -95.361191   35.820560
 -95.347168   35.816326
 -95.344223   35.813568
 -95.265442   35.813168
 -95.127281   35.812710
 -95.127235   35.638802
 -95.127304   35.551701
 -95.132317   35.551220
 -95.132202   35.526100
 -95.127304   35.521198
 -95.120598   35.505600
 -95.095901   35.485600
 -95.085403   35.461300
 -95.077003   35.458698
 -95.060997   35.465000
 -95.049698   35.458801
 -95.070305   35.446999
 -95.080200   35.431801
 -95.085800   35.405800
 -95.102402   35.396801
 -95.120132   35.372639
 -95.123657   35.372574
 -95.130997   35.379299
 -95.136803   35.380199
 -95.160530   35.369263
 -95.159370   35.365128
 -95.145241   35.360088
 -95.141052   35.355469
 -95.147781   35.345856
 -95.167427   35.352955
 -95.174721   35.350460
 -95.180359   35.343929
 -95.182312   35.336761
 -95.170937   35.315331
 -95.171516   35.305454
 -95.178352   35.300915
 -95.187698   35.304852
 -95.198952   35.303497
 -95.209167   35.283726
 -95.228874   35.267014
 -95.243568   35.261539
 -95.256737   35.265667
 -95.285507   35.293301
 -95.300705   35.301300
 -95.315208   35.302223
 -95.334503   35.297901
 -95.344398   35.292999
 -95.344788   35.552143
 -95.712685   35.551701
 -95.712814   35.725777
 -95.765945   35.725613

Noble
OK
28
 -97.461319   36.593418
 -97.057098   36.593609
 -97.035446   36.586185
 -97.002563   36.582531
 -96.948288   36.589939
 -96.920166   36.600624
 -96.910477   36.597649
 -96.904144   36.588905
 -96.887993   36.575546
 -96.890053   36.563560
 -96.900955   36.551697
 -96.924393   36.552517
 -96.942047   36.544548
 -96.949608   36.537258
 -96.955093   36.535252
 -96.975952   36.535549
 -96.991966   36.530739
 -97.006584   36.519676
 -97.009476   36.506893
 -97.031883   36.506981
 -97.031776   36.333321
 -96.924629   36.333206
 -96.924805   36.246479
 -97.140755   36.246315
 -97.140442   36.159164
 -97.353691   36.159100
 -97.353561   36.164253
 -97.460419   36.164425

Nowata
OK
9
 -95.786507   36.999233
 -95.522163   36.999199
 -95.407433   36.999165
 -95.407593   36.942574
 -95.431480   36.942699
 -95.431259   36.597466
 -95.809357   36.597385
 -95.809738   36.941795
 -95.786560   36.941841

Okfuskee
OK
61
 -96.620361   35.638935
 -96.192291   35.638996
 -96.192566   35.551811
 -96.087517   35.552021
 -96.087090   35.376896
 -95.981033   35.376728
 -95.981094   35.289799
 -96.441101   35.290016
 -96.441010   35.467594
 -96.446114   35.458366
 -96.452354   35.458115
 -96.458931   35.461319
 -96.465195   35.458023
 -96.472244   35.463516
 -96.475319   35.463352
 -96.477417   35.457561
 -96.487869   35.448196
 -96.482780   35.442543
 -96.484177   35.436295
 -96.490074   35.430687
 -96.497253   35.428555
 -96.519211   35.431488
 -96.521057   35.438057
 -96.538612   35.448727
 -96.543594   35.457520
 -96.546219   35.456970
 -96.544708   35.452534
 -96.554024   35.453953
 -96.553551   35.447952
 -96.560120   35.448639
 -96.563034   35.443031
 -96.568680   35.441956
 -96.569496   35.439602
 -96.565460   35.436302
 -96.555565   35.434498
 -96.560654   35.424011
 -96.557022   35.418976
 -96.554863   35.422894
 -96.552299   35.423004
 -96.547623   35.418495
 -96.549675   35.414833
 -96.536980   35.410938
 -96.537903   35.404232
 -96.531586   35.400021
 -96.536064   35.390820
 -96.550285   35.392216
 -96.556351   35.394829
 -96.555542   35.402496
 -96.565834   35.399315
 -96.576340   35.402061
 -96.578796   35.407551
 -96.585403   35.411537
 -96.589760   35.411167
 -96.599510   35.397018
 -96.606171   35.399445
 -96.606583   35.395870
 -96.610947   35.394249
 -96.612762   35.396950
 -96.617043   35.395802
 -96.623413   35.400883
 -96.624573   35.462654

Oklahoma
OK
6
 -97.673599   35.725937
 -97.140686   35.724384
 -97.140785   35.706154
 -97.140930   35.464001
 -97.141518   35.376751
 -97.670906   35.377201

Okmulgee
OK
16
 -95.819695   35.855801
 -95.765907   35.856304
 -95.765945   35.725613
 -95.712814   35.725777
 -95.712685   35.551701
 -95.822044   35.551624
 -95.823128   35.463867
 -95.875305   35.463474
 -95.875351   35.376587
 -95.981033   35.376728
 -96.087090   35.376896
 -96.087517   35.552021
 -96.192566   35.551811
 -96.192291   35.638996
 -96.192207   35.856934
 -96.032845   35.856728

Osage
OK
140
 -96.525208   36.998672
 -96.000549   36.998791
 -96.000900   36.423607
 -96.000999   36.160702
 -96.267998   36.161900
 -96.268898   36.173603
 -96.263901   36.179699
 -96.247269   36.191467
 -96.242760   36.200161
 -96.246056   36.214600
 -96.256332   36.225597
 -96.304031   36.228260
 -96.321869   36.226135
 -96.339706   36.229946
 -96.351181   36.237404
 -96.362274   36.250000
 -96.386497   36.267063
 -96.401009   36.273396
 -96.427505   36.280113
 -96.436005   36.289680
 -96.441086   36.312222
 -96.453209   36.329601
 -96.460953   36.333656
 -96.477226   36.332886
 -96.485275   36.329910
 -96.496078   36.319019
 -96.501930   36.307419
 -96.514931   36.298267
 -96.536110   36.296356
 -96.552155   36.299892
 -96.563591   36.306046
 -96.573174   36.315647
 -96.572037   36.331558
 -96.556435   36.349892
 -96.533630   36.356030
 -96.520378   36.367298
 -96.518349   36.377537
 -96.524017   36.390800
 -96.527931   36.395493
 -96.540421   36.400341
 -96.549339   36.395535
 -96.573784   36.374741
 -96.589821   36.374668
 -96.601578   36.382198
 -96.606148   36.403214
 -96.619286   36.409267
 -96.623825   36.418663
 -96.630524   36.423431
 -96.636429   36.426003
 -96.672089   36.420582
 -96.683174   36.421936
 -96.701691   36.431316
 -96.715965   36.443180
 -96.717766   36.453930
 -96.705887   36.477512
 -96.706047   36.485985
 -96.708435   36.490845
 -96.717941   36.495094
 -96.724541   36.503155
 -96.723175   36.520126
 -96.732361   36.543186
 -96.738495   36.551651
 -96.753242   36.562557
 -96.769157   36.565361
 -96.797836   36.553516
 -96.820259   36.539345
 -96.826057   36.529461
 -96.837402   36.520721
 -96.837601   36.511703
 -96.854424   36.487915
 -96.861679   36.483925
 -96.873428   36.471771
 -96.877052   36.470657
 -96.887245   36.472736
 -96.897415   36.468475
 -96.912163   36.467796
 -96.918091   36.463528
 -96.924988   36.463116
 -96.926598   36.459885
 -96.934967   36.455891
 -96.939919   36.455479
 -96.954048   36.460014
 -96.966934   36.460072
 -96.981651   36.466015
 -96.988419   36.474918
 -97.005157   36.485985
 -97.009476   36.506893
 -97.006584   36.519676
 -96.991966   36.530739
 -96.975952   36.535549
 -96.955093   36.535252
 -96.949608   36.537258
 -96.942047   36.544548
 -96.924393   36.552517
 -96.900955   36.551697
 -96.890053   36.563560
 -96.887993   36.575546
 -96.904144   36.588905
 -96.910477   36.597649
 -96.920166   36.600624
 -96.948288   36.589939
 -97.002563   36.582531
 -97.035446   36.586185
 -97.057098   36.593609
 -97.056778   36.597794
 -97.046570   36.597397
 -97.043503   36.600632
 -97.051788   36.612541
 -97.048248   36.623196
 -97.051208   36.641190
 -97.061119   36.651077
 -97.064362   36.668053
 -97.063789   36.684174
 -97.052917   36.692173
 -97.032211   36.701923
 -97.027245   36.699120
 -97.023872   36.693367
 -97.011932   36.694031
 -96.994011   36.687817
 -96.966774   36.688499
 -96.947365   36.683495
 -96.931633   36.686062
 -96.926949   36.688759
 -96.928123   36.694065
 -96.922287   36.702831
 -96.920242   36.717716
 -96.911110   36.724693
 -96.907120   36.735809
 -96.888275   36.751759
 -96.868378   36.753502
 -96.853310   36.746075
 -96.830070   36.744137
 -96.824364   36.746655
 -96.818695   36.755951
 -96.818520   36.763622
 -96.822281   36.767525
 -96.788376   36.767521
 -96.788353   36.781937
 -96.752159   36.782017
 -96.749535   36.998955

Ottawa
OK
22
 -95.007385   36.999443
 -94.617859   36.998074
 -94.618080   36.766491
 -94.617859   36.667793
 -94.747910   36.667374
 -94.779015   36.667690
 -94.782005   36.670547
 -94.999329   36.670609
 -94.999062   36.943199
 -94.995300   36.943157
 -94.992950   36.949036
 -94.995171   36.951641
 -95.004417   36.952560
 -95.021996   36.960732
 -95.029938   36.971920
 -95.037498   36.974827
 -95.035393   36.977318
 -95.031403   36.975250
 -95.027832   36.976681
 -95.033882   36.984646
 -95.033890   36.994156
 -95.016113   36.994659

Pawnee
OK
92
 -96.924805   36.246479
 -96.924629   36.333206
 -97.031776   36.333321
 -97.031883   36.506981
 -97.009476   36.506893
 -97.005157   36.485985
 -96.988419   36.474918
 -96.981651   36.466015
 -96.966934   36.460072
 -96.954048   36.460014
 -96.939919   36.455479
 -96.934967   36.455891
 -96.926598   36.459885
 -96.924988   36.463116
 -96.918091   36.463528
 -96.912163   36.467796
 -96.897415   36.468475
 -96.887245   36.472736
 -96.877052   36.470657
 -96.873428   36.471771
 -96.861679   36.483925
 -96.854424   36.487915
 -96.837601   36.511703
 -96.837402   36.520721
 -96.826057   36.529461
 -96.820259   36.539345
 -96.797836   36.553516
 -96.769157   36.565361
 -96.753242   36.562557
 -96.738495   36.551651
 -96.732361   36.543186
 -96.723175   36.520126
 -96.724541   36.503155
 -96.717941   36.495094
 -96.708435   36.490845
 -96.706047   36.485985
 -96.705887   36.477512
 -96.717766   36.453930
 -96.715965   36.443180
 -96.701691   36.431316
 -96.683174   36.421936
 -96.672089   36.420582
 -96.636429   36.426003
 -96.630524   36.423431
 -96.623825   36.418663
 -96.619286   36.409267
 -96.606148   36.403214
 -96.601578   36.382198
 -96.589821   36.374668
 -96.573784   36.374741
 -96.549339   36.395535
 -96.540421   36.400341
 -96.527931   36.395493
 -96.524017   36.390800
 -96.518349   36.377537
 -96.520378   36.367298
 -96.533630   36.356030
 -96.556435   36.349892
 -96.572037   36.331558
 -96.573174   36.315647
 -96.563591   36.306046
 -96.552155   36.299892
 -96.536110   36.296356
 -96.514931   36.298267
 -96.501930   36.307419
 -96.496078   36.319019
 -96.485275   36.329910
 -96.477226   36.332886
 -96.460953   36.333656
 -96.453209   36.329601
 -96.441086   36.312222
 -96.436005   36.289680
 -96.427505   36.280113
 -96.401009   36.273396
 -96.386497   36.267063
 -96.362274   36.250000
 -96.351181   36.237404
 -96.339706   36.229946
 -96.321869   36.226135
 -96.304031   36.228260
 -96.256332   36.225597
 -96.246056   36.214600
 -96.242760   36.200161
 -96.247269   36.191467
 -96.263901   36.179699
 -96.268898   36.173603
 -96.267998   36.161900
 -96.297600   36.162201
 -96.621033   36.163486
 -96.621140   36.159863
 -96.818771   36.158859
 -96.818657   36.246456

Payne
OK
30
 -97.353691   36.159100
 -97.140442   36.159164
 -97.140755   36.246315
 -96.924805   36.246479
 -96.818657   36.246456
 -96.818771   36.158859
 -96.621140   36.159863
 -96.622734   36.058475
 -96.620796   35.941452
 -97.140205   35.941765
 -97.140175   35.958885
 -97.143791   35.953064
 -97.158836   35.944672
 -97.172066   35.940956
 -97.189240   35.941105
 -97.205528   35.945908
 -97.219681   35.963577
 -97.233978   35.969551
 -97.245041   35.972420
 -97.276390   35.973412
 -97.285835   35.980301
 -97.284233   35.987095
 -97.287155   35.996635
 -97.296783   36.007648
 -97.304199   36.010136
 -97.318817   36.011185
 -97.329247   36.007687
 -97.333794   36.004566
 -97.339432   35.993629
 -97.353554   35.984886

Pittsburg
OK
74
 -95.983429   35.151463
 -95.960999   35.152199
 -95.948708   35.150600
 -95.925301   35.142799
 -95.906403   35.143700
 -95.888107   35.155602
 -95.869598   35.186501
 -95.847504   35.188301
 -95.836998   35.184399
 -95.825798   35.186699
 -95.803902   35.196201
 -95.786102   35.195900
 -95.770256   35.181667
 -95.765800   35.177601
 -95.756599   35.176800
 -95.742020   35.192413
 -95.731659   35.192352
 -95.716927   35.188869
 -95.706886   35.202206
 -95.687653   35.204929
 -95.679558   35.203407
 -95.673920   35.208813
 -95.680222   35.212238
 -95.682503   35.216301
 -95.676598   35.224701
 -95.657204   35.231300
 -95.624001   35.247898
 -95.610001   35.249599
 -95.605003   35.245998
 -95.603104   35.240299
 -95.606506   35.235001
 -95.622398   35.228298
 -95.622200   35.224602
 -95.615105   35.221100
 -95.599121   35.221554
 -95.570107   35.245399
 -95.542999   35.251801
 -95.526604   35.260502
 -95.514702   35.263100
 -95.512703   35.267101
 -95.518799   35.281101
 -95.503403   35.299801
 -95.488602   35.300400
 -95.461403   35.292900
 -95.450989   35.295925
 -95.450500   35.202702
 -95.455101   35.202599
 -95.454704   35.160316
 -95.349106   35.160198
 -95.349159   35.058186
 -95.349182   35.029205
 -95.507401   35.029099
 -95.507271   34.854713
 -95.513702   34.854694
 -95.514267   34.681046
 -95.514061   34.594055
 -95.671722   34.593758
 -95.881905   34.593430
 -95.881828   34.680382
 -96.091896   34.680492
 -96.091843   34.767494
 -96.091728   34.854759
 -96.088837   34.854759
 -96.088562   35.049770
 -96.069824   35.055420
 -96.064072   35.070850
 -96.060661   35.091484
 -96.041573   35.104256
 -96.029686   35.120243
 -96.013596   35.116463
 -96.009483   35.117939
 -96.013374   35.139645
 -96.011986   35.145012
 -96.003578   35.148972

Pontotoc
OK
68
 -96.930290   34.964283
 -96.920990   34.963909
 -96.910545   34.958893
 -96.901894   34.944721
 -96.894157   34.938999
 -96.889435   34.928448
 -96.885101   34.926170
 -96.876022   34.925949
 -96.860680   34.930000
 -96.852081   34.928688
 -96.830482   34.941830
 -96.821190   34.946033
 -96.815575   34.945663
 -96.797913   34.929913
 -96.798782   34.906319
 -96.787415   34.899708
 -96.774864   34.900143
 -96.772545   34.900494
 -96.760361   34.900761
 -96.755226   34.899727
 -96.749802   34.892899
 -96.744202   34.874901
 -96.737907   34.864101
 -96.732201   34.858799
 -96.722603   34.856701
 -96.693886   34.868412
 -96.686172   34.883099
 -96.686707   34.891201
 -96.693161   34.901176
 -96.702530   34.908875
 -96.710999   34.911831
 -96.711197   34.916199
 -96.704308   34.926201
 -96.691673   34.933231
 -96.681320   34.932777
 -96.665108   34.928299
 -96.658997   34.923000
 -96.646706   34.902100
 -96.636505   34.898701
 -96.612907   34.900398
 -96.595505   34.905899
 -96.576797   34.916500
 -96.563797   34.917198
 -96.555702   34.912498
 -96.556000   34.899101
 -96.545692   34.882187
 -96.528305   34.869499
 -96.519600   34.870098
 -96.512314   34.875381
 -96.500000   34.893379
 -96.497101   34.903801
 -96.490494   34.910500
 -96.469986   34.916908
 -96.455505   34.913700
 -96.432289   34.903549
 -96.426003   34.903198
 -96.414703   34.914398
 -96.405960   34.932262
 -96.406197   34.767502
 -96.406219   34.680073
 -96.511848   34.679928
 -96.513580   34.505299
 -96.827003   34.505901
 -96.827003   34.593082
 -96.932129   34.593018
 -96.932152   34.636639
 -96.932335   34.854393
 -96.930527   34.854485

Pottawatomie
OK
65
 -97.140930   35.464001
 -96.624573   35.462654
 -96.623413   35.400883
 -96.630814   35.392384
 -96.633720   35.393280
 -96.636200   35.399185
 -96.644119   35.393032
 -96.652534   35.391708
 -96.654129   35.395508
 -96.660606   35.395119
 -96.670670   35.401417
 -96.674896   35.400547
 -96.675484   35.404324
 -96.677574   35.402035
 -96.681709   35.405880
 -96.689735   35.403751
 -96.691360   35.408535
 -96.700615   35.409821
 -96.703163   35.416592
 -96.719429   35.411987
 -96.716774   35.420006
 -96.724327   35.425011
 -96.737885   35.419651
 -96.732826   35.415783
 -96.734505   35.413494
 -96.736320   35.415371
 -96.741325   35.414455
 -96.739731   35.408546
 -96.742661   35.406738
 -96.766731   35.408394
 -96.768906   35.410526
 -96.770042   35.407276
 -96.773911   35.405888
 -96.776405   35.411304
 -96.774864   34.900143
 -96.787415   34.899708
 -96.798782   34.906319
 -96.797913   34.929913
 -96.815575   34.945663
 -96.821190   34.946033
 -96.830482   34.941830
 -96.852081   34.928688
 -96.860680   34.930000
 -96.876022   34.925949
 -96.885101   34.926170
 -96.889435   34.928448
 -96.894157   34.938999
 -96.901894   34.944721
 -96.910545   34.958893
 -96.920990   34.963909
 -96.930290   34.964283
 -96.954277   34.953323
 -96.959503   34.943256
 -96.978500   34.924030
 -97.015633   34.907269
 -97.025650   34.912251
 -97.042915   34.915131
 -97.052322   34.921211
 -97.071487   34.919785
 -97.079445   34.928875
 -97.085350   34.931271
 -97.099434   34.929459
 -97.116493   34.935097
 -97.141968   34.931671
 -97.141518   35.376751

Pushmataha
OK
14
 -95.514267   34.681046
 -95.059380   34.680637
 -94.937523   34.680775
 -94.937378   34.506786
 -95.046509   34.507130
 -95.046356   34.243568
 -95.151001   34.243805
 -95.151062   34.156921
 -95.156219   34.156925
 -95.779129   34.156601
 -95.779167   34.506458
 -95.671448   34.506699
 -95.671722   34.593758
 -95.514061   34.594055

Roger Mills
OK
56
-100.000000   35.880905
 -99.970306   35.889397
 -99.958336   35.900433
 -99.924751   35.913620
 -99.918533   35.921768
 -99.907997   35.928082
 -99.905312   35.939499
 -99.910881   35.945976
 -99.911057   35.961880
 -99.894653   35.977077
 -99.892975   35.985252
 -99.886879   35.988064
 -99.871880   35.988667
 -99.851143   36.005085
 -99.830070   36.006283
 -99.816956   36.004299
 -99.809052   36.000000
 -99.801895   35.971561
 -99.809380   35.953297
 -99.806999   35.940502
 -99.809822   35.928844
 -99.802673   35.921989
 -99.801003   35.910599
 -99.779778   35.897427
 -99.775803   35.888119
 -99.760696   35.880699
 -99.746040   35.881916
 -99.716713   35.859722
 -99.685104   35.851704
 -99.655602   35.850578
 -99.634583   35.843060
 -99.619423   35.842045
 -99.601387   35.855824
 -99.576973   35.859543
 -99.558105   35.865944
 -99.555740   35.876724
 -99.549332   35.886002
 -99.550293   35.898727
 -99.513512   35.927624
 -99.498573   35.973461
 -99.486809   35.985004
 -99.477127   35.985596
 -99.462868   36.000000
 -99.446136   36.006943
 -99.421768   36.011879
 -99.380638   36.012878
 -99.380699   35.898785
 -99.375450   35.898708
 -99.375648   35.812138
 -99.376579   35.551693
 -99.363617   35.551628
 -99.363731   35.508778
 -99.575218   35.508900
 -99.575340   35.421642
-100.000000   35.422291
-100.000000   35.619068

Rogers
OK
36
 -95.809357   36.597385
 -95.431259   36.597466
 -95.328171   36.597488
 -95.327774   36.510174
 -95.435257   36.510063
 -95.435257   36.256042
 -95.435364   36.249222
 -95.439720   36.249241
 -95.439873   36.075127
 -95.571274   36.075184
 -95.577263   36.078335
 -95.579651   36.082893
 -95.572266   36.081955
 -95.564026   36.084484
 -95.556801   36.082012
 -95.552338   36.091389
 -95.569878   36.110638
 -95.567589   36.129852
 -95.578262   36.134113
 -95.586983   36.133980
 -95.591171   36.136967
 -95.593208   36.136490
 -95.593369   36.129379
 -95.604439   36.133366
 -95.617226   36.148388
 -95.618271   36.162601
 -95.761307   36.162399
 -95.815002   36.162498
 -95.814903   36.249401
 -95.811798   36.249401
 -95.811707   36.256001
 -95.811989   36.394249
 -95.794044   36.394360
 -95.794075   36.423443
 -95.811958   36.423332
 -95.812187   36.597424

Seminole
OK
122
 -96.623413   35.400883
 -96.617043   35.395802
 -96.612762   35.396950
 -96.610947   35.394249
 -96.606583   35.395870
 -96.606171   35.399445
 -96.599510   35.397018
 -96.589760   35.411167
 -96.585403   35.411537
 -96.578796   35.407551
 -96.576340   35.402061
 -96.565834   35.399315
 -96.555542   35.402496
 -96.556351   35.394829
 -96.550285   35.392216
 -96.536064   35.390820
 -96.531586   35.400021
 -96.537903   35.404232
 -96.536980   35.410938
 -96.549675   35.414833
 -96.547623   35.418495
 -96.552299   35.423004
 -96.554863   35.422894
 -96.557022   35.418976
 -96.560654   35.424011
 -96.555565   35.434498
 -96.565460   35.436302
 -96.569496   35.439602
 -96.568680   35.441956
 -96.563034   35.443031
 -96.560120   35.448639
 -96.553551   35.447952
 -96.554024   35.453953
 -96.544708   35.452534
 -96.546219   35.456970
 -96.543594   35.457520
 -96.538612   35.448727
 -96.521057   35.438057
 -96.519211   35.431488
 -96.497253   35.428555
 -96.490074   35.430687
 -96.484177   35.436295
 -96.482780   35.442543
 -96.487869   35.448196
 -96.477417   35.457561
 -96.475319   35.463352
 -96.472244   35.463516
 -96.465195   35.458023
 -96.458931   35.461319
 -96.452354   35.458115
 -96.446114   35.458366
 -96.441010   35.467594
 -96.441101   35.290016
 -96.441063   35.115711
 -96.490143   35.115841
 -96.490494   34.910500
 -96.497101   34.903801
 -96.500000   34.893379
 -96.512314   34.875381
 -96.519600   34.870098
 -96.528305   34.869499
 -96.545692   34.882187
 -96.556000   34.899101
 -96.555702   34.912498
 -96.563797   34.917198
 -96.576797   34.916500
 -96.595505   34.905899
 -96.612907   34.900398
 -96.636505   34.898701
 -96.646706   34.902100
 -96.658997   34.923000
 -96.665108   34.928299
 -96.681320   34.932777
 -96.691673   34.933231
 -96.704308   34.926201
 -96.711197   34.916199
 -96.710999   34.911831
 -96.702530   34.908875
 -96.693161   34.901176
 -96.686707   34.891201
 -96.686172   34.883099
 -96.693886   34.868412
 -96.722603   34.856701
 -96.732201   34.858799
 -96.737907   34.864101
 -96.744202   34.874901
 -96.749802   34.892899
 -96.755226   34.899727
 -96.760361   34.900761
 -96.772545   34.900494
 -96.774864   34.900143
 -96.776405   35.411304
 -96.773911   35.405888
 -96.770042   35.407276
 -96.768906   35.410526
 -96.766731   35.408394
 -96.742661   35.406738
 -96.739731   35.408546
 -96.741325   35.414455
 -96.736320   35.415371
 -96.734505   35.413494
 -96.732826   35.415783
 -96.737885   35.419651
 -96.724327   35.425011
 -96.716774   35.420006
 -96.719429   35.411987
 -96.703163   35.416592
 -96.700615   35.409821
 -96.691360   35.408535
 -96.689735   35.403751
 -96.681709   35.405880
 -96.677574   35.402035
 -96.675484   35.404324
 -96.674896   35.400547
 -96.670670   35.401417
 -96.660606   35.395119
 -96.654129   35.395508
 -96.652534   35.391708
 -96.644119   35.393032
 -96.636200   35.399185
 -96.633720   35.393280
 -96.630814   35.392384

Sequoyah
OK
80
 -95.127235   35.638802
 -94.807076   35.638512
 -94.472435   35.638474
 -94.431503   35.398399
 -94.432472   35.380714
 -94.439072   35.372791
 -94.444649   35.372013
 -94.454422   35.375690
 -94.467178   35.376816
 -94.475929   35.374096
 -94.485321   35.367126
 -94.485649   35.360271
 -94.480423   35.351719
 -94.494446   35.342670
 -94.495132   35.330650
 -94.483078   35.318012
 -94.480927   35.309418
 -94.485115   35.304699
 -94.493675   35.301132
 -94.500694   35.305672
 -94.510963   35.304428
 -94.516739   35.309425
 -94.533310   35.304237
 -94.547432   35.306259
 -94.554405   35.310123
 -94.571877   35.327648
 -94.588737   35.328430
 -94.598602   35.326351
 -94.615654   35.304016
 -94.629280   35.295177
 -94.647743   35.291138
 -94.662910   35.292469
 -94.677475   35.303375
 -94.678665   35.318317
 -94.683243   35.326160
 -94.705299   35.333145
 -94.729790   35.351856
 -94.750000   35.356876
 -94.774986   35.353115
 -94.781219   35.347317
 -94.792488   35.328255
 -94.800682   35.324856
 -94.813400   35.323250
 -94.823563   35.329292
 -94.828781   35.346703
 -94.828743   35.361450
 -94.838310   35.370110
 -94.847435   35.369686
 -94.859291   35.359924
 -94.872192   35.354431
 -94.901749   35.346615
 -94.911690   35.346558
 -94.916397   35.348637
 -94.919258   35.351673
 -94.918045   35.355251
 -94.893044   35.375000
 -94.892075   35.384251
 -94.901611   35.397842
 -94.907928   35.398289
 -94.916817   35.393669
 -94.925522   35.392754
 -94.938286   35.396500
 -94.951096   35.408241
 -94.965729   35.406620
 -94.986603   35.408283
 -95.004120   35.413376
 -95.018799   35.424099
 -95.023506   35.430199
 -95.024704   35.452999
 -95.031799   35.456200
 -95.049698   35.458801
 -95.060997   35.465000
 -95.077003   35.458698
 -95.085403   35.461300
 -95.095901   35.485600
 -95.120598   35.505600
 -95.127304   35.521198
 -95.132202   35.526100
 -95.132317   35.551220
 -95.127304   35.551701

Stephens
OK
9
 -98.088760   34.681030
 -97.668121   34.681263
 -97.562447   34.681068
 -97.562057   34.506844
 -97.562271   34.288960
 -98.138634   34.289692
 -98.138924   34.506939
 -98.141823   34.506966
 -98.141258   34.681023

Texas
OK
12
-101.066299   36.997894
-100.945122   36.998127
-100.945045   36.848591
-100.953392   36.848064
-100.953712   36.499592
-101.084717   36.499214
-101.623482   36.499504
-102.031891   36.500549
-102.031731   36.849163
-102.027870   36.849247
-102.027763   36.993103
-101.554802   36.995388

Tillman
OK
155
 -99.102798   34.637920
 -99.000671   34.637749
 -99.000534   34.594273
 -98.825851   34.594147
 -98.825722   34.507172
 -98.661407   34.507263
 -98.661667   34.405926
 -98.661377   34.333385
 -98.609169   34.333603
 -98.609825   34.157009
 -98.619019   34.156582
 -98.647736   34.164352
 -98.670586   34.149284
 -98.689735   34.133064
 -98.702705   34.135811
 -98.712128   34.131069
 -98.717201   34.136360
 -98.733948   34.135670
 -98.741623   34.125439
 -98.756699   34.124542
 -98.764015   34.135551
 -98.777733   34.139404
 -98.788063   34.146576
 -98.795860   34.142685
 -98.804070   34.153839
 -98.812607   34.158356
 -98.830765   34.162064
 -98.836723   34.156403
 -98.855240   34.161533
 -98.859787   34.149822
 -98.867767   34.149544
 -98.874527   34.155567
 -98.870865   34.162926
 -98.872574   34.166496
 -98.886765   34.168171
 -98.896271   34.174408
 -98.917984   34.181744
 -98.939873   34.203602
 -98.952164   34.212563
 -98.960442   34.212944
 -98.962120   34.204578
 -98.968658   34.201214
 -98.976242   34.206203
 -98.981018   34.217495
 -98.991463   34.221478
 -99.004341   34.214420
 -99.001511   34.209953
 -99.012718   34.203136
 -99.017036   34.206264
 -99.024231   34.203911
 -99.035919   34.206825
 -99.042374   34.198696
 -99.046783   34.197891
 -99.057732   34.200485
 -99.059990   34.204678
 -99.066109   34.208317
 -99.079185   34.211433
 -99.088699   34.208336
 -99.096001   34.211563
 -99.101898   34.205334
 -99.107803   34.203407
 -99.111465   34.205833
 -99.118851   34.201660
 -99.126213   34.202919
 -99.131531   34.207294
 -99.126259   34.215244
 -99.130257   34.219322
 -99.137863   34.219070
 -99.148209   34.208633
 -99.153145   34.207188
 -99.189156   34.214230
 -99.192329   34.218739
 -99.189789   34.229576
 -99.196800   34.244213
 -99.191292   34.257702
 -99.193703   34.260181
 -99.199127   34.260658
 -99.194313   34.271774
 -99.195251   34.280758
 -99.207619   34.283718
 -99.211288   34.292149
 -99.209526   34.298817
 -99.213120   34.310589
 -99.205421   34.319134
 -99.209366   34.324852
 -99.210594   34.336758
 -99.195297   34.341141
 -99.191971   34.346638
 -99.192390   34.354778
 -99.201309   34.362568
 -99.202415   34.369808
 -99.207283   34.374161
 -99.216843   34.373035
 -99.219894   34.375000
 -99.218910   34.379101
 -99.208801   34.388538
 -99.209824   34.393330
 -99.213997   34.394539
 -99.219193   34.388535
 -99.228500   34.387619
 -99.225685   34.400631
 -99.234787   34.400993
 -99.237694   34.424931
 -99.234138   34.428711
 -99.227661   34.419483
 -99.221718   34.423904
 -99.222610   34.432770
 -99.227531   34.433823
 -99.229935   34.438263
 -99.229530   34.447796
 -99.227676   34.451759
 -99.214600   34.454693
 -99.212662   34.458221
 -99.220825   34.463444
 -99.214722   34.482918
 -99.217453   34.483372
 -99.219917   34.477875
 -99.224236   34.480965
 -99.220146   34.485844
 -99.221275   34.493725
 -99.217033   34.494991
 -99.208031   34.503620
 -99.208336   34.512993
 -99.200897   34.527859
 -99.197273   34.532784
 -99.195305   34.544926
 -99.189026   34.540688
 -99.178391   34.539608
 -99.175873   34.544716
 -99.170753   34.547077
 -99.172134   34.549183
 -99.176117   34.547974
 -99.179474   34.550285
 -99.179169   34.554089
 -99.184540   34.561348
 -99.177391   34.566414
 -99.162956   34.587963
 -99.156006   34.587891
 -99.141106   34.592422
 -99.131859   34.592007
 -99.132362   34.588112
 -99.124229   34.582912
 -99.119415   34.589119
 -99.101334   34.594028
 -99.098923   34.593872
 -99.094429   34.587185
 -99.082741   34.590366
 -99.084854   34.607800
 -99.091591   34.612450
 -99.088715   34.615219
 -99.083641   34.613159
 -99.080292   34.614674
 -99.079926   34.622280
 -99.091515   34.626492
 -99.095695   34.634003

Tulsa
OK
21
 -96.000900   36.423607
 -95.811958   36.423332
 -95.794075   36.423443
 -95.794044   36.394360
 -95.811989   36.394249
 -95.811707   36.256001
 -95.811798   36.249401
 -95.814903   36.249401
 -95.815002   36.162498
 -95.761307   36.162399
 -95.761421   35.900711
 -95.819191   35.901039
 -95.819695   35.855801
 -96.032845   35.856728
 -96.032997   35.901001
 -96.028999   35.901001
 -96.029404   36.075298
 -96.297501   36.075699
 -96.297600   36.162201
 -96.267998   36.161900
 -96.000999   36.160702

Wagoner
OK
71
 -95.761307   36.162399
 -95.618271   36.162601
 -95.617226   36.148388
 -95.604439   36.133366
 -95.593369   36.129379
 -95.593208   36.136490
 -95.591171   36.136967
 -95.586983   36.133980
 -95.578262   36.134113
 -95.567589   36.129852
 -95.569878   36.110638
 -95.552338   36.091389
 -95.556801   36.082012
 -95.564026   36.084484
 -95.572266   36.081955
 -95.579651   36.082893
 -95.577263   36.078335
 -95.571274   36.075184
 -95.439873   36.075127
 -95.207710   36.074612
 -95.207726   36.039783
 -95.225105   36.039745
 -95.225235   36.009106
 -95.230019   36.009163
 -95.230064   36.002216
 -95.234032   36.002186
 -95.234200   35.991199
 -95.238503   35.991402
 -95.238197   35.987900
 -95.251953   35.987747
 -95.271965   35.973511
 -95.278465   35.964005
 -95.270523   35.950279
 -95.268379   35.931732
 -95.281578   35.916828
 -95.281326   35.903984
 -95.257462   35.877201
 -95.232079   35.872498
 -95.227264   35.862068
 -95.231224   35.851097
 -95.252922   35.833858
 -95.253098   35.826862
 -95.266258   35.820343
 -95.267509   35.815945
 -95.265442   35.813168
 -95.344223   35.813568
 -95.347168   35.816326
 -95.361191   35.820560
 -95.425903   35.798302
 -95.477303   35.804100
 -95.528137   35.790085
 -95.553123   35.787128
 -95.573380   35.776752
 -95.577034   35.771454
 -95.588364   35.764336
 -95.605446   35.775047
 -95.622902   35.778057
 -95.638161   35.787441
 -95.638664   35.798695
 -95.636063   35.800442
 -95.639420   35.802086
 -95.641327   35.815365
 -95.638779   35.827660
 -95.641251   35.831509
 -95.638824   35.834755
 -95.649811   35.851189
 -95.650162   35.856655
 -95.765907   35.856304
 -95.819695   35.855801
 -95.819191   35.901039
 -95.761421   35.900711

Washington
OK
9
 -95.964020   36.999031
 -95.786507   36.999233
 -95.786560   36.941841
 -95.809738   36.941795
 -95.809357   36.597385
 -95.812187   36.597424
 -95.811958   36.423332
 -96.000900   36.423607
 -96.000549   36.998791

Washita
OK
50
 -99.363953   35.465332
 -98.622879   35.464367
 -98.623413   35.204178
 -98.617554   35.204109
 -98.617676   35.101643
 -98.620712   35.097298
 -98.625305   35.102425
 -98.624611   35.106869
 -98.628891   35.110096
 -98.629631   35.116329
 -98.634758   35.121277
 -98.639214   35.123112
 -98.640869   35.113216
 -98.645302   35.111549
 -98.650345   35.115555
 -98.645775   35.118118
 -98.643600   35.116978
 -98.642235   35.119862
 -98.646080   35.119198
 -98.650925   35.124123
 -98.653580   35.121353
 -98.658371   35.122223
 -98.662270   35.118057
 -98.671890   35.118954
 -98.673950   35.109608
 -98.676910   35.107910
 -98.683990   35.114258
 -98.683823   35.107113
 -98.697029   35.111877
 -98.712112   35.104706
 -98.715012   35.108299
 -98.719742   35.108345
 -98.716431   35.113293
 -98.721840   35.113728
 -98.724960   35.111252
 -98.730034   35.112026
 -98.730873   35.114067
 -98.732765   35.110836
 -98.728386   35.108665
 -98.732399   35.108936
 -98.735519   35.100986
 -98.739670   35.105888
 -98.737976   35.107079
 -98.743126   35.108017
 -98.741936   35.110786
 -98.748627   35.116398
 -99.359718   35.116631
 -99.359711   35.204342
 -99.363930   35.204384
 -99.364128   35.218929

Woods
OK
73
 -99.455811   36.999443
 -99.000465   36.999565
 -98.544518   36.998974
 -98.544670   36.942299
 -98.539993   36.942184
 -98.540131   36.594254
 -98.533058   36.594227
 -98.533218   36.463295
 -98.533195   36.397560
 -98.552185   36.402283
 -98.599457   36.391052
 -98.625000   36.392559
 -98.699127   36.415981
 -98.708862   36.421925
 -98.718178   36.437466
 -98.726448   36.445301
 -98.742973   36.448586
 -98.764091   36.446632
 -98.777336   36.448406
 -98.807457   36.460712
 -98.819099   36.470959
 -98.843277   36.506214
 -98.959961   36.506882
 -98.959602   36.598961
 -98.973541   36.601482
 -98.999893   36.629417
 -99.009712   36.633236
 -99.012581   36.640209
 -99.022171   36.642403
 -99.024536   36.651215
 -99.022583   36.660194
 -99.035416   36.668736
 -99.040421   36.680248
 -99.048058   36.686790
 -99.044075   36.695168
 -99.060333   36.714787
 -99.075310   36.716957
 -99.084114   36.721554
 -99.097069   36.742027
 -99.103500   36.744545
 -99.107376   36.750416
 -99.126183   36.762535
 -99.127899   36.769379
 -99.139473   36.783009
 -99.164894   36.790611
 -99.182442   36.787235
 -99.205353   36.791096
 -99.217377   36.786781
 -99.229446   36.788132
 -99.252853   36.785343
 -99.269829   36.789696
 -99.293297   36.805241
 -99.294800   36.819534
 -99.308983   36.829712
 -99.316162   36.840488
 -99.318451   36.848103
 -99.313042   36.853889
 -99.313904   36.856159
 -99.324394   36.858089
 -99.329865   36.862946
 -99.374413   36.880207
 -99.384369   36.892479
 -99.387917   36.901550
 -99.386581   36.905846
 -99.397087   36.920765
 -99.407051   36.927299
 -99.424400   36.947674
 -99.427826   36.955303
 -99.427437   36.961975
 -99.438797   36.980347
 -99.440788   36.993408
 -99.444557   36.995670
 -99.451080   36.994778

Woodward
OK
40
 -99.605179   36.592720
 -99.294868   36.595089
 -99.294800   36.819534
 -99.293297   36.805241
 -99.269829   36.789696
 -99.252853   36.785343
 -99.229446   36.788132
 -99.217377   36.786781
 -99.205353   36.791096
 -99.182442   36.787235
 -99.164894   36.790611
 -99.139473   36.783009
 -99.127899   36.769379
 -99.126183   36.762535
 -99.107376   36.750416
 -99.103500   36.744545
 -99.097069   36.742027
 -99.084114   36.721554
 -99.075310   36.716957
 -99.060333   36.714787
 -99.044075   36.695168
 -99.048058   36.686790
 -99.040421   36.680248
 -99.035416   36.668736
 -99.022583   36.660194
 -99.024536   36.651215
 -99.022171   36.642403
 -99.012581   36.640209
 -99.009712   36.633236
 -98.999893   36.629417
 -98.973541   36.601482
 -98.959602   36.598961
 -98.959961   36.506882
 -98.960510   36.246735
 -98.955574   36.246643
 -98.955490   36.161533
 -99.381775   36.164261
 -99.595566   36.164017
 -99.595428   36.246658
 -99.604393   36.246590

