 -71.862595   41.146759
 -71.122070   42.018700
8

Bristol
RI
41
 -71.365799   41.735500
 -71.357506   41.741501
 -71.354401   41.751202
 -71.318306   41.776001
 -71.284920   41.761932
 -71.261902   41.752201
 -71.226463   41.710976
 -71.227875   41.705498
 -71.232643   41.701916
 -71.241440   41.697441
 -71.244423   41.698189
 -71.244461   41.698147
 -71.246361   41.695801
 -71.235176   41.677013
 -71.236969   41.666866
 -71.240845   41.665379
 -71.243973   41.667618
 -71.251740   41.664036
 -71.254417   41.653446
 -71.262169   41.641964
 -71.267395   41.644798
 -71.270821   41.651661
 -71.268738   41.659115
 -71.278725   41.666122
 -71.280815   41.671791
 -71.288116   41.671196
 -71.291550   41.661652
 -71.296921   41.660755
 -71.299904   41.648823
 -71.301842   41.649719
 -71.307053   41.672241
 -71.303185   41.681786
 -71.299904   41.681187
 -71.294380   41.686405
 -71.292595   41.699081
 -71.300812   41.704807
 -71.307358   41.709373
 -71.306168   41.718769
 -71.320335   41.724583
 -71.339272   41.724583
 -71.349648   41.719906

Kent
RI
59
 -71.790169   41.724636
 -71.668991   41.727322
 -71.545403   41.729900
 -71.534508   41.729900
 -71.484306   41.731499
 -71.455002   41.732399
 -71.450996   41.739601
 -71.444397   41.740299
 -71.446907   41.748402
 -71.440598   41.752701
 -71.441505   41.757999
 -71.434402   41.761101
 -71.433105   41.759201
 -71.428001   41.760300
 -71.421204   41.764599
 -71.418999   41.761700
 -71.410706   41.766201
 -71.400505   41.767899
 -71.395401   41.764099
 -71.388397   41.763599
 -71.384689   41.757492
 -71.378799   41.755100
 -71.365799   41.735500
 -71.349648   41.719906
 -71.362373   41.714172
 -71.366409   41.708416
 -71.364105   41.702080
 -71.366409   41.696899
 -71.363243   41.691715
 -71.364677   41.687977
 -71.369865   41.685959
 -71.373611   41.672714
 -71.378784   41.666096
 -71.390594   41.671570
 -71.392319   41.683945
 -71.418221   41.683655
 -71.449318   41.687401
 -71.450470   41.684807
 -71.440392   41.666672
 -71.435783   41.666096
 -71.426285   41.670418
 -71.409302   41.662643
 -71.411324   41.659477
 -71.409515   41.653843
 -71.424103   41.653702
 -71.442398   41.644901
 -71.452202   41.629299
 -71.459106   41.637402
 -71.462303   41.638100
 -71.467705   41.633999
 -71.480202   41.628899
 -71.479599   41.624298
 -71.488197   41.616402
 -71.484703   41.602501
 -71.522903   41.602200
 -71.546745   41.601780
 -71.789841   41.596813
 -71.788361   41.639816
 -71.787483   41.655891

Newport
RI
145
 -71.196198   41.674999
 -71.176506   41.671299
 -71.176598   41.667999
 -71.133400   41.660000
 -71.136200   41.628300
 -71.140984   41.623791
 -71.142021   41.615974
 -71.139198   41.603802
 -71.132126   41.593815
 -71.128304   41.563007
 -71.122070   41.496929
 -71.137802   41.493778
 -71.141426   41.488770
 -71.141701   41.482086
 -71.147263   41.480976
 -71.146713   41.478191
 -71.168427   41.471233
 -71.170647   41.467056
 -71.169258   41.460934
 -71.184570   41.460377
 -71.192642   41.458153
 -71.195984   41.453697
 -71.195702   41.463440
 -71.192917   41.463997
 -71.190414   41.477913
 -71.200432   41.496284
 -71.206833   41.498791
 -71.203217   41.513264
 -71.208786   41.528015
 -71.205444   41.539989
 -71.207115   41.543327
 -71.212418   41.545334
 -71.217415   41.547222
 -71.213242   41.558361
 -71.210739   41.558636
 -71.209343   41.581463
 -71.215744   41.585915
 -71.211006   41.590092
 -71.210175   41.594543
 -71.206001   41.594826
 -71.204887   41.597054
 -71.212677   41.611523
 -71.219925   41.616020
 -71.228821   41.621544
 -71.236343   41.620987
 -71.241074   41.619595
 -71.243576   41.585915
 -71.235229   41.575340
 -71.238007   41.554741
 -71.234390   41.552235
 -71.237457   41.535534
 -71.227989   41.528297
 -71.234764   41.515503
 -71.247475   41.491493
 -71.247864   41.490757
 -71.248032   41.490440
 -71.245636   41.488045
 -71.243423   41.485832
 -71.243301   41.485706
 -71.241074   41.486012
 -71.237305   41.486301
 -71.238663   41.480736
 -71.239861   41.476063
 -71.242683   41.474369
 -71.248062   41.471767
 -71.248550   41.471714
 -71.247322   41.477669
 -71.246643   41.480976
 -71.262184   41.487675
 -71.264732   41.488770
 -71.265236   41.488308
 -71.268951   41.484894
 -71.275032   41.479305
 -71.275467   41.479424
 -71.280464   41.483822
 -71.283104   41.487934
 -71.284996   41.487812
 -71.286797   41.489399
 -71.297600   41.485001
 -71.297577   41.484318
 -71.297035   41.468590
 -71.299904   41.467548
 -71.301483   41.467056
 -71.301506   41.466972
 -71.303162   41.460613
 -71.303757   41.458332
 -71.308403   41.451401
 -71.310814   41.451191
 -71.313728   41.451191
 -71.324585   41.458984
 -71.335159   41.449520
 -71.338203   41.448818
 -71.338776   41.448689
 -71.341316   41.452995
 -71.341560   41.453419
 -71.341881   41.453316
 -71.356033   41.448689
 -71.362991   41.459541
 -71.362854   41.460209
 -71.361877   41.464832
 -71.361816   41.464859
 -71.354668   41.468151
 -71.349724   41.470425
 -71.347961   41.471233
 -71.344810   41.473671
 -71.339333   41.477913
 -71.339333   41.479248
 -71.339333   41.480976
 -71.338707   41.481052
 -71.337105   41.481251
 -71.334320   41.470955
 -71.317627   41.478474
 -71.319847   41.487934
 -71.322632   41.488770
 -71.323463   41.501572
 -71.330986   41.507420
 -71.331528   41.517918
 -71.331535   41.517998
 -71.331413   41.518089
 -71.329536   41.519497
 -71.324860   41.523006
 -71.322739   41.522461
 -71.314003   41.520226
 -71.313980   41.521561
 -71.313965   41.522469
 -71.313728   41.534977
 -71.311127   41.540379
 -71.311493   41.546669
 -71.301163   41.562000
 -71.294800   41.571442
 -71.286171   41.576172
 -71.288391   41.584522
 -71.286728   41.592876
 -71.281158   41.594269
 -71.272804   41.610130
 -71.275871   41.619041
 -71.271965   41.624329
 -71.265846   41.624607
 -71.254990   41.637131
 -71.249985   41.639080
 -71.236626   41.638248
 -71.223259   41.651890
 -71.217972   41.643257
 -71.214752   41.643391
 -71.211288   41.643536

Newport
RI
32
 -71.326103   41.578583
 -71.331200   41.580318
 -71.337051   41.587219
 -71.334457   41.605644
 -71.329559   41.609097
 -71.326103   41.624069
 -71.333305   41.629536
 -71.344818   41.632130
 -71.347694   41.630978
 -71.352013   41.633858
 -71.354607   41.647095
 -71.357491   41.651127
 -71.360939   41.649399
 -71.363243   41.650841
 -71.367271   41.660629
 -71.352013   41.659763
 -71.348274   41.662067
 -71.349136   41.665234
 -71.344818   41.666672
 -71.344818   41.662357
 -71.337624   41.657459
 -71.339066   41.653145
 -71.336182   41.647961
 -71.342514   41.644791
 -71.343666   41.639900
 -71.330711   41.632992
 -71.317184   41.630402
 -71.308258   41.625507
 -71.304512   41.617443
 -71.306236   41.600746
 -71.317474   41.583187
 -71.326103   41.578583

Newport
RI
32
 -71.400436   41.448536
 -71.401161   41.459782
 -71.395447   41.468884
 -71.401337   41.490128
 -71.396873   41.494232
 -71.396698   41.492268
 -71.390808   41.492447
 -71.379387   41.504585
 -71.391693   41.514580
 -71.392197   41.525799
 -71.386520   41.539749
 -71.384201   41.558849
 -71.379021   41.567772
 -71.371170   41.573483
 -71.363670   41.569916
 -71.360458   41.548317
 -71.364922   41.536892
 -71.361351   41.525467
 -71.366348   41.514580
 -71.364204   41.510296
 -71.360458   41.510654
 -71.358322   41.507977
 -71.367065   41.494949
 -71.360107   41.482098
 -71.355103   41.479240
 -71.359566   41.476383
 -71.372772   41.476917
 -71.384735   41.463531
 -71.389015   41.465492
 -71.390984   41.464066
 -71.390625   41.454964
 -71.400436   41.448536

Providence
RI
55
 -71.799728   42.007969
 -71.681473   42.011375
 -71.606743   42.013268
 -71.591263   42.013634
 -71.563103   42.014198
 -71.529404   42.014900
 -71.498505   42.017101
 -71.458603   42.017700
 -71.381905   42.018700
 -71.381798   41.984901
 -71.382103   41.916199
 -71.382202   41.893101
 -71.339203   41.898300
 -71.341301   41.881500
 -71.334908   41.861198
 -71.342705   41.844700
 -71.335701   41.835400
 -71.345398   41.827900
 -71.347702   41.823002
 -71.339401   41.808201
 -71.341202   41.798199
 -71.334396   41.794399
 -71.329399   41.787899
 -71.328400   41.780399
 -71.318306   41.776001
 -71.354401   41.751202
 -71.357506   41.741501
 -71.365799   41.735500
 -71.378799   41.755100
 -71.384689   41.757492
 -71.388397   41.763599
 -71.395401   41.764099
 -71.400505   41.767899
 -71.410706   41.766201
 -71.418999   41.761700
 -71.421204   41.764599
 -71.428001   41.760300
 -71.433105   41.759201
 -71.434402   41.761101
 -71.441505   41.757999
 -71.440598   41.752701
 -71.446907   41.748402
 -71.444397   41.740299
 -71.450996   41.739601
 -71.455002   41.732399
 -71.484306   41.731499
 -71.534508   41.729900
 -71.545403   41.729900
 -71.668991   41.727322
 -71.790169   41.724636
 -71.791740   41.774399
 -71.795166   41.854313
 -71.797310   41.904346
 -71.798264   41.928455
 -71.798386   41.932285

Washington
RI
95
 -71.789841   41.596813
 -71.546745   41.601780
 -71.522903   41.602200
 -71.484703   41.602501
 -71.488197   41.616402
 -71.479599   41.624298
 -71.480202   41.628899
 -71.467705   41.633999
 -71.462303   41.638100
 -71.459106   41.637402
 -71.452202   41.629299
 -71.442398   41.644901
 -71.424103   41.653702
 -71.409515   41.653843
 -71.407700   41.648190
 -71.409477   41.641407
 -71.406982   41.631420
 -71.402344   41.625351
 -71.407333   41.622143
 -71.405197   41.616791
 -71.410904   41.610012
 -71.414124   41.610012
 -71.416618   41.604305
 -71.414474   41.601803
 -71.404488   41.602165
 -71.403770   41.589321
 -71.429108   41.583969
 -71.437660   41.576832
 -71.439445   41.570408
 -71.443375   41.567200
 -71.435883   41.558281
 -71.427673   41.556850
 -71.430168   41.550426
 -71.423752   41.538300
 -71.417686   41.535442
 -71.414474   41.518318
 -71.419754   41.503864
 -71.421249   41.499767
 -71.418404   41.472652
 -71.421249   41.469795
 -71.422684   41.472298
 -71.430527   41.470512
 -71.430168   41.461594
 -71.426247   41.455883
 -71.433739   41.444466
 -71.439445   41.439827
 -71.443375   41.442680
 -71.456215   41.431980
 -71.453011   41.408787
 -71.461571   41.401653
 -71.464424   41.394516
 -71.467995   41.394161
 -71.484047   41.370968
 -71.481903   41.359196
 -71.488327   41.360981
 -71.497246   41.369900
 -71.506882   41.373825
 -71.523697   41.375664
 -71.529709   41.376320
 -71.536850   41.373108
 -71.556831   41.373108
 -71.598930   41.363831
 -71.625328   41.360622
 -71.626595   41.360043
 -71.637817   41.354912
 -71.691689   41.341354
 -71.713455   41.331009
 -71.730484   41.331009
 -71.731651   41.331009
 -71.752342   41.325298
 -71.771255   41.327801
 -71.833687   41.314957
 -71.855095   41.306393
 -71.862595   41.309242
 -71.859177   41.314137
 -71.859505   41.320499
 -71.859688   41.320961
 -71.857101   41.321602
 -71.829102   41.342098
 -71.831596   41.351601
 -71.836304   41.353600
 -71.838501   41.358700
 -71.837997   41.365597
 -71.832199   41.370300
 -71.831444   41.378799
 -71.834267   41.388195
 -71.842613   41.395260
 -71.843323   41.408131
 -71.840134   41.412022
 -71.834366   41.411587
 -71.818878   41.419498
 -71.801811   41.415382
 -71.798073   41.416458
 -71.793747   41.505455
 -71.792061   41.545403

Washington
RI
23
 -71.600601   41.146759
 -71.612289   41.152897
 -71.613861   41.159431
 -71.606346   41.181999
 -71.595459   41.188335
 -71.592285   41.198036
 -71.588531   41.198231
 -71.581398   41.203381
 -71.577438   41.219810
 -71.578033   41.231888
 -71.571106   41.226147
 -71.561981   41.224403
 -71.554672   41.212883
 -71.564575   41.195660
 -71.566551   41.183979
 -71.561600   41.175865
 -71.555275   41.172691
 -71.551109   41.166756
 -71.545174   41.164970
 -71.546951   41.154285
 -71.551109   41.151318
 -71.567146   41.148148
 -71.600601   41.146759

