-104.057205   42.480045
 -96.436279   45.945313
66

Aurora
SD
11
 -98.807404   43.935226
 -98.331230   43.937885
 -98.331238   43.851166
 -98.325012   43.851189
 -98.324799   43.586552
 -98.320168   43.498833
 -98.705421   43.499329
 -98.794342   43.499428
 -98.796547   43.843323
 -98.796761   43.848602
 -98.806419   43.848492

Beadle
SD
10
 -98.705429   44.634148
 -97.977333   44.631721
 -97.855888   44.631172
 -97.855949   44.544331
 -97.852882   44.544289
 -97.853302   44.195190
 -98.331505   44.196709
 -98.700439   44.196758
 -98.700989   44.547218
 -98.705315   44.547195

Bennett
SD
8
-102.110382   43.389908
-101.673798   43.388809
-101.227837   43.389267
-101.227463   42.997871
-101.625000   42.996235
-102.082123   42.999359
-102.081001   43.129189
-102.108406   43.129181

Bon Homme
SD
117
 -98.079735   43.168316
 -97.637489   43.168671
 -97.634979   42.851761
 -97.661705   42.843815
 -97.686165   42.842438
 -97.720116   42.847439
 -97.774109   42.849777
 -97.816727   42.861786
 -97.828156   42.868801
 -97.857613   42.865097
 -97.875252   42.858459
 -97.875504   42.847729
 -97.888214   42.817253
 -97.908638   42.794907
 -97.921089   42.788353
 -97.934448   42.776951
 -97.949799   42.769619
 -97.977242   42.769924
 -97.990494   42.765076
 -98.012695   42.762299
 -98.034691   42.764202
 -98.056274   42.770779
 -98.067039   42.784760
 -98.094223   42.799313
 -98.111916   42.813370
 -98.127136   42.820129
 -98.146584   42.839825
 -98.152756   42.838989
 -98.153313   42.846569
 -98.162483   42.850025
 -98.154144   42.855099
 -98.153397   42.851372
 -98.150383   42.853382
 -98.147369   42.849522
 -98.145378   42.853703
 -98.137726   42.857632
 -98.140488   42.861271
 -98.139122   42.864746
 -98.129791   42.865772
 -98.131561   42.869045
 -98.123352   42.868607
 -98.123169   42.871399
 -98.116699   42.869389
 -98.116051   42.873596
 -98.118668   42.875000
 -98.113258   42.879204
 -98.115463   42.883091
 -98.111526   42.894485
 -98.115105   42.897137
 -98.113586   42.899609
 -98.117752   42.900795
 -98.116165   42.903927
 -98.122490   42.906765
 -98.123116   42.910740
 -98.114861   42.910675
 -98.112999   42.911800
 -98.116425   42.913811
 -98.110695   42.913490
 -98.113937   42.917152
 -98.109581   42.923077
 -98.105942   42.923630
 -98.107719   42.927650
 -98.113235   42.929001
 -98.112022   42.933048
 -98.108383   42.933369
 -98.113617   42.937347
 -98.103218   42.938152
 -98.105644   42.942631
 -98.108330   42.942860
 -98.107307   42.947639
 -98.102539   42.949722
 -98.103699   42.953453
 -98.101234   42.952541
 -98.100929   42.958324
 -98.097343   42.959354
 -98.098595   42.963310
 -98.094360   42.964958
 -98.098503   42.968506
 -98.092430   42.973927
 -98.096268   42.975319
 -98.096268   42.978291
 -98.093613   42.978889
 -98.100784   42.982548
 -98.101463   42.988831
 -98.105026   42.990208
 -98.103249   42.992725
 -98.106178   42.992355
 -98.106773   42.998531
 -98.110420   42.997250
 -98.113922   43.006062
 -98.110741   43.006767
 -98.111000   43.013607
 -98.107567   43.014069
 -98.110100   43.022736
 -98.104683   43.024452
 -98.104240   43.027222
 -98.096199   43.026974
 -98.094521   43.029854
 -98.102440   43.037125
 -98.102921   43.056541
 -98.106354   43.059284
 -98.104950   43.061707
 -98.108322   43.064728
 -98.107018   43.069439
 -98.109985   43.073441
 -98.105209   43.077881
 -98.109024   43.082455
 -98.105804   43.083687
 -98.109398   43.087551
 -98.106125   43.093937
 -98.107414   43.101982
 -98.102951   43.105465
 -98.104889   43.109261
 -98.102646   43.112694
 -98.095398   43.115025
 -98.092468   43.119076
 -98.089478   43.152527

Brookings
SD
6
 -96.885178   44.543716
 -96.451691   44.543571
 -96.452454   44.196926
 -96.888985   44.195896
 -97.129257   44.195934
 -97.127823   44.543068

Brown
SD
10
 -98.724098   45.938816
 -98.414146   45.936531
 -98.007828   45.936131
 -97.978401   45.935902
 -97.979301   45.588638
 -97.980911   45.240429
 -98.717354   45.243786
 -98.722221   45.243847
 -98.721657   45.591270
 -98.724586   45.591286

Brule
SD
41
 -98.926880   43.935146
 -98.807404   43.935226
 -98.806419   43.848492
 -98.796761   43.848602
 -98.796547   43.843323
 -98.794342   43.499428
 -99.297501   43.499855
 -99.283974   43.515251
 -99.282005   43.529400
 -99.295280   43.542126
 -99.323395   43.561131
 -99.336472   43.574913
 -99.343079   43.615967
 -99.350983   43.634964
 -99.360001   43.647648
 -99.375000   43.656857
 -99.382751   43.658211
 -99.403656   43.657146
 -99.429016   43.651985
 -99.452080   43.653572
 -99.460548   43.657269
 -99.468719   43.672810
 -99.468399   43.675667
 -99.454201   43.687950
 -99.421410   43.696320
 -99.407478   43.703117
 -99.409370   43.710800
 -99.406998   43.727291
 -99.418625   43.744831
 -99.409767   43.774624
 -99.401466   43.780197
 -99.365868   43.792439
 -99.335533   43.822903
 -99.308144   43.858875
 -99.309174   43.866993
 -99.316711   43.875000
 -99.328888   43.882759
 -99.351845   43.892319
 -99.361473   43.903107
 -99.362801   43.915363
 -99.355728   43.933575

Buffalo
SD
21
 -99.299484   44.194839
 -98.926041   44.196632
 -98.926880   43.935146
 -99.355728   43.933575
 -99.349632   43.946476
 -99.345490   43.969566
 -99.345619   43.981457
 -99.353333   43.995335
 -99.379478   44.014095
 -99.427284   44.042809
 -99.449532   44.048481
 -99.510956   44.055000
 -99.539131   44.073341
 -99.558044   44.091984
 -99.561829   44.099506
 -99.561096   44.107681
 -99.553619   44.127781
 -99.540253   44.150150
 -99.540359   44.158524
 -99.550850   44.171227
 -99.576309   44.192513

Butte
SD
78
-104.039467   45.212936
-102.957283   45.212650
-102.957085   45.039257
-102.958199   44.690628
-102.963196   44.690624
-102.963669   44.604301
-103.567009   44.604176
-103.820152   44.604794
-103.827606   44.601181
-103.825935   44.593182
-103.837395   44.593842
-103.833427   44.590000
-103.837265   44.590614
-103.841553   44.587437
-103.849678   44.592167
-103.853294   44.591366
-103.852081   44.589035
-103.854675   44.587639
-103.854477   44.590473
-103.857582   44.588711
-103.863091   44.589760
-103.863686   44.586536
-103.870995   44.595039
-103.873901   44.594307
-103.873619   44.596455
-103.887924   44.598976
-103.893250   44.594059
-103.892960   44.596989
-103.896378   44.597332
-103.897308   44.594109
-103.906685   44.593334
-103.903809   44.590340
-103.906975   44.586956
-103.915550   44.590019
-103.916733   44.588146
-103.918976   44.589226
-103.919395   44.584236
-103.923325   44.586937
-103.927040   44.583206
-103.930977   44.585083
-103.929604   44.583324
-103.932510   44.583439
-103.933411   44.579414
-103.939835   44.582615
-103.947098   44.577381
-103.945686   44.580055
-103.954262   44.577381
-103.953720   44.579208
-103.962807   44.577583
-103.966934   44.581947
-103.970451   44.579502
-103.969551   44.577171
-103.972527   44.577991
-103.971825   44.580372
-103.979057   44.579224
-103.979378   44.581673
-103.986153   44.576160
-103.989357   44.578949
-103.989128   44.576138
-103.998215   44.578121
-104.002205   44.573341
-104.011131   44.575062
-104.015343   44.580296
-104.016434   44.577095
-104.021965   44.578102
-104.025459   44.582909
-104.025200   44.579544
-104.027603   44.580231
-104.028687   44.577236
-104.033829   44.581127
-104.040688   44.575321
-104.045509   44.574291
-104.049065   44.576649
-104.049286   44.574108
-104.051399   44.574703
-104.055458   44.570877
-104.057205   44.997444
-104.039192   44.998055

Campbell
SD
24
-100.498688   45.943600
 -99.879898   45.941689
 -99.717682   45.940929
 -99.717072   45.593445
-100.429932   45.594849
-100.423058   45.618156
-100.423981   45.625000
-100.419899   45.625000
-100.416908   45.634857
-100.406639   45.650219
-100.387520   45.659630
-100.344864   45.661617
-100.320152   45.671513
-100.308632   45.689720
-100.308769   45.707920
-100.350761   45.771854
-100.375000   45.815926
-100.381813   45.838581
-100.380081   45.858139
-100.386475   45.869102
-100.416924   45.883961
-100.430702   45.897285
-100.461777   45.919521
-100.488014   45.930225

Charles Mix
SD
156
 -99.297623   43.499668
 -99.297501   43.499855
 -98.794342   43.499428
 -98.705421   43.499329
 -98.706467   43.370174
 -98.680305   43.371067
 -98.680328   43.373165
 -98.109200   43.197395
 -98.068993   43.184887
 -98.079735   43.168316
 -98.089478   43.152527
 -98.092468   43.119076
 -98.095398   43.115025
 -98.102646   43.112694
 -98.104889   43.109261
 -98.102951   43.105465
 -98.107414   43.101982
 -98.106125   43.093937
 -98.109398   43.087551
 -98.105804   43.083687
 -98.109024   43.082455
 -98.105209   43.077881
 -98.109985   43.073441
 -98.107018   43.069439
 -98.108322   43.064728
 -98.104950   43.061707
 -98.106354   43.059284
 -98.102921   43.056541
 -98.102440   43.037125
 -98.094521   43.029854
 -98.096199   43.026974
 -98.104240   43.027222
 -98.104683   43.024452
 -98.110100   43.022736
 -98.107567   43.014069
 -98.111000   43.013607
 -98.110741   43.006767
 -98.113922   43.006062
 -98.110420   42.997250
 -98.106773   42.998531
 -98.106178   42.992355
 -98.103249   42.992725
 -98.105026   42.990208
 -98.101463   42.988831
 -98.100784   42.982548
 -98.093613   42.978889
 -98.096268   42.978291
 -98.096268   42.975319
 -98.092430   42.973927
 -98.098503   42.968506
 -98.094360   42.964958
 -98.098595   42.963310
 -98.097343   42.959354
 -98.100929   42.958324
 -98.101234   42.952541
 -98.103699   42.953453
 -98.102539   42.949722
 -98.107307   42.947639
 -98.108330   42.942860
 -98.105644   42.942631
 -98.103218   42.938152
 -98.113617   42.937347
 -98.108383   42.933369
 -98.112022   42.933048
 -98.113235   42.929001
 -98.107719   42.927650
 -98.105942   42.923630
 -98.109581   42.923077
 -98.113937   42.917152
 -98.110695   42.913490
 -98.116425   42.913811
 -98.112999   42.911800
 -98.114861   42.910675
 -98.123116   42.910740
 -98.122490   42.906765
 -98.116165   42.903927
 -98.117752   42.900795
 -98.113586   42.899609
 -98.115105   42.897137
 -98.111526   42.894485
 -98.115463   42.883091
 -98.113258   42.879204
 -98.118668   42.875000
 -98.116051   42.873596
 -98.116699   42.869389
 -98.123169   42.871399
 -98.123352   42.868607
 -98.131561   42.869045
 -98.129791   42.865772
 -98.139122   42.864746
 -98.140488   42.861271
 -98.137726   42.857632
 -98.145378   42.853703
 -98.147369   42.849522
 -98.150383   42.853382
 -98.153397   42.851372
 -98.154144   42.855099
 -98.162483   42.850025
 -98.153313   42.846569
 -98.152756   42.838989
 -98.170761   42.837116
 -98.189407   42.841633
 -98.219475   42.853161
 -98.251457   42.872829
 -98.279648   42.875000
 -98.309364   42.882599
 -98.329308   42.888443
 -98.337631   42.897762
 -98.345871   42.902752
 -98.420387   42.931927
 -98.430573   42.931507
 -98.436928   42.928394
 -98.444923   42.929920
 -98.447952   42.936432
 -98.467003   42.947559
 -98.490128   42.977951
 -98.498192   42.998566
 -98.501747   43.012283
 -98.514435   43.029411
 -98.526810   43.041260
 -98.556953   43.058933
 -98.615410   43.074001
 -98.652641   43.071285
 -98.690094   43.076561
 -98.714211   43.088921
 -98.730919   43.105186
 -98.750000   43.129539
 -98.773048   43.145924
 -98.800255   43.151287
 -98.853195   43.154613
 -98.865234   43.159550
 -98.871223   43.165936
 -98.877213   43.179985
 -98.877365   43.226643
 -98.887459   43.243214
 -98.902191   43.247627
 -98.950005   43.248856
 -98.980888   43.258949
 -99.019951   43.290703
 -99.037254   43.299255
 -99.068916   43.320690
 -99.085876   43.339329
 -99.092201   43.353706
 -99.105530   43.370949
 -99.126015   43.380623
 -99.137367   43.396259
 -99.139252   43.407299
 -99.148094   43.422081
 -99.164413   43.434116
 -99.177345   43.437916
 -99.191010   43.435974
 -99.251007   43.436520
 -99.280426   43.444798
 -99.304939   43.461140
 -99.309692   43.467937
 -99.309479   43.477749

Clark
SD
14
 -97.981377   45.153309
 -97.493973   45.151432
 -97.494301   44.934784
 -97.493820   44.891373
 -97.490891   44.891350
 -97.490936   44.804070
 -97.491814   44.543919
 -97.852882   44.544289
 -97.855949   44.544331
 -97.855888   44.631172
 -97.977333   44.631721
 -97.977097   44.892399
 -97.982658   44.892376
 -97.982834   44.906849

Clay
SD
21
 -96.923805   43.083618
 -96.805328   43.083393
 -96.805901   42.704155
 -96.843102   42.712029
 -96.860123   42.720798
 -96.886528   42.725224
 -96.906479   42.733803
 -96.923843   42.730328
 -96.948586   42.719467
 -96.961258   42.719845
 -96.965515   42.727100
 -96.960541   42.739094
 -96.968559   42.754280
 -96.979774   42.760349
 -97.015434   42.761333
 -97.065262   42.772190
 -97.112320   42.769131
 -97.129929   42.771545
 -97.144272   42.790115
 -97.160027   42.799706
 -97.159920   43.083164

Codington
SD
9
 -97.493973   45.151432
 -97.226135   45.151829
 -96.883179   45.150257
 -96.882019   44.976864
 -96.884369   44.804459
 -97.490936   44.804070
 -97.490891   44.891350
 -97.493820   44.891373
 -97.494301   44.934784

Corson
SD
41
-102.000229   45.944515
-101.998283   45.944557
-101.428986   45.943756
-100.511383   45.943661
-100.498688   45.943600
-100.488014   45.930225
-100.461777   45.919521
-100.430702   45.897285
-100.416924   45.883961
-100.386475   45.869102
-100.380081   45.858139
-100.381813   45.838581
-100.375000   45.815926
-100.350761   45.771854
-100.308769   45.707920
-100.308632   45.689720
-100.320152   45.671513
-100.344864   45.661617
-100.387520   45.659630
-100.406639   45.650219
-100.416908   45.634857
-100.419899   45.625000
-100.423981   45.625000
-100.423058   45.618156
-100.429932   45.594849
-100.440491   45.578999
-100.454155   45.570217
-100.466293   45.565830
-100.482101   45.551502
-100.485863   45.536469
-100.480133   45.527393
-100.471199   45.519753
-100.446251   45.510246
-100.408669   45.508709
-100.390793   45.511845
-100.381248   45.510525
-100.364403   45.500000
-100.341171   45.472824
-100.976952   45.472233
-101.469765   45.472637
-101.999649   45.472492

Custer
SD
65
-104.055000   43.853500
-102.686745   43.855614
-102.686714   43.852089
-102.693214   43.847927
-102.687782   43.840797
-102.698357   43.823124
-102.700470   43.811993
-102.695427   43.797634
-102.705620   43.797131
-102.707222   43.789497
-102.725235   43.775799
-102.737373   43.771748
-102.737846   43.768524
-102.733047   43.764183
-102.751320   43.752670
-102.757950   43.740932
-102.769402   43.738949
-102.772713   43.734512
-102.770126   43.729115
-102.776657   43.726807
-102.777885   43.720341
-102.784454   43.722282
-102.791458   43.721432
-102.794731   43.713303
-102.803108   43.709785
-102.800400   43.698719
-102.810806   43.697132
-102.816437   43.691219
-102.815498   43.688889
-102.809830   43.688145
-102.808212   43.683289
-102.815590   43.673389
-102.813354   43.667377
-102.822899   43.664631
-102.825439   43.658527
-102.830200   43.656677
-102.846039   43.665428
-102.849442   43.659142
-102.856239   43.658268
-102.861443   43.660027
-102.863274   43.668968
-102.872185   43.667019
-102.881783   43.671204
-102.901215   43.674915
-102.909813   43.674461
-102.908150   43.666916
-102.910980   43.663624
-102.919357   43.661266
-102.917946   43.656033
-102.923454   43.651257
-102.921577   43.640488
-102.929031   43.636944
-102.932053   43.631161
-102.926201   43.625694
-102.931297   43.619331
-102.957916   43.613388
-102.964401   43.616859
-102.975548   43.618553
-102.982529   43.610477
-102.992119   43.611271
-102.995071   43.607407
-103.000603   43.605972
-103.000328   43.476864
-104.054337   43.477840
-104.054298   43.503101

Davison
SD
6
 -98.325012   43.851189
 -97.967171   43.850590
 -97.964294   43.499374
 -98.114243   43.498455
 -98.320168   43.498833
 -98.324799   43.586552

Day
SD
9
 -97.979301   45.588638
 -97.372795   45.587669
 -97.364273   45.558762
 -97.226601   45.558201
 -97.226166   45.297768
 -97.226135   45.151829
 -97.493973   45.151432
 -97.981377   45.153309
 -97.980911   45.240429

Deuel
SD
7
 -96.882019   44.976864
 -96.451759   44.977512
 -96.451233   44.805504
 -96.451431   44.631233
 -96.451691   44.543571
 -96.885178   44.543716
 -96.884369   44.804459

Dewey
SD
102
-101.469765   45.472637
-100.976952   45.472233
-100.341171   45.472824
-100.329910   45.442219
-100.299461   45.416004
-100.273506   45.381165
-100.281921   45.355331
-100.307823   45.332088
-100.316246   45.317917
-100.306976   45.291920
-100.269081   45.262543
-100.259819   45.246822
-100.257103   45.235691
-100.274582   45.198296
-100.278595   45.158909
-100.290314   45.138393
-100.323769   45.101635
-100.326187   45.090881
-100.323448   45.074181
-100.316093   45.059303
-100.301338   45.046097
-100.281166   45.033421
-100.277618   45.027725
-100.278976   45.020088
-100.289047   45.014488
-100.311821   45.015217
-100.362770   45.029121
-100.377243   45.030121
-100.389603   45.027184
-100.407967   45.011833
-100.423012   44.992073
-100.423546   44.975815
-100.415321   44.923565
-100.404343   44.897713
-100.392593   44.875000
-100.393677   44.867332
-100.402313   44.856861
-100.418274   44.843384
-100.458374   44.825504
-100.479477   44.813210
-100.514450   44.783672
-100.529877   44.766029
-100.548027   44.760139
-100.610550   44.770119
-100.641319   44.791862
-100.666397   44.816933
-100.679054   44.824612
-100.697556   44.828880
-100.713654   44.822361
-100.725914   44.801693
-100.727837   44.781651
-100.717224   44.770947
-100.726913   44.765087
-100.735992   44.763741
-100.739578   44.767849
-100.735909   44.774395
-100.740906   44.776138
-100.749771   44.774796
-100.752739   44.773029
-100.750534   44.762344
-100.770180   44.758209
-100.775726   44.761223
-100.770729   44.767448
-100.774139   44.772167
-100.797638   44.763493
-100.797852   44.770172
-100.811714   44.767998
-100.817368   44.779964
-100.829559   44.783203
-100.836304   44.782211
-100.843178   44.776928
-100.853432   44.780666
-100.860001   44.776997
-100.887794   44.769680
-100.892014   44.770565
-100.895401   44.777824
-100.910812   44.783585
-100.911545   44.775875
-100.916931   44.769569
-100.930702   44.766884
-100.939537   44.762466
-100.954872   44.765465
-100.958000   44.761879
-100.954758   44.754337
-100.975647   44.750984
-100.981102   44.738094
-100.987434   44.731869
-100.998032   44.739311
-101.006165   44.728638
-101.022400   44.724030
-101.035751   44.727291
-101.055389   44.739983
-101.062775   44.742336
-101.080383   44.738457
-101.092613   44.738831
-101.136749   44.747070
-101.136452   44.993851
-101.500488   44.993725
-101.500648   45.038231
-101.485718   45.038212
-101.485878   45.385700
-101.469994   45.385658

Douglas
SD
7
 -98.705421   43.499329
 -98.320168   43.498833
 -98.114243   43.498455
 -98.109200   43.197395
 -98.680328   43.373165
 -98.680305   43.371067
 -98.706467   43.370174

Edmunds
SD
6
 -99.707314   45.593407
 -98.724586   45.591286
 -98.721657   45.591270
 -98.722221   45.243847
 -99.573410   45.245388
 -99.708992   45.245705

Fall River
SD
5
-104.054337   43.477840
-103.000328   43.476864
-103.000435   43.000763
-103.504745   43.000801
-104.052643   43.000614

Faulk
SD
6
 -99.573410   45.245388
 -98.722221   45.243847
 -98.717354   45.243786
 -98.716194   44.897087
 -99.311249   44.897160
 -99.572556   44.897423

Grant
SD
13
 -97.226166   45.297768
 -97.007195   45.296906
 -96.992592   45.326920
 -96.470146   45.326580
 -96.467697   45.318657
 -96.461578   45.313919
 -96.453758   45.301582
 -96.452736   45.298153
 -96.452614   45.269096
 -96.451759   44.977512
 -96.882019   44.976864
 -96.883179   45.150257
 -97.226135   45.151829

Gregory
SD
44
 -99.533241   43.499653
 -99.297623   43.499668
 -99.309479   43.477749
 -99.309692   43.467937
 -99.304939   43.461140
 -99.280426   43.444798
 -99.251007   43.436520
 -99.191010   43.435974
 -99.177345   43.437916
 -99.164413   43.434116
 -99.148094   43.422081
 -99.139252   43.407299
 -99.137367   43.396259
 -99.126015   43.380623
 -99.105530   43.370949
 -99.092201   43.353706
 -99.085876   43.339329
 -99.068916   43.320690
 -99.037254   43.299255
 -99.019951   43.290703
 -98.980888   43.258949
 -98.950005   43.248856
 -98.902191   43.247627
 -98.887459   43.243214
 -98.877365   43.226643
 -98.877213   43.179985
 -98.871223   43.165936
 -98.865234   43.159550
 -98.853195   43.154613
 -98.800255   43.151287
 -98.773048   43.145924
 -98.750000   43.129539
 -98.730919   43.105186
 -98.714211   43.088921
 -98.690094   43.076561
 -98.652641   43.071285
 -98.615410   43.074001
 -98.556953   43.058933
 -98.526810   43.041260
 -98.514435   43.029411
 -98.501747   43.012283
 -98.498192   42.998566
 -99.253922   42.998138
 -99.533661   42.998032

Haakon
SD
132
-102.000000   44.511532
-101.995613   44.518917
-101.985352   44.525169
-101.978157   44.522762
-101.973442   44.526859
-101.966705   44.525059
-101.959808   44.528320
-101.945976   44.528671
-101.939125   44.535114
-101.934334   44.531639
-101.923897   44.530064
-101.917442   44.533150
-101.909622   44.532665
-101.888031   44.538574
-101.880821   44.533108
-101.863823   44.532001
-101.856506   44.526718
-101.847069   44.529415
-101.840378   44.527039
-101.836021   44.521690
-101.831490   44.523544
-101.827316   44.531742
-101.816833   44.531544
-101.810776   44.522388
-101.804810   44.525509
-101.805679   44.532890
-101.798492   44.542267
-101.794250   44.543476
-101.784233   44.540798
-101.781593   44.536102
-101.768433   44.543381
-101.764519   44.548611
-101.757790   44.548416
-101.743919   44.555187
-101.742874   44.558525
-101.748833   44.563919
-101.746559   44.567802
-101.737289   44.568863
-101.728424   44.566101
-101.715599   44.572689
-101.716011   44.577919
-101.711967   44.580215
-101.700912   44.574997
-101.690674   44.575344
-101.687538   44.570450
-101.681618   44.571072
-101.675613   44.580372
-101.670906   44.583553
-101.663353   44.584183
-101.660385   44.588154
-101.656082   44.582565
-101.644836   44.585068
-101.639954   44.579445
-101.635124   44.585712
-101.630096   44.586472
-101.626144   44.579880
-101.628777   44.575836
-101.622589   44.572914
-101.609558   44.572231
-101.606323   44.577267
-101.590973   44.573887
-101.575012   44.578209
-101.564568   44.575390
-101.558914   44.569401
-101.554771   44.570190
-101.554062   44.574909
-101.550392   44.575737
-101.544128   44.572086
-101.536255   44.573978
-101.530609   44.567890
-101.514175   44.575512
-101.511627   44.585464
-101.507019   44.585781
-101.500725   44.581257
-101.493584   44.583981
-101.496758   44.599831
-101.489586   44.602901
-101.476242   44.601852
-101.474739   44.606869
-101.468666   44.611816
-101.455376   44.610245
-101.455963   44.613152
-101.464645   44.616180
-101.466362   44.619293
-101.455215   44.628742
-101.454430   44.638042
-101.445427   44.638260
-101.439735   44.643921
-101.430191   44.640541
-101.417091   44.642235
-101.411774   44.643990
-101.409225   44.649208
-101.402046   44.651958
-101.397911   44.656559
-101.389969   44.657684
-101.382790   44.653339
-101.376656   44.658726
-101.364326   44.656441
-101.364571   44.661968
-101.373550   44.670986
-101.371849   44.673817
-101.360268   44.672199
-101.357803   44.673672
-101.362122   44.685009
-101.359467   44.689037
-101.338860   44.683487
-101.332527   44.690666
-101.327812   44.690971
-101.324234   44.681477
-101.318748   44.680534
-101.298347   44.689552
-101.274757   44.685181
-101.265503   44.693447
-101.248962   44.698868
-101.239418   44.698505
-101.234711   44.690594
-101.160919   44.722092
-101.153473   44.728832
-101.148788   44.743450
-101.136749   44.747070
-101.136604   44.690052
-101.154091   44.689964
-101.154770   44.343163
-101.166382   44.343132
-101.166336   44.168098
-101.046494   44.168499
-101.046371   43.994984
-101.063660   43.994942
-102.006905   43.994541
-102.006798   44.343800
-102.000595   44.343800
-102.000595   44.511398

Hamlin
SD
5
 -97.490936   44.804070
 -96.884369   44.804459
 -96.885178   44.543716
 -97.127823   44.543068
 -97.491814   44.543919

Hand
SD
12
 -99.311249   44.897160
 -98.716194   44.897087
 -98.705093   44.897091
 -98.705429   44.634148
 -98.705315   44.547195
 -98.700989   44.547218
 -98.700439   44.196758
 -98.926041   44.196632
 -99.299484   44.194839
 -99.300026   44.547482
 -99.311996   44.547581
 -99.312027   44.549370

Hanson
SD
5
 -97.967171   43.850590
 -97.850891   43.849945
 -97.608055   43.848980
 -97.606728   43.499706
 -97.964294   43.499374

Harding
SD
10
-104.044952   45.945313
-102.994904   45.945164
-102.941597   45.945000
-102.942169   45.732933
-102.949921   45.732716
-102.950432   45.386082
-102.957207   45.386105
-102.957283   45.212650
-104.039467   45.212936
-104.043541   45.881977

Hughes
SD
62
-100.526077   44.547443
 -99.676056   44.548042
 -99.663231   44.547997
 -99.663200   44.217525
 -99.683640   44.214478
 -99.700974   44.203381
 -99.709869   44.193211
 -99.710304   44.184597
 -99.695358   44.172386
 -99.644608   44.165512
 -99.609917   44.148899
 -99.600182   44.133015
 -99.599449   44.118298
 -99.611862   44.103706
 -99.629181   44.097996
 -99.654144   44.101700
 -99.677399   44.110504
 -99.762665   44.135254
 -99.792999   44.133251
 -99.847717   44.124233
 -99.859955   44.123653
 -99.875000   44.126415
 -99.891739   44.134426
 -99.899078   44.142143
 -99.937813   44.195236
 -99.935646   44.204960
 -99.905769   44.225636
 -99.892197   44.239250
 -99.899506   44.255177
 -99.910233   44.261944
 -99.922630   44.266308
 -99.957047   44.264393
 -99.984024   44.268356
-100.015419   44.280804
-100.044136   44.287827
-100.084930   44.308468
-100.111862   44.312668
-100.149857   44.322048
-100.165298   44.324654
-100.191628   44.322636
-100.217598   44.326126
-100.242119   44.326717
-100.274323   44.331867
-100.290886   44.337036
-100.335953   44.343040
-100.357742   44.349236
-100.365074   44.355537
-100.373360   44.380131
-100.384911   44.437984
-100.393417   44.447781
-100.407211   44.457199
-100.471947   44.460747
-100.538780   44.444450
-100.554115   44.446289
-100.569725   44.453007
-100.579613   44.461864
-100.580421   44.465691
-100.574982   44.492825
-100.558868   44.506203
-100.531349   44.515137
-100.520683   44.524178
-100.516266   44.534470

Hutchinson
SD
9
 -97.606728   43.499706
 -97.401154   43.499626
 -97.398918   43.169422
 -97.637489   43.168671
 -98.079735   43.168316
 -98.068993   43.184887
 -98.109200   43.197395
 -98.114243   43.498455
 -97.964294   43.499374

Hyde
SD
14
 -99.674057   44.897640
 -99.572556   44.897423
 -99.311249   44.897160
 -99.312027   44.549370
 -99.311996   44.547581
 -99.300026   44.547482
 -99.299484   44.194839
 -99.576309   44.192513
 -99.593552   44.204060
 -99.612747   44.210384
 -99.631958   44.215675
 -99.663200   44.217525
 -99.663231   44.547997
 -99.676056   44.548042

Jackson
SD
74
-102.006905   43.994541
-101.063660   43.994942
-101.063477   43.841724
-101.070053   43.840549
-101.067596   43.844051
-101.069794   43.845688
-101.075829   43.842251
-101.086525   43.841850
-101.087929   43.843025
-101.082703   43.846947
-101.086296   43.849201
-101.096535   43.843563
-101.105011   43.845837
-101.104233   43.837109
-101.125000   43.843552
-101.127640   43.840420
-101.137154   43.840981
-101.142128   43.833477
-101.133537   43.828899
-101.141937   43.820000
-101.155258   43.816746
-101.160301   43.817657
-101.160889   43.819355
-101.154358   43.820526
-101.153465   43.823654
-101.161026   43.829521
-101.165108   43.829872
-101.162766   43.825459
-101.169334   43.822449
-101.168480   43.810158
-101.171303   43.807243
-101.175102   43.807468
-101.171143   43.815334
-101.175797   43.818714
-101.180199   43.818359
-101.180832   43.814003
-101.174606   43.814735
-101.174530   43.811043
-101.179504   43.812714
-101.182281   43.805370
-101.189606   43.802757
-101.194160   43.804276
-101.197807   43.811378
-101.204712   43.812420
-101.208778   43.806026
-101.217796   43.803215
-101.215569   43.799183
-101.227364   43.796169
-101.226967   43.791489
-101.227837   43.389267
-101.673798   43.388809
-102.110382   43.389908
-102.110374   43.476841
-102.138618   43.476681
-102.138733   43.700809
-102.127357   43.705647
-102.121063   43.704903
-102.115868   43.712837
-102.106987   43.701977
-102.111893   43.692875
-102.108299   43.686092
-102.097336   43.685707
-102.094315   43.689892
-102.094849   43.695351
-102.071381   43.690193
-102.055069   43.689342
-102.043159   43.695744
-102.035973   43.688274
-102.032845   43.689884
-102.036674   43.698689
-102.027130   43.706749
-102.024757   43.713020
-102.018608   43.707886
-102.018723   43.994503

Jerauld
SD
6
 -98.700439   44.196758
 -98.331505   44.196709
 -98.331230   43.937885
 -98.807404   43.935226
 -98.926880   43.935146
 -98.926041   44.196632

Jones
SD
168
-101.046494   44.168499
-100.366798   44.168549
-100.365768   43.846992
-100.338982   43.847073
-100.338562   43.716953
-100.343964   43.718651
-100.348572   43.728542
-100.368858   43.738472
-100.373528   43.736504
-100.379028   43.726540
-100.387123   43.725285
-100.390083   43.728031
-100.417160   43.735401
-100.412781   43.729752
-100.412216   43.723644
-100.418777   43.717037
-100.424011   43.718044
-100.443398   43.731789
-100.454590   43.720879
-100.473488   43.720676
-100.465630   43.729244
-100.469223   43.735970
-100.471733   43.735855
-100.470947   43.731346
-100.474792   43.726887
-100.481674   43.728931
-100.489342   43.737698
-100.501999   43.729057
-100.515594   43.730293
-100.515854   43.741566
-100.522163   43.745888
-100.540962   43.736763
-100.553612   43.737347
-100.561424   43.743176
-100.554337   43.741093
-100.550674   43.742336
-100.552246   43.754829
-100.571999   43.752743
-100.577965   43.764526
-100.590057   43.768997
-100.593765   43.765400
-100.608490   43.759830
-100.611130   43.748352
-100.617790   43.743690
-100.625832   43.743401
-100.636208   43.738525
-100.642166   43.738159
-100.645180   43.740860
-100.637459   43.740566
-100.637550   43.746342
-100.641602   43.748966
-100.650589   43.749199
-100.662758   43.743603
-100.668457   43.735851
-100.653954   43.735313
-100.652840   43.731346
-100.677689   43.722198
-100.676102   43.715649
-100.679047   43.711548
-100.696259   43.716572
-100.696671   43.724194
-100.701866   43.727104
-100.700905   43.723167
-100.705231   43.718697
-100.715469   43.720009
-100.721954   43.711315
-100.726219   43.720482
-100.738113   43.720402
-100.738441   43.717308
-100.727570   43.715107
-100.729591   43.708694
-100.734589   43.707626
-100.743027   43.718781
-100.752983   43.722118
-100.741508   43.729805
-100.745483   43.739052
-100.750267   43.734207
-100.760582   43.739227
-100.755287   43.732357
-100.767532   43.731781
-100.776184   43.724918
-100.790825   43.726265
-100.789963   43.728741
-100.783585   43.727497
-100.775002   43.729855
-100.777359   43.731575
-100.786301   43.730339
-100.794403   43.733730
-100.787506   43.735352
-100.787605   43.740452
-100.789825   43.742065
-100.794319   43.740097
-100.803436   43.743385
-100.804512   43.746960
-100.802574   43.749649
-100.795876   43.747574
-100.796349   43.755447
-100.804489   43.755630
-100.807930   43.766357
-100.824448   43.768108
-100.835052   43.768456
-100.833893   43.762577
-100.838913   43.759228
-100.841438   43.760639
-100.839439   43.766487
-100.845055   43.768284
-100.851379   43.779587
-100.859840   43.787769
-100.864616   43.786804
-100.867851   43.780632
-100.875320   43.781090
-100.876495   43.786278
-100.871597   43.789158
-100.873138   43.798054
-100.876450   43.800842
-100.883240   43.800663
-100.882309   43.794765
-100.884827   43.791656
-100.900986   43.794060
-100.901505   43.796078
-100.893944   43.796665
-100.892448   43.798645
-100.907135   43.800762
-100.911339   43.806900
-100.899612   43.804760
-100.897591   43.812122
-100.903275   43.814301
-100.910904   43.811569
-100.914734   43.813042
-100.918518   43.821980
-100.923569   43.826077
-100.931442   43.830814
-100.940437   43.830532
-100.945267   43.814850
-100.958542   43.809921
-100.959946   43.811623
-100.953606   43.813148
-100.953590   43.817299
-100.962288   43.815876
-100.969231   43.817883
-100.972679   43.826527
-100.970665   43.828453
-100.964882   43.826435
-100.961060   43.827442
-100.960304   43.836269
-100.969429   43.831123
-100.982338   43.833366
-100.980141   43.837704
-100.986137   43.840847
-100.986610   43.849140
-100.995132   43.849800
-101.014183   43.839729
-101.016205   43.843285
-101.023079   43.841579
-101.030403   43.842781
-101.030998   43.847385
-101.024521   43.852352
-101.030472   43.857964
-101.034424   43.851936
-101.039742   43.850880
-101.043594   43.852554
-101.049629   43.851635
-101.052483   43.854496
-101.058159   43.853840
-101.056770   43.847458
-101.063477   43.841724
-101.063660   43.994942
-101.046371   43.994984

Kingsbury
SD
7
 -97.852882   44.544289
 -97.491814   44.543919
 -97.127823   44.543068
 -97.129257   44.195934
 -97.369675   44.195004
 -97.849136   44.195229
 -97.853302   44.195190

Lake
SD
6
 -97.129257   44.195934
 -96.888985   44.195896
 -96.888321   43.848259
 -97.128769   43.848125
 -97.369179   43.848541
 -97.369675   44.195004

Lawrence
SD
78
-104.055458   44.570877
-104.051399   44.574703
-104.049286   44.574108
-104.049065   44.576649
-104.045509   44.574291
-104.040688   44.575321
-104.033829   44.581127
-104.028687   44.577236
-104.027603   44.580231
-104.025200   44.579544
-104.025459   44.582909
-104.021965   44.578102
-104.016434   44.577095
-104.015343   44.580296
-104.011131   44.575062
-104.002205   44.573341
-103.998215   44.578121
-103.989128   44.576138
-103.989357   44.578949
-103.986153   44.576160
-103.979378   44.581673
-103.979057   44.579224
-103.971825   44.580372
-103.972527   44.577991
-103.969551   44.577171
-103.970451   44.579502
-103.966934   44.581947
-103.962807   44.577583
-103.953720   44.579208
-103.954262   44.577381
-103.945686   44.580055
-103.947098   44.577381
-103.939835   44.582615
-103.933411   44.579414
-103.932510   44.583439
-103.929604   44.583324
-103.930977   44.585083
-103.927040   44.583206
-103.923325   44.586937
-103.919395   44.584236
-103.918976   44.589226
-103.916733   44.588146
-103.915550   44.590019
-103.906975   44.586956
-103.903809   44.590340
-103.906685   44.593334
-103.897308   44.594109
-103.896378   44.597332
-103.892960   44.596989
-103.893250   44.594059
-103.887924   44.598976
-103.873619   44.596455
-103.873901   44.594307
-103.870995   44.595039
-103.863686   44.586536
-103.863091   44.589760
-103.857582   44.588711
-103.854477   44.590473
-103.854675   44.587639
-103.852081   44.589035
-103.853294   44.591366
-103.849678   44.592167
-103.841553   44.587437
-103.837265   44.590614
-103.833427   44.590000
-103.837395   44.593842
-103.825935   44.593182
-103.827606   44.601181
-103.820152   44.604794
-103.567009   44.604176
-103.568909   44.346462
-103.568954   44.344265
-103.573822   44.344212
-103.573929   44.256092
-103.452553   44.256622
-103.451981   44.140789
-104.054108   44.141102
-104.054001   44.180401

Lincoln
SD
122
 -96.924332   43.500332
 -96.598610   43.500484
 -96.598068   43.495098
 -96.594398   43.493340
 -96.590126   43.494324
 -96.585953   43.491123
 -96.586830   43.484722
 -96.580673   43.481407
 -96.586037   43.478275
 -96.582176   43.467007
 -96.586853   43.464745
 -96.588455   43.466824
 -96.590088   43.463120
 -96.594139   43.462524
 -96.592972   43.459461
 -96.599716   43.457104
 -96.599464   43.451069
 -96.602287   43.449673
 -96.599045   43.442791
 -96.596008   43.442314
 -96.593056   43.433376
 -96.574867   43.431782
 -96.569901   43.428623
 -96.573257   43.419250
 -96.559990   43.412666
 -96.553291   43.404346
 -96.547508   43.403477
 -96.544914   43.396893
 -96.539520   43.397575
 -96.535355   43.395084
 -96.528831   43.397755
 -96.524010   43.395424
 -96.521255   43.385666
 -96.523987   43.379513
 -96.521011   43.374626
 -96.526154   43.368336
 -96.530373   43.368176
 -96.524902   43.353821
 -96.527199   43.348492
 -96.523972   43.347809
 -96.526825   43.344223
 -96.528984   43.342072
 -96.532272   43.343006
 -96.531364   43.338985
 -96.534592   43.336494
 -96.531219   43.332310
 -96.532784   43.328609
 -96.528557   43.324352
 -96.530571   43.320763
 -96.525467   43.318821
 -96.528343   43.314568
 -96.523651   43.311550
 -96.528915   43.309311
 -96.526474   43.305607
 -96.531578   43.304146
 -96.530075   43.300053
 -96.552765   43.292881
 -96.554207   43.296467
 -96.563972   43.294823
 -96.573242   43.299187
 -96.588577   43.295986
 -96.587227   43.292580
 -96.580086   43.295872
 -96.578773   43.293816
 -96.580971   43.288673
 -96.577271   43.278820
 -96.580582   43.274818
 -96.583214   43.276901
 -96.585999   43.274338
 -96.584908   43.268894
 -96.576485   43.268330
 -96.563850   43.260258
 -96.554649   43.260017
 -96.548706   43.246956
 -96.564934   43.244259
 -96.570877   43.238979
 -96.568192   43.231571
 -96.558594   43.222858
 -96.554626   43.226791
 -96.539780   43.225716
 -96.535423   43.227657
 -96.525986   43.223743
 -96.520111   43.217911
 -96.508453   43.217270
 -96.507767   43.221382
 -96.500854   43.220692
 -96.496147   43.223667
 -96.484711   43.224094
 -96.475601   43.221554
 -96.475945   43.212818
 -96.470314   43.207245
 -96.474464   43.202438
 -96.471779   43.196728
 -96.473518   43.189819
 -96.472076   43.185661
 -96.464584   43.182053
 -96.465294   43.171261
 -96.468857   43.169594
 -96.465576   43.161339
 -96.469101   43.158276
 -96.463547   43.155579
 -96.467880   43.151943
 -96.464790   43.147533
 -96.461510   43.149113
 -96.458702   43.147282
 -96.459663   43.143532
 -96.450050   43.142254
 -96.446808   43.138321
 -96.448174   43.136173
 -96.445213   43.136356
 -96.442398   43.128857
 -96.439873   43.128330
 -96.440498   43.123142
 -96.436279   43.120857
 -96.451813   43.098270
 -96.456345   43.097565
 -96.462296   43.092094
 -96.462326   43.089626
 -96.455032   43.088142
 -96.453751   43.083366
 -96.805328   43.083393
 -96.923805   43.083618

Lyman
SD
190
 -99.663200   44.217525
 -99.631958   44.215675
 -99.612747   44.210384
 -99.593552   44.204060
 -99.576309   44.192513
 -99.550850   44.171227
 -99.540359   44.158524
 -99.540253   44.150150
 -99.553619   44.127781
 -99.561096   44.107681
 -99.561829   44.099506
 -99.558044   44.091984
 -99.539131   44.073341
 -99.510956   44.055000
 -99.449532   44.048481
 -99.427284   44.042809
 -99.379478   44.014095
 -99.353333   43.995335
 -99.345619   43.981457
 -99.345490   43.969566
 -99.349632   43.946476
 -99.355728   43.933575
 -99.362801   43.915363
 -99.361473   43.903107
 -99.351845   43.892319
 -99.328888   43.882759
 -99.316711   43.875000
 -99.309174   43.866993
 -99.308144   43.858875
 -99.335533   43.822903
 -99.365868   43.792439
 -99.401466   43.780197
 -99.409767   43.774624
 -99.418625   43.744831
 -99.406998   43.727291
 -99.409370   43.710800
 -99.407478   43.703117
 -99.421410   43.696320
 -99.454201   43.687950
 -99.468399   43.675667
 -99.468719   43.672810
 -99.460548   43.657269
 -99.452080   43.653572
 -99.429016   43.651985
 -99.403656   43.657146
 -99.382751   43.658211
 -99.375000   43.656857
 -99.360001   43.647648
 -99.350983   43.634964
 -99.343079   43.615967
 -99.336472   43.574913
 -99.323395   43.561131
 -99.295280   43.542126
 -99.282005   43.529400
 -99.283974   43.515251
 -99.297501   43.499855
 -99.297623   43.499668
 -99.533241   43.499653
 -99.623230   43.499802
 -99.623192   43.743412
 -99.633568   43.736240
 -99.641396   43.735718
 -99.642479   43.756252
 -99.655632   43.765701
 -99.663673   43.765404
 -99.666862   43.760944
 -99.661888   43.736229
 -99.668388   43.730167
 -99.684227   43.727882
 -99.690216   43.731060
 -99.689713   43.737076
 -99.681160   43.748352
 -99.684410   43.756649
 -99.691505   43.760399
 -99.696404   43.758842
 -99.705910   43.750000
 -99.711342   43.732342
 -99.728020   43.719345
 -99.734802   43.719826
 -99.739647   43.723305
 -99.736023   43.734295
 -99.740311   43.746922
 -99.750000   43.747822
 -99.761681   43.739597
 -99.763046   43.730328
 -99.757416   43.726135
 -99.755928   43.719624
 -99.745544   43.713631
 -99.745445   43.710300
 -99.757339   43.708645
 -99.771309   43.713371
 -99.780434   43.709770
 -99.799339   43.711235
 -99.797707   43.703785
 -99.801704   43.700592
 -99.839500   43.688705
 -99.852623   43.700603
 -99.859314   43.701237
 -99.861053   43.698479
 -99.853294   43.693726
 -99.850792   43.688690
 -99.862419   43.692001
 -99.872726   43.689095
 -99.861320   43.682133
 -99.863007   43.676991
 -99.871231   43.670837
 -99.888870   43.678452
 -99.884789   43.686008
 -99.890877   43.691349
 -99.893845   43.698936
 -99.897835   43.700821
 -99.902985   43.700012
 -99.927132   43.686478
 -99.931374   43.687450
 -99.933899   43.695511
 -99.954010   43.698154
 -99.955009   43.692852
 -99.961555   43.688618
 -99.971550   43.693245
 -99.981064   43.687126
 -99.985710   43.694714
 -99.997025   43.701656
 -99.999321   43.700886
-100.000000   43.693783
-100.005394   43.692165
-100.009544   43.693722
-100.006531   43.704739
-100.008919   43.707264
-100.016205   43.706757
-100.030693   43.697552
-100.034691   43.702763
-100.040550   43.704491
-100.046684   43.703072
-100.045105   43.696091
-100.049782   43.692219
-100.077141   43.692039
-100.082977   43.685852
-100.086761   43.685196
-100.105370   43.694366
-100.108902   43.686935
-100.113518   43.685341
-100.119049   43.688305
-100.122528   43.696461
-100.132195   43.703194
-100.144402   43.703285
-100.138885   43.697910
-100.139961   43.694523
-100.161499   43.704399
-100.189514   43.706173
-100.196442   43.704655
-100.209457   43.683319
-100.224014   43.697369
-100.224464   43.713272
-100.230438   43.713863
-100.252647   43.702999
-100.258324   43.708485
-100.266441   43.708790
-100.275719   43.698555
-100.283730   43.696842
-100.290276   43.698746
-100.296249   43.706001
-100.303825   43.722431
-100.309013   43.723019
-100.326866   43.715908
-100.338562   43.716953
-100.338982   43.847073
-100.365768   43.846992
-100.366798   44.168549
-100.366837   44.194641
 -99.937813   44.195236
 -99.899078   44.142143
 -99.891739   44.134426
 -99.875000   44.126415
 -99.859955   44.123653
 -99.847717   44.124233
 -99.792999   44.133251
 -99.762665   44.135254
 -99.677399   44.110504
 -99.654144   44.101700
 -99.629181   44.097996
 -99.611862   44.103706
 -99.599449   44.118298
 -99.600182   44.133015
 -99.609917   44.148899
 -99.644608   44.165512
 -99.695358   44.172386
 -99.710304   44.184597
 -99.709869   44.193211
 -99.700974   44.203381
 -99.683640   44.214478

Marshall
SD
6
 -97.978401   45.935902
 -97.227951   45.935181
 -97.226601   45.558201
 -97.364273   45.558762
 -97.372795   45.587669
 -97.979301   45.588638

McCook
SD
6
 -97.608055   43.848980
 -97.369179   43.848541
 -97.128769   43.848125
 -97.129295   43.499619
 -97.401154   43.499626
 -97.606728   43.499706

McPherson
SD
6
 -99.717682   45.940929
 -99.005257   45.939972
 -98.724098   45.938816
 -98.724586   45.591286
 -99.707314   45.593407
 -99.717072   45.593445

Meade
SD
102
-102.957085   45.039257
-101.999619   45.038433
-102.000000   44.511532
-102.000595   44.511398
-102.011353   44.505695
-102.037155   44.503807
-102.045502   44.500000
-102.054001   44.490299
-102.054604   44.481701
-102.062599   44.480900
-102.075500   44.475101
-102.072800   44.465599
-102.083504   44.460701
-102.083504   44.454300
-102.093597   44.454700
-102.098602   44.451698
-102.103996   44.446499
-102.107597   44.436600
-102.129967   44.438507
-102.143661   44.444168
-102.153320   44.445248
-102.159180   44.442825
-102.153366   44.436928
-102.159721   44.428841
-102.189003   44.427208
-102.198326   44.428753
-102.196671   44.434013
-102.221977   44.443729
-102.219666   44.449757
-102.221657   44.452381
-102.254166   44.446777
-102.267349   44.446609
-102.274521   44.450695
-102.279594   44.450298
-102.282440   44.448639
-102.283966   44.441242
-102.292938   44.431995
-102.298370   44.430824
-102.305771   44.434021
-102.305710   44.428787
-102.310463   44.425541
-102.302681   44.420650
-102.305428   44.409157
-102.301277   44.404148
-102.305016   44.392838
-102.298256   44.389568
-102.297821   44.387177
-102.302078   44.383377
-102.297852   44.376926
-102.306061   44.372261
-102.305138   44.367779
-102.313072   44.363415
-102.318138   44.367027
-102.324287   44.367828
-102.326927   44.364376
-102.323486   44.358868
-102.329918   44.357059
-102.341194   44.348789
-102.336128   44.343349
-102.342461   44.340260
-102.341232   44.329639
-102.347389   44.326363
-102.343575   44.322250
-102.348251   44.318180
-102.350487   44.309761
-102.347542   44.304626
-102.358620   44.300758
-102.360931   44.290680
-102.366531   44.285629
-102.367119   44.276691
-102.358398   44.265678
-102.361130   44.262753
-102.367523   44.262039
-102.362556   44.258751
-102.358246   44.248966
-102.365433   44.242428
-102.356552   44.230572
-102.372635   44.221058
-102.372299   44.209511
-102.392189   44.204193
-102.401169   44.175606
-102.399452   44.171925
-102.393509   44.178001
-102.386719   44.174843
-102.387787   44.160007
-102.401237   44.161549
-102.403610   44.157913
-102.402733   44.155514
-102.397118   44.156151
-102.398613   44.150780
-102.387611   44.140198
-102.667847   44.140373
-103.451981   44.140789
-103.452553   44.256622
-103.573929   44.256092
-103.573822   44.344212
-103.568954   44.344265
-103.568909   44.346462
-103.567009   44.604176
-102.963669   44.604301
-102.963196   44.690624
-102.958199   44.690628

Mellette
SD
223
-101.063477   43.841724
-101.056770   43.847458
-101.058159   43.853840
-101.052483   43.854496
-101.049629   43.851635
-101.043594   43.852554
-101.039742   43.850880
-101.034424   43.851936
-101.030472   43.857964
-101.024521   43.852352
-101.030998   43.847385
-101.030403   43.842781
-101.023079   43.841579
-101.016205   43.843285
-101.014183   43.839729
-100.995132   43.849800
-100.986610   43.849140
-100.986137   43.840847
-100.980141   43.837704
-100.982338   43.833366
-100.969429   43.831123
-100.960304   43.836269
-100.961060   43.827442
-100.964882   43.826435
-100.970665   43.828453
-100.972679   43.826527
-100.969231   43.817883
-100.962288   43.815876
-100.953590   43.817299
-100.953606   43.813148
-100.959946   43.811623
-100.958542   43.809921
-100.945267   43.814850
-100.940437   43.830532
-100.931442   43.830814
-100.923569   43.826077
-100.918518   43.821980
-100.914734   43.813042
-100.910904   43.811569
-100.903275   43.814301
-100.897591   43.812122
-100.899612   43.804760
-100.911339   43.806900
-100.907135   43.800762
-100.892448   43.798645
-100.893944   43.796665
-100.901505   43.796078
-100.900986   43.794060
-100.884827   43.791656
-100.882309   43.794765
-100.883240   43.800663
-100.876450   43.800842
-100.873138   43.798054
-100.871597   43.789158
-100.876495   43.786278
-100.875320   43.781090
-100.867851   43.780632
-100.864616   43.786804
-100.859840   43.787769
-100.851379   43.779587
-100.845055   43.768284
-100.839439   43.766487
-100.841438   43.760639
-100.838913   43.759228
-100.833893   43.762577
-100.835052   43.768456
-100.824448   43.768108
-100.807930   43.766357
-100.804489   43.755630
-100.796349   43.755447
-100.795876   43.747574
-100.802574   43.749649
-100.804512   43.746960
-100.803436   43.743385
-100.794319   43.740097
-100.789825   43.742065
-100.787605   43.740452
-100.787506   43.735352
-100.794403   43.733730
-100.786301   43.730339
-100.777359   43.731575
-100.775002   43.729855
-100.783585   43.727497
-100.789963   43.728741
-100.790825   43.726265
-100.776184   43.724918
-100.767532   43.731781
-100.755287   43.732357
-100.760582   43.739227
-100.750267   43.734207
-100.745483   43.739052
-100.741508   43.729805
-100.752983   43.722118
-100.743027   43.718781
-100.734589   43.707626
-100.729591   43.708694
-100.727570   43.715107
-100.738441   43.717308
-100.738113   43.720402
-100.726219   43.720482
-100.721954   43.711315
-100.715469   43.720009
-100.705231   43.718697
-100.700905   43.723167
-100.701866   43.727104
-100.696671   43.724194
-100.696259   43.716572
-100.679047   43.711548
-100.676102   43.715649
-100.677689   43.722198
-100.652840   43.731346
-100.653954   43.735313
-100.668457   43.735851
-100.662758   43.743603
-100.650589   43.749199
-100.641602   43.748966
-100.637550   43.746342
-100.637459   43.740566
-100.645180   43.740860
-100.642166   43.738159
-100.636208   43.738525
-100.625832   43.743401
-100.617790   43.743690
-100.611130   43.748352
-100.608490   43.759830
-100.593765   43.765400
-100.590057   43.768997
-100.577965   43.764526
-100.571999   43.752743
-100.552246   43.754829
-100.550674   43.742336
-100.554337   43.741093
-100.561424   43.743176
-100.553612   43.737347
-100.540962   43.736763
-100.522163   43.745888
-100.515854   43.741566
-100.515594   43.730293
-100.501999   43.729057
-100.489342   43.737698
-100.481674   43.728931
-100.474792   43.726887
-100.470947   43.731346
-100.471733   43.735855
-100.469223   43.735970
-100.465630   43.729244
-100.473488   43.720676
-100.454590   43.720879
-100.443398   43.731789
-100.424011   43.718044
-100.418777   43.717037
-100.412216   43.723644
-100.412781   43.729752
-100.417160   43.735401
-100.390083   43.728031
-100.387123   43.725285
-100.379028   43.726540
-100.373528   43.736504
-100.368858   43.738472
-100.348572   43.728542
-100.343964   43.718651
-100.338562   43.716953
-100.326866   43.715908
-100.309013   43.723019
-100.303825   43.722431
-100.296249   43.706001
-100.290276   43.698746
-100.283730   43.696842
-100.275719   43.698555
-100.266441   43.708790
-100.258324   43.708485
-100.252647   43.702999
-100.230438   43.713863
-100.230583   43.478123
-100.214027   43.477840
-100.213829   43.390411
-101.227837   43.389267
-101.226967   43.791489
-101.227364   43.796169
-101.215569   43.799183
-101.217796   43.803215
-101.208778   43.806026
-101.204712   43.812420
-101.197807   43.811378
-101.194160   43.804276
-101.189606   43.802757
-101.182281   43.805370
-101.179504   43.812714
-101.174530   43.811043
-101.174606   43.814735
-101.180832   43.814003
-101.180199   43.818359
-101.175797   43.818714
-101.171143   43.815334
-101.175102   43.807468
-101.171303   43.807243
-101.168480   43.810158
-101.169334   43.822449
-101.162766   43.825459
-101.165108   43.829872
-101.161026   43.829521
-101.153465   43.823654
-101.154358   43.820526
-101.160889   43.819355
-101.160301   43.817657
-101.155258   43.816746
-101.141937   43.820000
-101.133537   43.828899
-101.142128   43.833477
-101.137154   43.840981
-101.127640   43.840420
-101.125000   43.843552
-101.104233   43.837109
-101.105011   43.845837
-101.096535   43.843563
-101.086296   43.849201
-101.082703   43.846947
-101.087929   43.843025
-101.086525   43.841850
-101.075829   43.842251
-101.069794   43.845688
-101.067596   43.844051
-101.070053   43.840549

Miner
SD
5
 -97.849136   44.195229
 -97.369675   44.195004
 -97.369179   43.848541
 -97.608055   43.848980
 -97.850891   43.849945

Minnehaha
SD
8
 -97.128769   43.848125
 -96.888321   43.848259
 -96.530411   43.847507
 -96.452942   43.849632
 -96.452736   43.500443
 -96.598610   43.500484
 -96.924332   43.500332
 -97.129295   43.499619

Moody
SD
5
 -96.888985   44.195896
 -96.452454   44.196926
 -96.452942   43.849632
 -96.530411   43.847507
 -96.888321   43.848259

Pennington
SD
150
-104.054108   44.141102
-103.451981   44.140789
-102.667847   44.140373
-102.387611   44.140198
-102.398613   44.150780
-102.397118   44.156151
-102.402733   44.155514
-102.403610   44.157913
-102.401237   44.161549
-102.387787   44.160007
-102.386719   44.174843
-102.393509   44.178001
-102.399452   44.171925
-102.401169   44.175606
-102.392189   44.204193
-102.372299   44.209511
-102.372635   44.221058
-102.356552   44.230572
-102.365433   44.242428
-102.358246   44.248966
-102.362556   44.258751
-102.367523   44.262039
-102.361130   44.262753
-102.358398   44.265678
-102.367119   44.276691
-102.366531   44.285629
-102.360931   44.290680
-102.358620   44.300758
-102.347542   44.304626
-102.350487   44.309761
-102.348251   44.318180
-102.343575   44.322250
-102.347389   44.326363
-102.341232   44.329639
-102.342461   44.340260
-102.336128   44.343349
-102.341194   44.348789
-102.329918   44.357059
-102.323486   44.358868
-102.326927   44.364376
-102.324287   44.367828
-102.318138   44.367027
-102.313072   44.363415
-102.305138   44.367779
-102.306061   44.372261
-102.297852   44.376926
-102.302078   44.383377
-102.297821   44.387177
-102.298256   44.389568
-102.305016   44.392838
-102.301277   44.404148
-102.305428   44.409157
-102.302681   44.420650
-102.310463   44.425541
-102.305710   44.428787
-102.305771   44.434021
-102.298370   44.430824
-102.292938   44.431995
-102.283966   44.441242
-102.282440   44.448639
-102.279594   44.450298
-102.274521   44.450695
-102.267349   44.446609
-102.254166   44.446777
-102.221657   44.452381
-102.219666   44.449757
-102.221977   44.443729
-102.196671   44.434013
-102.198326   44.428753
-102.189003   44.427208
-102.159721   44.428841
-102.153366   44.436928
-102.159180   44.442825
-102.153320   44.445248
-102.143661   44.444168
-102.129967   44.438507
-102.107597   44.436600
-102.103996   44.446499
-102.098602   44.451698
-102.093597   44.454700
-102.083504   44.454300
-102.083504   44.460701
-102.072800   44.465599
-102.075500   44.475101
-102.062599   44.480900
-102.054604   44.481701
-102.054001   44.490299
-102.045502   44.500000
-102.037155   44.503807
-102.011353   44.505695
-102.000595   44.511398
-102.000595   44.343800
-102.006798   44.343800
-102.006905   43.994541
-102.018723   43.994503
-102.018608   43.707886
-102.024757   43.713020
-102.027130   43.706749
-102.036674   43.698689
-102.032845   43.689884
-102.035973   43.688274
-102.043159   43.695744
-102.055069   43.689342
-102.071381   43.690193
-102.094849   43.695351
-102.094315   43.689892
-102.097336   43.685707
-102.108299   43.686092
-102.111893   43.692875
-102.106987   43.701977
-102.115868   43.712837
-102.121063   43.704903
-102.127357   43.705647
-102.138733   43.700809
-102.154388   43.705753
-102.155708   43.697735
-102.158226   43.696125
-102.167953   43.696880
-102.165771   43.692497
-102.177551   43.687496
-102.809830   43.688145
-102.815498   43.688889
-102.816437   43.691219
-102.810806   43.697132
-102.800400   43.698719
-102.803108   43.709785
-102.794731   43.713303
-102.791458   43.721432
-102.784454   43.722282
-102.777885   43.720341
-102.776657   43.726807
-102.770126   43.729115
-102.772713   43.734512
-102.769402   43.738949
-102.757950   43.740932
-102.751320   43.752670
-102.733047   43.764183
-102.737846   43.768524
-102.737373   43.771748
-102.725235   43.775799
-102.707222   43.789497
-102.705620   43.797131
-102.695427   43.797634
-102.700470   43.811993
-102.698357   43.823124
-102.687782   43.840797
-102.693214   43.847927
-102.686714   43.852089
-102.686745   43.855614
-104.055000   43.853500

Perkins
SD
10
-102.941597   45.945000
-102.000229   45.944515
-101.999649   45.472492
-101.999619   45.038433
-102.957085   45.039257
-102.957283   45.212650
-102.957207   45.386105
-102.950432   45.386082
-102.949921   45.732716
-102.942169   45.732933

Potter
SD
27
-100.259819   45.246822
 -99.708992   45.245705
 -99.573410   45.245388
 -99.572556   44.897423
 -99.674057   44.897640
-100.404343   44.897713
-100.415321   44.923565
-100.423546   44.975815
-100.423012   44.992073
-100.407967   45.011833
-100.389603   45.027184
-100.377243   45.030121
-100.362770   45.029121
-100.311821   45.015217
-100.289047   45.014488
-100.278976   45.020088
-100.277618   45.027725
-100.281166   45.033421
-100.301338   45.046097
-100.316093   45.059303
-100.323448   45.074181
-100.326187   45.090881
-100.323769   45.101635
-100.290314   45.138393
-100.278595   45.158909
-100.274582   45.198296
-100.257103   45.235691

Roberts
SD
43
 -97.227951   45.935181
 -96.562935   45.935280
 -96.563660   45.919601
 -96.568748   45.917080
 -96.569839   45.912079
 -96.564072   45.909454
 -96.567841   45.903492
 -96.568420   45.888111
 -96.571007   45.886711
 -96.574318   45.866856
 -96.574165   45.843140
 -96.582733   45.820065
 -96.596359   45.811840
 -96.612167   45.794483
 -96.627434   45.786282
 -96.629753   45.779503
 -96.639091   45.771599
 -96.641594   45.759911
 -96.651878   45.746849
 -96.662247   45.738724
 -96.672318   45.732376
 -96.744736   45.701614
 -96.760521   45.687561
 -96.838295   45.647549
 -96.857399   45.606003
 -96.835106   45.586166
 -96.801643   45.555450
 -96.793488   45.550762
 -96.763084   45.520046
 -96.745148   45.488750
 -96.732391   45.458775
 -96.689705   45.415527
 -96.680115   45.410538
 -96.619408   45.408920
 -96.600838   45.403221
 -96.561806   45.386127
 -96.521446   45.375679
 -96.488731   45.357109
 -96.470146   45.326580
 -96.992592   45.326920
 -97.007195   45.296906
 -97.226166   45.297768
 -97.226601   45.558201

Sanborn
SD
8
 -97.853302   44.195190
 -97.849136   44.195229
 -97.850891   43.849945
 -97.967171   43.850590
 -98.325012   43.851189
 -98.331238   43.851166
 -98.331230   43.937885
 -98.331505   44.196709

Shannon
SD
49
-102.809830   43.688145
-102.177551   43.687496
-102.165771   43.692497
-102.167953   43.696880
-102.158226   43.696125
-102.155708   43.697735
-102.154388   43.705753
-102.138733   43.700809
-102.138618   43.476681
-102.110374   43.476841
-102.110382   43.389908
-102.108406   43.129181
-102.081001   43.129189
-102.082123   42.999359
-102.791664   43.000000
-103.000435   43.000763
-103.000328   43.476864
-103.000603   43.605972
-102.995071   43.607407
-102.992119   43.611271
-102.982529   43.610477
-102.975548   43.618553
-102.964401   43.616859
-102.957916   43.613388
-102.931297   43.619331
-102.926201   43.625694
-102.932053   43.631161
-102.929031   43.636944
-102.921577   43.640488
-102.923454   43.651257
-102.917946   43.656033
-102.919357   43.661266
-102.910980   43.663624
-102.908150   43.666916
-102.909813   43.674461
-102.901215   43.674915
-102.881783   43.671204
-102.872185   43.667019
-102.863274   43.668968
-102.861443   43.660027
-102.856239   43.658268
-102.849442   43.659142
-102.846039   43.665428
-102.830200   43.656677
-102.825439   43.658527
-102.822899   43.664631
-102.813354   43.667377
-102.815590   43.673389
-102.808212   43.683289

Spink
SD
10
 -98.717354   45.243786
 -97.980911   45.240429
 -97.981377   45.153309
 -97.982834   44.906849
 -97.982658   44.892376
 -97.977097   44.892399
 -97.977333   44.631721
 -98.705429   44.634148
 -98.705093   44.897091
 -98.716194   44.897087

Stanley
SD
108
-101.136749   44.747070
-101.092613   44.738831
-101.080383   44.738457
-101.062775   44.742336
-101.055389   44.739983
-101.035751   44.727291
-101.022400   44.724030
-101.006165   44.728638
-100.998032   44.739311
-100.987434   44.731869
-100.981102   44.738094
-100.975647   44.750984
-100.954758   44.754337
-100.958000   44.761879
-100.954872   44.765465
-100.939537   44.762466
-100.930702   44.766884
-100.916931   44.769569
-100.911545   44.775875
-100.910812   44.783585
-100.895401   44.777824
-100.892014   44.770565
-100.887794   44.769680
-100.860001   44.776997
-100.853432   44.780666
-100.843178   44.776928
-100.836304   44.782211
-100.829559   44.783203
-100.817368   44.779964
-100.811714   44.767998
-100.797852   44.770172
-100.797638   44.763493
-100.774139   44.772167
-100.770729   44.767448
-100.775726   44.761223
-100.770180   44.758209
-100.750534   44.762344
-100.752739   44.773029
-100.749771   44.774796
-100.740906   44.776138
-100.735909   44.774395
-100.739578   44.767849
-100.735992   44.763741
-100.726913   44.765087
-100.717224   44.770947
-100.690964   44.759678
-100.679886   44.747398
-100.665245   44.744007
-100.643959   44.743004
-100.632835   44.739437
-100.613380   44.707153
-100.613045   44.688148
-100.624382   44.651573
-100.633476   44.631573
-100.642731   44.620342
-100.645134   44.597977
-100.639641   44.583744
-100.620483   44.566719
-100.607079   44.560608
-100.592613   44.556595
-100.537827   44.552868
-100.526077   44.547443
-100.516266   44.534470
-100.520683   44.524178
-100.531349   44.515137
-100.558868   44.506203
-100.574982   44.492825
-100.580421   44.465691
-100.579613   44.461864
-100.569725   44.453007
-100.554115   44.446289
-100.538780   44.444450
-100.471947   44.460747
-100.407211   44.457199
-100.393417   44.447781
-100.384911   44.437984
-100.373360   44.380131
-100.365074   44.355537
-100.357742   44.349236
-100.335953   44.343040
-100.290886   44.337036
-100.274323   44.331867
-100.242119   44.326717
-100.217598   44.326126
-100.191628   44.322636
-100.165298   44.324654
-100.149857   44.322048
-100.111862   44.312668
-100.084930   44.308468
-100.044136   44.287827
-100.015419   44.280804
 -99.984024   44.268356
 -99.957047   44.264393
 -99.922630   44.266308
 -99.910233   44.261944
 -99.899506   44.255177
 -99.892197   44.239250
 -99.905769   44.225636
 -99.935646   44.204960
 -99.937813   44.195236
-100.366837   44.194641
-100.366798   44.168549
-101.046494   44.168499
-101.166336   44.168098
-101.166382   44.343132
-101.154770   44.343163
-101.154091   44.689964
-101.136604   44.690052

Sully
SD
38
-100.404343   44.897713
 -99.674057   44.897640
 -99.676056   44.548042
-100.526077   44.547443
-100.537827   44.552868
-100.592613   44.556595
-100.607079   44.560608
-100.620483   44.566719
-100.639641   44.583744
-100.645134   44.597977
-100.642731   44.620342
-100.633476   44.631573
-100.624382   44.651573
-100.613045   44.688148
-100.613380   44.707153
-100.632835   44.739437
-100.643959   44.743004
-100.665245   44.744007
-100.679886   44.747398
-100.690964   44.759678
-100.717224   44.770947
-100.727837   44.781651
-100.725914   44.801693
-100.713654   44.822361
-100.697556   44.828880
-100.679054   44.824612
-100.666397   44.816933
-100.641319   44.791862
-100.610550   44.770119
-100.548027   44.760139
-100.529877   44.766029
-100.514450   44.783672
-100.479477   44.813210
-100.458374   44.825504
-100.418274   44.843384
-100.402313   44.856861
-100.393677   44.867332
-100.392593   44.875000

Todd
SD
6
-101.227837   43.389267
-100.213829   43.390411
-100.213394   43.128536
-100.198364   43.128563
-100.198029   42.998535
-101.227463   42.997871

Tripp
SD
104
-100.230438   43.713863
-100.224464   43.713272
-100.224014   43.697369
-100.209457   43.683319
-100.196442   43.704655
-100.189514   43.706173
-100.161499   43.704399
-100.139961   43.694523
-100.138885   43.697910
-100.144402   43.703285
-100.132195   43.703194
-100.122528   43.696461
-100.119049   43.688305
-100.113518   43.685341
-100.108902   43.686935
-100.105370   43.694366
-100.086761   43.685196
-100.082977   43.685852
-100.077141   43.692039
-100.049782   43.692219
-100.045105   43.696091
-100.046684   43.703072
-100.040550   43.704491
-100.034691   43.702763
-100.030693   43.697552
-100.016205   43.706757
-100.008919   43.707264
-100.006531   43.704739
-100.009544   43.693722
-100.005394   43.692165
-100.000000   43.693783
 -99.999321   43.700886
 -99.997025   43.701656
 -99.985710   43.694714
 -99.981064   43.687126
 -99.971550   43.693245
 -99.961555   43.688618
 -99.955009   43.692852
 -99.954010   43.698154
 -99.933899   43.695511
 -99.931374   43.687450
 -99.927132   43.686478
 -99.902985   43.700012
 -99.897835   43.700821
 -99.893845   43.698936
 -99.890877   43.691349
 -99.884789   43.686008
 -99.888870   43.678452
 -99.871231   43.670837
 -99.863007   43.676991
 -99.861320   43.682133
 -99.872726   43.689095
 -99.862419   43.692001
 -99.850792   43.688690
 -99.853294   43.693726
 -99.861053   43.698479
 -99.859314   43.701237
 -99.852623   43.700603
 -99.839500   43.688705
 -99.801704   43.700592
 -99.797707   43.703785
 -99.799339   43.711235
 -99.780434   43.709770
 -99.771309   43.713371
 -99.757339   43.708645
 -99.745445   43.710300
 -99.745544   43.713631
 -99.755928   43.719624
 -99.757416   43.726135
 -99.763046   43.730328
 -99.761681   43.739597
 -99.750000   43.747822
 -99.740311   43.746922
 -99.736023   43.734295
 -99.739647   43.723305
 -99.734802   43.719826
 -99.728020   43.719345
 -99.711342   43.732342
 -99.705910   43.750000
 -99.696404   43.758842
 -99.691505   43.760399
 -99.684410   43.756649
 -99.681160   43.748352
 -99.689713   43.737076
 -99.690216   43.731060
 -99.684227   43.727882
 -99.668388   43.730167
 -99.661888   43.736229
 -99.666862   43.760944
 -99.663673   43.765404
 -99.655632   43.765701
 -99.642479   43.756252
 -99.641396   43.735718
 -99.633568   43.736240
 -99.623192   43.743412
 -99.623230   43.499802
 -99.533241   43.499653
 -99.533661   42.998032
-100.198029   42.998535
-100.198364   43.128563
-100.213394   43.128536
-100.213829   43.390411
-100.214027   43.477840
-100.230583   43.478123

Turner
SD
7
 -97.129295   43.499619
 -96.924332   43.500332
 -96.923805   43.083618
 -97.159920   43.083164
 -97.159973   43.170021
 -97.398918   43.169422
 -97.401154   43.499626

Union
SD
219
 -96.805328   43.083393
 -96.453751   43.083366
 -96.460541   43.064049
 -96.467896   43.061874
 -96.472855   43.063564
 -96.476601   43.062397
 -96.490059   43.050804
 -96.501442   43.048645
 -96.510567   43.049706
 -96.514473   43.044903
 -96.512695   43.041084
 -96.521484   43.039192
 -96.519615   43.037819
 -96.511299   43.039940
 -96.508835   43.037312
 -96.513611   43.030296
 -96.511429   43.025677
 -96.498878   43.019230
 -96.499062   43.016575
 -96.495010   43.015682
 -96.491364   43.009720
 -96.496391   42.998821
 -96.509682   42.995140
 -96.512573   42.991436
 -96.511925   42.985947
 -96.518341   42.984901
 -96.516579   42.980900
 -96.520462   42.980396
 -96.515617   42.972897
 -96.504723   42.970856
 -96.498657   42.957760
 -96.508720   42.953621
 -96.509163   42.945164
 -96.513733   42.944843
 -96.519691   42.939774
 -96.516579   42.932526
 -96.525223   42.935520
 -96.533974   42.927845
 -96.533760   42.923752
 -96.540794   42.924507
 -96.540909   42.919777
 -96.537582   42.917648
 -96.538025   42.908951
 -96.536255   42.905666
 -96.542534   42.903748
 -96.539085   42.899975
 -96.535698   42.900913
 -96.528580   42.897961
 -96.529510   42.894325
 -96.525070   42.891830
 -96.539810   42.889687
 -96.537415   42.886944
 -96.543106   42.883926
 -96.537544   42.878483
 -96.547012   42.873718
 -96.549355   42.869579
 -96.545654   42.866722
 -96.546494   42.863888
 -96.550125   42.863178
 -96.545937   42.861145
 -96.546249   42.857281
 -96.542389   42.859730
 -96.541153   42.857693
 -96.545189   42.849964
 -96.549545   42.851109
 -96.550537   42.847656
 -96.555847   42.849346
 -96.553894   42.843655
 -96.548584   42.840775
 -96.549889   42.838009
 -96.553680   42.836044
 -96.560265   42.839378
 -96.563004   42.828224
 -96.569588   42.834900
 -96.568497   42.837849
 -96.574333   42.837830
 -96.578033   42.834763
 -96.578163   42.837830
 -96.580856   42.837940
 -96.582069   42.833664
 -96.577621   42.827652
 -96.585480   42.823856
 -96.585396   42.818047
 -96.595695   42.815052
 -96.595352   42.810432
 -96.590446   42.808266
 -96.593948   42.798290
 -96.599449   42.798637
 -96.594978   42.792988
 -96.604721   42.791771
 -96.602264   42.788597
 -96.604248   42.783039
 -96.608223   42.784344
 -96.610115   42.782627
 -96.612320   42.784615
 -96.614616   42.782352
 -96.615768   42.785023
 -96.619705   42.783627
 -96.621719   42.777203
 -96.626640   42.775166
 -96.629601   42.768513
 -96.631828   42.770866
 -96.635864   42.769772
 -96.631958   42.767551
 -96.631989   42.765564
 -96.635963   42.765041
 -96.632278   42.761776
 -96.626694   42.754589
 -96.622223   42.758457
 -96.619186   42.754795
 -96.630173   42.750385
 -96.632034   42.745163
 -96.629402   42.743858
 -96.635605   42.741783
 -96.630585   42.735378
 -96.639389   42.737076
 -96.630623   42.730507
 -96.634354   42.724636
 -96.624390   42.725506
 -96.624390   42.720978
 -96.627785   42.717888
 -96.624138   42.714298
 -96.630302   42.705883
 -96.625534   42.704235
 -96.623878   42.707623
 -96.619225   42.700195
 -96.614944   42.698620
 -96.609428   42.702324
 -96.605614   42.701935
 -96.604622   42.698235
 -96.610611   42.697887
 -96.609856   42.694572
 -96.604530   42.695126
 -96.599480   42.698967
 -96.593712   42.694168
 -96.596344   42.691811
 -96.593521   42.690166
 -96.599007   42.688999
 -96.599289   42.686920
 -96.592194   42.687172
 -96.590736   42.690990
 -96.586700   42.690125
 -96.586113   42.683517
 -96.575607   42.682945
 -96.574532   42.681114
 -96.578339   42.678005
 -96.571983   42.678211
 -96.573997   42.673893
 -96.578270   42.672085
 -96.571953   42.670780
 -96.566994   42.676361
 -96.555939   42.664406
 -96.559593   42.662823
 -96.559380   42.658161
 -96.542648   42.661106
 -96.537567   42.655437
 -96.537987   42.649124
 -96.535461   42.644669
 -96.526459   42.641193
 -96.525223   42.635040
 -96.521446   42.634899
 -96.515167   42.628544
 -96.518761   42.619034
 -96.531036   42.616573
 -96.529587   42.610439
 -96.525360   42.609322
 -96.517380   42.616623
 -96.509773   42.613224
 -96.499870   42.594112
 -96.500725   42.589252
 -96.490990   42.587044
 -96.495148   42.579479
 -96.485741   42.575569
 -96.489021   42.570808
 -96.498398   42.570877
 -96.498253   42.560951
 -96.494392   42.556751
 -96.476646   42.556084
 -96.479599   42.524200
 -96.490494   42.520336
 -96.492661   42.517288
 -96.489784   42.512447
 -96.477142   42.509598
 -96.473030   42.503544
 -96.476196   42.493599
 -96.467613   42.491093
 -96.456039   42.492485
 -96.443108   42.489498
 -96.475258   42.480045
 -96.489189   42.480122
 -96.508278   42.486694
 -96.524834   42.510239
 -96.539192   42.518639
 -96.548477   42.520554
 -96.561829   42.519539
 -96.570908   42.516506
 -96.586258   42.506851
 -96.603157   42.504463
 -96.611176   42.506092
 -96.625648   42.513580
 -96.631187   42.524323
 -96.633614   42.543507
 -96.639130   42.553444
 -96.656403   42.565418
 -96.682579   42.575592
 -96.706100   42.599415
 -96.710464   42.607075
 -96.709167   42.621937
 -96.687881   42.645313
 -96.687355   42.653130
 -96.697327   42.659149
 -96.727715   42.666885
 -96.746635   42.666229
 -96.763741   42.661987
 -96.785599   42.664364
 -96.798431   42.668243
 -96.801865   42.672241
 -96.801338   42.698776
 -96.805901   42.704155

Walworth
SD
26
-100.429932   45.594849
 -99.717072   45.593445
 -99.707314   45.593407
 -99.708992   45.245705
-100.259819   45.246822
-100.269081   45.262543
-100.306976   45.291920
-100.316246   45.317917
-100.307823   45.332088
-100.281921   45.355331
-100.273506   45.381165
-100.299461   45.416004
-100.329910   45.442219
-100.341171   45.472824
-100.364403   45.500000
-100.381248   45.510525
-100.390793   45.511845
-100.408669   45.508709
-100.446251   45.510246
-100.471199   45.519753
-100.480133   45.527393
-100.485863   45.536469
-100.482101   45.551502
-100.466293   45.565830
-100.454155   45.570217
-100.440491   45.578999

Yankton
SD
35
 -97.637489   43.168671
 -97.398918   43.169422
 -97.159973   43.170021
 -97.159920   43.083164
 -97.160027   42.799706
 -97.171753   42.802929
 -97.200104   42.805489
 -97.209801   42.809299
 -97.217506   42.827766
 -97.217079   42.843525
 -97.220352   42.846786
 -97.250000   42.855618
 -97.267616   42.852589
 -97.289528   42.855503
 -97.306343   42.867607
 -97.335823   42.856804
 -97.359230   42.854820
 -97.368309   42.858425
 -97.376358   42.865200
 -97.393631   42.864250
 -97.407974   42.868336
 -97.416725   42.865921
 -97.431618   42.851543
 -97.441940   42.846230
 -97.451843   42.846050
 -97.470192   42.850456
 -97.484581   42.850372
 -97.495888   42.853233
 -97.504501   42.858479
 -97.522034   42.851978
 -97.554276   42.847637
 -97.574211   42.849655
 -97.603424   42.858334
 -97.617058   42.857410
 -97.634979   42.851761

Ziebach
SD
129
-101.999649   45.472492
-101.469765   45.472637
-101.469994   45.385658
-101.485878   45.385700
-101.485718   45.038212
-101.500648   45.038231
-101.500488   44.993725
-101.136452   44.993851
-101.136749   44.747070
-101.148788   44.743450
-101.153473   44.728832
-101.160919   44.722092
-101.234711   44.690594
-101.239418   44.698505
-101.248962   44.698868
-101.265503   44.693447
-101.274757   44.685181
-101.298347   44.689552
-101.318748   44.680534
-101.324234   44.681477
-101.327812   44.690971
-101.332527   44.690666
-101.338860   44.683487
-101.359467   44.689037
-101.362122   44.685009
-101.357803   44.673672
-101.360268   44.672199
-101.371849   44.673817
-101.373550   44.670986
-101.364571   44.661968
-101.364326   44.656441
-101.376656   44.658726
-101.382790   44.653339
-101.389969   44.657684
-101.397911   44.656559
-101.402046   44.651958
-101.409225   44.649208
-101.411774   44.643990
-101.417091   44.642235
-101.430191   44.640541
-101.439735   44.643921
-101.445427   44.638260
-101.454430   44.638042
-101.455215   44.628742
-101.466362   44.619293
-101.464645   44.616180
-101.455963   44.613152
-101.455376   44.610245
-101.468666   44.611816
-101.474739   44.606869
-101.476242   44.601852
-101.489586   44.602901
-101.496758   44.599831
-101.493584   44.583981
-101.500725   44.581257
-101.507019   44.585781
-101.511627   44.585464
-101.514175   44.575512
-101.530609   44.567890
-101.536255   44.573978
-101.544128   44.572086
-101.550392   44.575737
-101.554062   44.574909
-101.554771   44.570190
-101.558914   44.569401
-101.564568   44.575390
-101.575012   44.578209
-101.590973   44.573887
-101.606323   44.577267
-101.609558   44.572231
-101.622589   44.572914
-101.628777   44.575836
-101.626144   44.579880
-101.630096   44.586472
-101.635124   44.585712
-101.639954   44.579445
-101.644836   44.585068
-101.656082   44.582565
-101.660385   44.588154
-101.663353   44.584183
-101.670906   44.583553
-101.675613   44.580372
-101.681618   44.571072
-101.687538   44.570450
-101.690674   44.575344
-101.700912   44.574997
-101.711967   44.580215
-101.716011   44.577919
-101.715599   44.572689
-101.728424   44.566101
-101.737289   44.568863
-101.746559   44.567802
-101.748833   44.563919
-101.742874   44.558525
-101.743919   44.555187
-101.757790   44.548416
-101.764519   44.548611
-101.768433   44.543381
-101.781593   44.536102
-101.784233   44.540798
-101.794250   44.543476
-101.798492   44.542267
-101.805679   44.532890
-101.804810   44.525509
-101.810776   44.522388
-101.816833   44.531544
-101.827316   44.531742
-101.831490   44.523544
-101.836021   44.521690
-101.840378   44.527039
-101.847069   44.529415
-101.856506   44.526718
-101.863823   44.532001
-101.880821   44.533108
-101.888031   44.538574
-101.909622   44.532665
-101.917442   44.533150
-101.923897   44.530064
-101.934334   44.531639
-101.939125   44.535114
-101.945976   44.528671
-101.959808   44.528320
-101.966705   44.525059
-101.973442   44.526859
-101.978157   44.522762
-101.985352   44.525169
-101.995613   44.518917
-102.000000   44.511532
-101.999619   45.038433

