 -73.438179   42.726772
 -71.465034   45.014637
14

Addison
VT
79
 -73.313828   44.264019
 -73.271156   44.260071
 -73.197624   44.266659
 -73.145409   44.272919
 -73.081001   44.282040
 -73.069763   44.283623
 -73.069145   44.280289
 -73.017036   44.284607
 -73.020538   44.302811
 -72.973587   44.294224
 -72.966118   44.230946
 -72.953362   44.161316
 -72.953354   44.161243
 -72.934845   44.163597
 -72.917046   44.071953
 -72.897247   44.073620
 -72.821930   44.052475
 -72.742020   44.029449
 -72.791458   43.961605
 -72.810272   43.935787
 -72.816139   43.937351
 -72.865944   43.861572
 -72.875000   43.864475
 -72.876755   43.901928
 -72.952759   43.874672
 -72.972244   43.868298
 -72.959312   43.826572
 -73.017021   43.804951
 -73.027824   43.841721
 -73.032494   43.841412
 -73.034142   43.843624
 -73.030975   43.846828
 -73.156738   43.842644
 -73.155968   43.839870
 -73.219528   43.837280
 -73.206734   43.766636
 -73.231827   43.764420
 -73.363106   43.753082
 -73.350868   43.771378
 -73.357986   43.785873
 -73.376801   43.798710
 -73.379723   43.808331
 -73.393188   43.822136
 -73.388824   43.832344
 -73.373993   43.842739
 -73.373329   43.846828
 -73.382477   43.854946
 -73.374657   43.876171
 -73.383926   43.890892
 -73.396309   43.902988
 -73.408173   43.929829
 -73.407257   43.967258
 -73.413048   43.979923
 -73.406410   44.011429
 -73.407784   44.020226
 -73.412865   44.028252
 -73.423065   44.032379
 -73.438179   44.044952
 -73.429672   44.079361
 -73.415451   44.101189
 -73.414078   44.107616
 -73.411743   44.112633
 -73.416191   44.132771
 -73.403694   44.144245
 -73.401413   44.152210
 -73.395958   44.166073
 -73.397324   44.173794
 -73.390091   44.181194
 -73.391014   44.190838
 -73.384415   44.193108
 -73.382683   44.197128
 -73.362442   44.208492
 -73.362251   44.213268
 -73.355705   44.219505
 -73.350319   44.230305
 -73.342743   44.234482
 -73.343666   44.237995
 -73.330925   44.244205
 -73.324020   44.243843

Bennington
VT
43
 -73.255081   43.314602
 -73.123154   43.308609
 -72.996742   43.305183
 -72.986588   43.304756
 -72.991753   43.291569
 -72.976608   43.291569
 -72.976372   43.304371
 -72.868362   43.300667
 -72.861717   43.300472
 -72.820358   43.299137
 -72.819824   43.255424
 -72.848373   43.262417
 -72.851845   43.205250
 -72.862450   43.205021
 -72.865395   43.166153
 -72.869194   43.113091
 -72.997391   43.119019
 -72.997574   43.116920
 -73.003242   43.022926
 -73.003250   43.022804
 -73.008522   42.930008
 -72.921829   42.926712
 -72.925278   42.856083
 -72.926483   42.829838
 -72.930710   42.739212
 -73.019104   42.740974
 -73.023361   42.741051
 -73.048492   42.741402
 -73.142937   42.743507
 -73.164017   42.743904
 -73.265411   42.745861
 -73.276871   42.745941
 -73.291389   42.801846
 -73.284203   42.813789
 -73.287514   42.820065
 -73.285835   42.834015
 -73.279121   42.833332
 -73.278755   42.837479
 -73.275192   42.934357
 -73.274742   42.943577
 -73.270485   43.030640
 -73.264511   43.123322
 -73.259605   43.216770

Caledonia
VT
71
 -72.375229   44.584072
 -72.262962   44.542717
 -72.237885   44.576767
 -72.203354   44.624023
 -72.146706   44.702820
 -72.089317   44.683662
 -72.114960   44.749577
 -72.012962   44.698772
 -71.940399   44.768986
 -71.858849   44.727612
 -71.837761   44.716587
 -71.910545   44.647129
 -71.843193   44.611111
 -71.898575   44.557804
 -71.909210   44.547283
 -71.857101   44.496124
 -71.903931   44.454681
 -71.933754   44.441116
 -71.838120   44.347740
 -71.853096   44.340813
 -71.872299   44.336578
 -71.907379   44.348225
 -71.917892   44.346478
 -71.929573   44.337517
 -71.935860   44.335712
 -71.945625   44.337685
 -71.985077   44.336185
 -71.988876   44.329857
 -72.010994   44.321758
 -72.019592   44.320324
 -72.029518   44.322338
 -72.033600   44.320305
 -72.033928   44.301819
 -72.046768   44.291924
 -72.053818   44.290440
 -72.058784   44.286648
 -72.068199   44.273666
 -72.067238   44.268116
 -72.059227   44.270058
 -72.061768   44.263271
 -72.059982   44.255737
 -72.048386   44.239437
 -72.054047   44.225979
 -72.053429   44.217731
 -72.060181   44.210693
 -72.058754   44.203995
 -72.064468   44.198009
 -72.066635   44.189713
 -72.057961   44.179379
 -72.053490   44.167839
 -72.048058   44.161739
 -72.042854   44.161282
 -72.043266   44.156551
 -72.166611   44.190876
 -72.170723   44.191994
 -72.305443   44.183086
 -72.368805   44.203995
 -72.336632   44.246204
 -72.316757   44.272526
 -72.318024   44.298363
 -72.270699   44.339947
 -72.228760   44.396099
 -72.217567   44.411030
 -72.223022   44.415005
 -72.221275   44.421631
 -72.223412   44.422634
 -72.229370   44.419662
 -72.224380   44.424610
 -72.321732   44.462517
 -72.434761   44.506042
 -72.430298   44.511993

Chittenden
VT
62
 -73.229279   44.722824
 -73.038445   44.651108
 -72.924538   44.632999
 -72.911003   44.630802
 -72.829498   44.552338
 -72.809784   44.547871
 -72.831192   44.516380
 -72.804001   44.506119
 -72.839073   44.459175
 -72.805435   44.451626
 -72.839569   44.403301
 -72.804901   44.390415
 -72.826553   44.359135
 -72.833946   44.359241
 -72.856087   44.365501
 -72.879578   44.329971
 -72.911835   44.281712
 -72.896416   44.276230
 -72.922508   44.222176
 -72.953362   44.161316
 -72.966118   44.230946
 -72.973587   44.294224
 -73.020538   44.302811
 -73.017036   44.284607
 -73.069145   44.280289
 -73.069763   44.283623
 -73.081001   44.282040
 -73.145409   44.272919
 -73.197624   44.266659
 -73.271156   44.260071
 -73.313828   44.264019
 -73.311455   44.274189
 -73.324654   44.309971
 -73.324425   44.333794
 -73.327385   44.343319
 -73.335068   44.356827
 -73.334000   44.372238
 -73.315445   44.388466
 -73.294159   44.438114
 -73.300545   44.454662
 -73.299576   44.472870
 -73.307137   44.500286
 -73.321266   44.513584
 -73.321632   44.520275
 -73.322899   44.525875
 -73.329880   44.529156
 -73.332024   44.535877
 -73.339226   44.542881
 -73.339058   44.546795
 -73.343361   44.551861
 -73.356628   44.557426
 -73.361916   44.563538
 -73.313957   44.572838
 -73.284088   44.582310
 -73.266014   44.592564
 -73.254890   44.607853
 -73.257446   44.628918
 -73.254913   44.637436
 -73.251587   44.641979
 -73.234192   44.648609
 -73.233757   44.673759
 -73.228523   44.688148

Essex
VT
173
 -71.898071   45.008305
 -71.698578   45.011356
 -71.502960   45.013321
 -71.465034   45.013592
 -71.475777   45.009624
 -71.480087   45.002861
 -71.488037   45.000893
 -71.505058   45.008205
 -71.509537   45.007267
 -71.530563   44.999611
 -71.537384   44.993576
 -71.533936   44.991131
 -71.541443   44.985439
 -71.527634   44.973625
 -71.522842   44.966263
 -71.524193   44.964344
 -71.516693   44.964523
 -71.515312   44.958694
 -71.519440   44.949921
 -71.516045   44.943157
 -71.517426   44.939659
 -71.522408   44.939938
 -71.517006   44.935432
 -71.515663   44.927273
 -71.504951   44.919018
 -71.500755   44.911701
 -71.494873   44.911793
 -71.497131   44.909306
 -71.496864   44.904247
 -71.501556   44.904388
 -71.514305   44.894630
 -71.512154   44.891045
 -71.523186   44.880527
 -71.528816   44.877773
 -71.529625   44.873512
 -71.534477   44.869949
 -71.546371   44.866089
 -71.550003   44.862545
 -71.548813   44.855484
 -71.556496   44.847939
 -71.551872   44.838161
 -71.557945   44.834435
 -71.562386   44.825050
 -71.574158   44.821407
 -71.578072   44.815556
 -71.569717   44.807922
 -71.573601   44.792152
 -71.580116   44.785774
 -71.593109   44.783169
 -71.596992   44.779900
 -71.596352   44.776566
 -71.602936   44.771866
 -71.611778   44.765884
 -71.617889   44.756878
 -71.631630   44.753681
 -71.632309   44.750000
 -71.625648   44.743927
 -71.625298   44.728615
 -71.618126   44.728867
 -71.618820   44.722561
 -71.600220   44.705269
 -71.600632   44.698868
 -71.594604   44.696884
 -71.598511   44.692768
 -71.594696   44.683765
 -71.596779   44.679031
 -71.582458   44.673485
 -71.587868   44.670074
 -71.585037   44.665298
 -71.588226   44.661999
 -71.584244   44.657120
 -71.575882   44.655865
 -71.580147   44.653027
 -71.577866   44.651291
 -71.569733   44.650700
 -71.564896   44.654102
 -71.558502   44.642002
 -71.563103   44.639454
 -71.562592   44.636528
 -71.554588   44.631157
 -71.547295   44.629421
 -71.558060   44.628326
 -71.547531   44.622875
 -71.554367   44.625355
 -71.556229   44.624069
 -71.554344   44.607018
 -71.562759   44.601669
 -71.557579   44.599773
 -71.552658   44.601498
 -71.557579   44.594700
 -71.547310   44.596916
 -71.546547   44.594147
 -71.549515   44.592438
 -71.545074   44.591545
 -71.539917   44.593872
 -71.540909   44.589622
 -71.536720   44.588387
 -71.539566   44.583317
 -71.546989   44.578583
 -71.551407   44.580528
 -71.552742   44.584232
 -71.555176   44.579205
 -71.549202   44.571819
 -71.552147   44.569603
 -71.556747   44.570663
 -71.561256   44.564030
 -71.570045   44.562977
 -71.590668   44.565693
 -71.596611   44.560844
 -71.597275   44.553368
 -71.574211   44.539070
 -71.574928   44.533604
 -71.582977   44.524349
 -71.594727   44.521626
 -71.577538   44.503479
 -71.581589   44.501949
 -71.589073   44.506725
 -71.587128   44.498676
 -71.594719   44.500622
 -71.599091   44.487152
 -71.606697   44.484833
 -71.619133   44.485199
 -71.625000   44.475922
 -71.629631   44.474323
 -71.633400   44.474895
 -71.634956   44.478397
 -71.625488   44.482094
 -71.632339   44.484154
 -71.646362   44.475082
 -71.648315   44.469944
 -71.640877   44.464203
 -71.645508   44.460571
 -71.653862   44.460369
 -71.661278   44.441639
 -71.668076   44.436810
 -71.679466   44.435230
 -71.678085   44.427189
 -71.683098   44.427601
 -71.686317   44.423347
 -71.703247   44.413681
 -71.715553   44.410431
 -71.731880   44.410954
 -71.739281   44.407848
 -71.746017   44.401230
 -71.756561   44.406345
 -71.765213   44.406574
 -71.779083   44.399738
 -71.792870   44.399887
 -71.802818   44.393318
 -71.800781   44.384216
 -71.815071   44.381371
 -71.816238   44.375404
 -71.812645   44.371925
 -71.816628   44.367500
 -71.813370   44.355488
 -71.838120   44.347740
 -71.933754   44.441116
 -71.903931   44.454681
 -71.857101   44.496124
 -71.909210   44.547283
 -71.898575   44.557804
 -71.843193   44.611111
 -71.910545   44.647129
 -71.837761   44.716587
 -71.858849   44.727612
 -71.940399   44.768986
 -71.974777   44.786472
 -71.920189   44.836456
 -71.875122   44.876450
 -71.910866   44.895130
 -71.929802   44.905163
 -71.921661   44.932098
 -71.918198   44.943584

Franklin
VT
51
 -73.192352   45.013580
 -73.170578   45.013966
 -72.993752   45.014412
 -72.832718   45.014614
 -72.702759   45.014637
 -72.639801   45.014603
 -72.627098   45.014400
 -72.554802   45.008228
 -72.536156   44.925732
 -72.539185   44.925556
 -72.533089   44.833466
 -72.578598   44.781532
 -72.593933   44.790569
 -72.612534   44.801540
 -72.676270   44.794163
 -72.745033   44.786407
 -72.747795   44.786125
 -72.749405   44.776321
 -72.754486   44.776287
 -72.756859   44.766354
 -72.767647   44.766533
 -72.774269   44.736492
 -72.783279   44.737453
 -72.786072   44.727600
 -72.796097   44.692215
 -72.851448   44.711460
 -72.892975   44.654984
 -72.905479   44.645569
 -72.918060   44.645729
 -72.922905   44.649380
 -72.927673   44.645775
 -72.924538   44.632999
 -73.038445   44.651108
 -73.229279   44.722824
 -73.236137   44.736408
 -73.256744   44.759399
 -73.259491   44.771935
 -73.256538   44.782455
 -73.236504   44.810165
 -73.208237   44.824959
 -73.202927   44.835445
 -73.207977   44.846348
 -73.207382   44.852360
 -73.194450   44.886803
 -73.193214   44.908661
 -73.209389   44.911888
 -73.224861   44.918068
 -73.231201   44.927395
 -73.240318   44.943275
 -73.240753   44.951553
 -73.227150   44.962399

Grand Isle
VT
72
 -73.343552   45.010799
 -73.192352   45.013580
 -73.227150   44.962399
 -73.240753   44.951553
 -73.240318   44.943275
 -73.231201   44.927395
 -73.224861   44.918068
 -73.209389   44.911888
 -73.193214   44.908661
 -73.194450   44.886803
 -73.207382   44.852360
 -73.207977   44.846348
 -73.202927   44.835445
 -73.208237   44.824959
 -73.236504   44.810165
 -73.256538   44.782455
 -73.259491   44.771935
 -73.256744   44.759399
 -73.236137   44.736408
 -73.229279   44.722824
 -73.228523   44.688148
 -73.233757   44.673759
 -73.234192   44.648609
 -73.251587   44.641979
 -73.254913   44.637436
 -73.257446   44.628918
 -73.254890   44.607853
 -73.266014   44.592564
 -73.284088   44.582310
 -73.313957   44.572838
 -73.361916   44.563538
 -73.375374   44.575771
 -73.376091   44.581993
 -73.382271   44.589272
 -73.377235   44.595413
 -73.377274   44.599552
 -73.383354   44.612141
 -73.390656   44.618309
 -73.386917   44.626881
 -73.387207   44.636326
 -73.378983   44.641434
 -73.384903   44.646641
 -73.378746   44.652119
 -73.379494   44.656727
 -73.375000   44.661846
 -73.370087   44.663437
 -73.373146   44.668697
 -73.372139   44.675117
 -73.372055   44.677197
 -73.367630   44.678471
 -73.370567   44.684811
 -73.365723   44.687504
 -73.361656   44.694973
 -73.366402   44.697517
 -73.366173   44.741020
 -73.352493   44.760635
 -73.347511   44.772942
 -73.333878   44.786469
 -73.335464   44.804070
 -73.341858   44.808784
 -73.353897   44.820343
 -73.368698   44.827969
 -73.379875   44.837967
 -73.382019   44.849312
 -73.380249   44.856995
 -73.369530   44.866638
 -73.356644   44.904453
 -73.343170   44.913677
 -73.339050   44.919327
 -73.338661   44.964710
 -73.350639   44.976185
 -73.355057   44.987312

Lamoille
VT
40
 -72.924538   44.632999
 -72.927673   44.645775
 -72.922905   44.649380
 -72.918060   44.645729
 -72.905479   44.645569
 -72.892975   44.654984
 -72.851448   44.711460
 -72.796097   44.692215
 -72.786072   44.727600
 -72.783279   44.737453
 -72.774269   44.736492
 -72.767647   44.766533
 -72.756859   44.766354
 -72.754486   44.776287
 -72.749405   44.776321
 -72.747795   44.786125
 -72.745033   44.786407
 -72.676270   44.794163
 -72.612534   44.801540
 -72.593933   44.790569
 -72.578598   44.781532
 -72.417763   44.722843
 -72.423538   44.715115
 -72.477097   44.641792
 -72.482750   44.633877
 -72.368240   44.592682
 -72.375229   44.584072
 -72.430298   44.511993
 -72.434761   44.506042
 -72.490997   44.425640
 -72.597244   44.479240
 -72.654839   44.398167
 -72.766144   44.442802
 -72.805435   44.451626
 -72.839073   44.459175
 -72.804001   44.506119
 -72.831192   44.516380
 -72.809784   44.547871
 -72.829498   44.552338
 -72.911003   44.630802

Orange
VT
95
 -72.368805   44.203995
 -72.305443   44.183086
 -72.170723   44.191994
 -72.166611   44.190876
 -72.043266   44.156551
 -72.040543   44.155689
 -72.043335   44.151222
 -72.042450   44.137104
 -72.034164   44.131481
 -72.037979   44.124645
 -72.042419   44.125587
 -72.053490   44.119740
 -72.055992   44.111217
 -72.048798   44.096840
 -72.043953   44.096931
 -72.040146   44.103310
 -72.031960   44.100403
 -72.033875   44.090782
 -72.045692   44.087151
 -72.032318   44.079559
 -72.037018   44.076889
 -72.043381   44.079361
 -72.053085   44.076733
 -72.049095   44.069580
 -72.058479   44.058109
 -72.068077   44.057968
 -72.069473   44.054405
 -72.062439   44.050014
 -72.078316   44.043823
 -72.079674   44.039436
 -72.075424   44.032623
 -72.080048   44.029835
 -72.083443   44.021656
 -72.091637   44.024395
 -72.095566   44.021763
 -72.095657   44.016602
 -72.090530   44.009834
 -72.093719   44.009312
 -72.097496   44.015118
 -72.102943   44.014816
 -72.105759   44.012596
 -72.104233   44.002773
 -72.117447   43.994411
 -72.112373   43.984978
 -72.114738   43.967449
 -72.105629   43.969940
 -72.091011   43.966129
 -72.101227   43.962357
 -72.099350   43.957359
 -72.106346   43.949303
 -72.118706   43.946098
 -72.117210   43.933922
 -72.121399   43.919018
 -72.151688   43.901745
 -72.160866   43.887299
 -72.172112   43.885292
 -72.174042   43.879601
 -72.169800   43.872509
 -72.168922   43.870815
 -72.167946   43.869083
 -72.170883   43.867805
 -72.183929   43.864925
 -72.188385   43.856056
 -72.183327   43.845039
 -72.182671   43.833958
 -72.189049   43.821064
 -72.183807   43.808083
 -72.196022   43.791420
 -72.205765   43.784405
 -72.205482   43.770870
 -72.337914   43.809635
 -72.460594   43.838223
 -72.574898   43.873283
 -72.577271   43.873985
 -72.703979   43.909283
 -72.708237   43.910320
 -72.783653   43.928905
 -72.779518   43.934532
 -72.785011   43.936115
 -72.780602   43.942577
 -72.791039   43.945679
 -72.786667   43.952091
 -72.792213   43.953716
 -72.787422   43.960281
 -72.791458   43.961605
 -72.742020   44.029449
 -72.684227   44.012875
 -72.635963   44.089489
 -72.627457   44.087147
 -72.589783   44.160221
 -72.564774   44.153656
 -72.560135   44.162796
 -72.456467   44.133022
 -72.443489   44.128609
 -72.420197   44.220921

Orleans
VT
33
 -72.554802   45.008228
 -72.433495   45.006092
 -72.329819   45.004181
 -72.311340   45.003834
 -72.257904   45.004612
 -72.247192   45.004597
 -72.052628   45.006325
 -71.898071   45.008305
 -71.918198   44.943584
 -71.921661   44.932098
 -71.929802   44.905163
 -71.910866   44.895130
 -71.875122   44.876450
 -71.920189   44.836456
 -71.974777   44.786472
 -71.940399   44.768986
 -72.012962   44.698772
 -72.114960   44.749577
 -72.089317   44.683662
 -72.146706   44.702820
 -72.203354   44.624023
 -72.237885   44.576767
 -72.262962   44.542717
 -72.375229   44.584072
 -72.368240   44.592682
 -72.482750   44.633877
 -72.477097   44.641792
 -72.423538   44.715115
 -72.417763   44.722843
 -72.578598   44.781532
 -72.533089   44.833466
 -72.539185   44.925556
 -72.536156   44.925732

Rutland
VT
120
 -73.363106   43.753082
 -73.231827   43.764420
 -73.206734   43.766636
 -73.219528   43.837280
 -73.155968   43.839870
 -73.156738   43.842644
 -73.030975   43.846828
 -73.034142   43.843624
 -73.032494   43.841412
 -73.027824   43.841721
 -73.017021   43.804951
 -72.959312   43.826572
 -72.875000   43.858067
 -72.873817   43.839569
 -72.838043   43.829113
 -72.831543   43.838951
 -72.797325   43.829384
 -72.796455   43.826004
 -72.791130   43.823463
 -72.794792   43.821365
 -72.792458   43.816448
 -72.784943   43.813404
 -72.789177   43.806824
 -72.783371   43.804085
 -72.819054   43.746239
 -72.806519   43.742363
 -72.820496   43.716766
 -72.701401   43.682762
 -72.758461   43.587448
 -72.773285   43.591496
 -72.775436   43.579308
 -72.791527   43.494930
 -72.770744   43.491764
 -72.772003   43.477791
 -72.727638   43.468647
 -72.729317   43.462425
 -72.724457   43.461624
 -72.737762   43.421707
 -72.771034   43.358414
 -72.826370   43.380219
 -72.826263   43.372269
 -72.853897   43.371002
 -72.854141   43.347511
 -72.866531   43.346897
 -72.868362   43.300667
 -72.976372   43.304371
 -72.976608   43.291569
 -72.991753   43.291569
 -72.986588   43.304756
 -72.996742   43.305183
 -73.123154   43.308609
 -73.255081   43.314602
 -73.251297   43.408630
 -73.249207   43.461742
 -73.248146   43.523106
 -73.241837   43.532276
 -73.246078   43.539478
 -73.250572   43.543362
 -73.248260   43.544987
 -73.250854   43.550362
 -73.249084   43.553791
 -73.254936   43.555527
 -73.253052   43.556786
 -73.256378   43.561817
 -73.264610   43.569069
 -73.269447   43.569847
 -73.268028   43.571907
 -73.278259   43.574566
 -73.281303   43.573513
 -73.281746   43.577511
 -73.285362   43.579205
 -73.295738   43.576717
 -73.297783   43.579323
 -73.292557   43.584442
 -73.297371   43.587257
 -73.291573   43.599148
 -73.298462   43.609962
 -73.303215   43.609711
 -73.300758   43.617256
 -73.302521   43.623772
 -73.306679   43.627953
 -73.311615   43.624027
 -73.318298   43.628433
 -73.328140   43.625847
 -73.334633   43.627930
 -73.340515   43.624580
 -73.344955   43.626213
 -73.349197   43.621391
 -73.355087   43.626163
 -73.366005   43.623375
 -73.372337   43.624424
 -73.370277   43.619328
 -73.376831   43.608761
 -73.372910   43.604782
 -73.377785   43.598289
 -73.383949   43.597218
 -73.382385   43.591637
 -73.387321   43.590744
 -73.382797   43.586102
 -73.385696   43.583199
 -73.383820   43.576702
 -73.391045   43.574192
 -73.391991   43.570145
 -73.396645   43.567883
 -73.404350   43.570263
 -73.420822   43.581425
 -73.429077   43.583927
 -73.431671   43.588219
 -73.422058   43.602955
 -73.424149   43.612293
 -73.418114   43.621624
 -73.429024   43.636478
 -73.425659   43.644230
 -73.415955   43.652390
 -73.407883   43.673367
 -73.404350   43.691345
 -73.395958   43.696770
 -73.386322   43.711277
 -73.371056   43.725269
 -73.370331   43.743839

Washington
VT
44
 -72.805435   44.451626
 -72.766144   44.442802
 -72.654839   44.398167
 -72.597244   44.479240
 -72.490997   44.425640
 -72.434761   44.506042
 -72.321732   44.462517
 -72.224380   44.424610
 -72.229370   44.419662
 -72.223412   44.422634
 -72.221275   44.421631
 -72.223022   44.415005
 -72.217567   44.411030
 -72.228760   44.396099
 -72.270699   44.339947
 -72.318024   44.298363
 -72.316757   44.272526
 -72.336632   44.246204
 -72.368805   44.203995
 -72.420197   44.220921
 -72.443489   44.128609
 -72.456467   44.133022
 -72.560135   44.162796
 -72.564774   44.153656
 -72.589783   44.160221
 -72.627457   44.087147
 -72.635963   44.089489
 -72.684227   44.012875
 -72.742020   44.029449
 -72.821930   44.052475
 -72.897247   44.073620
 -72.917046   44.071953
 -72.934845   44.163597
 -72.953354   44.161243
 -72.953362   44.161316
 -72.922508   44.222176
 -72.896416   44.276230
 -72.911835   44.281712
 -72.879578   44.329971
 -72.856087   44.365501
 -72.833946   44.359241
 -72.826553   44.359135
 -72.804901   44.390415
 -72.839569   44.403301

Windham
VT
93
 -72.819824   43.255424
 -72.756271   43.239731
 -72.730179   43.233032
 -72.686172   43.222385
 -72.677628   43.223206
 -72.556320   43.235313
 -72.550377   43.235737
 -72.434166   43.233200
 -72.440971   43.218971
 -72.438377   43.202126
 -72.450745   43.192410
 -72.443871   43.179653
 -72.453186   43.172318
 -72.452568   43.161335
 -72.452271   43.153408
 -72.457359   43.146481
 -72.452454   43.138847
 -72.441719   43.136150
 -72.441246   43.131397
 -72.443497   43.130436
 -72.438263   43.125000
 -72.433571   43.119946
 -72.433128   43.113998
 -72.443520   43.100765
 -72.435783   43.083462
 -72.445671   43.071274
 -72.467834   43.052567
 -72.460716   43.040592
 -72.463455   43.027035
 -72.460052   43.020496
 -72.445107   43.010487
 -72.444138   43.006920
 -72.449181   43.001087
 -72.457405   43.001228
 -72.463409   42.996864
 -72.465797   42.989479
 -72.461945   42.983673
 -72.463623   42.981022
 -72.475166   42.971668
 -72.482178   42.973904
 -72.493065   42.967567
 -72.521301   42.961617
 -72.534584   42.952053
 -72.534370   42.948513
 -72.527893   42.943069
 -72.527283   42.934052
 -72.524742   42.916386
 -72.530685   42.911495
 -72.533241   42.895996
 -72.541176   42.889301
 -72.553307   42.884888
 -72.556679   42.866867
 -72.555374   42.858070
 -72.557594   42.852413
 -72.549019   42.841942
 -72.546570   42.823723
 -72.542564   42.807556
 -72.518822   42.790569
 -72.509979   42.781101
 -72.508514   42.775284
 -72.516953   42.769203
 -72.516022   42.765228
 -72.508453   42.764332
 -72.501160   42.767574
 -72.498413   42.772835
 -72.491592   42.772385
 -72.478081   42.761166
 -72.473534   42.745834
 -72.464294   42.736851
 -72.458984   42.726772
 -72.517242   42.728447
 -72.566338   42.729908
 -72.599106   42.730839
 -72.675041   42.732807
 -72.686829   42.733109
 -72.791473   42.735939
 -72.809578   42.736500
 -72.864670   42.737755
 -72.927284   42.739143
 -72.930710   42.739212
 -72.926483   42.829838
 -72.925278   42.856083
 -72.921829   42.926712
 -73.008522   42.930008
 -73.003250   43.022804
 -73.003242   43.022926
 -72.997574   43.116920
 -72.997391   43.119019
 -72.869194   43.113091
 -72.865395   43.166153
 -72.862450   43.205021
 -72.851845   43.205250
 -72.848373   43.262417

Windsor
VT
123
 -72.959312   43.826572
 -72.972244   43.868298
 -72.952759   43.874672
 -72.876755   43.901928
 -72.875000   43.864475
 -72.865944   43.861572
 -72.816139   43.937351
 -72.810272   43.935787
 -72.791458   43.961605
 -72.787422   43.960281
 -72.792213   43.953716
 -72.786667   43.952091
 -72.791039   43.945679
 -72.780602   43.942577
 -72.785011   43.936115
 -72.779518   43.934532
 -72.783653   43.928905
 -72.708237   43.910320
 -72.703979   43.909283
 -72.577271   43.873985
 -72.574898   43.873283
 -72.460594   43.838223
 -72.337914   43.809635
 -72.205482   43.770870
 -72.218567   43.765659
 -72.232971   43.748116
 -72.233101   43.747959
 -72.235069   43.745564
 -72.238068   43.745060
 -72.235222   43.746723
 -72.235954   43.747280
 -72.264709   43.734089
 -72.271645   43.734070
 -72.302803   43.703423
 -72.305641   43.692535
 -72.305710   43.692360
 -72.303902   43.668205
 -72.314491   43.656090
 -72.314796   43.642235
 -72.329590   43.635490
 -72.327705   43.630463
 -72.334862   43.619179
 -72.335205   43.614449
 -72.328674   43.606174
 -72.330086   43.600132
 -72.350395   43.587654
 -72.373589   43.579350
 -72.379906   43.574001
 -72.380608   43.564629
 -72.383247   43.562389
 -72.380852   43.540810
 -72.389557   43.528194
 -72.394676   43.527328
 -72.396690   43.519508
 -72.396866   43.519085
 -72.398590   43.510281
 -72.385239   43.500187
 -72.380768   43.489895
 -72.383415   43.475929
 -72.392967   43.467293
 -72.391029   43.451153
 -72.396828   43.428795
 -72.404282   43.391865
 -72.415848   43.380138
 -72.415565   43.365826
 -72.413841   43.362667
 -72.404419   43.358025
 -72.392639   43.357792
 -72.390602   43.356007
 -72.407013   43.337772
 -72.407326   43.337334
 -72.410667   43.330318
 -72.395988   43.312531
 -72.403038   43.301952
 -72.408310   43.282822
 -72.416794   43.269814
 -72.422050   43.263367
 -72.436340   43.257954
 -72.439163   43.252831
 -72.439659   43.245148
 -72.434166   43.233200
 -72.550377   43.235737
 -72.556320   43.235313
 -72.677628   43.223206
 -72.686172   43.222385
 -72.730179   43.233032
 -72.756271   43.239731
 -72.819824   43.255424
 -72.820358   43.299137
 -72.861717   43.300472
 -72.868362   43.300667
 -72.866531   43.346897
 -72.854141   43.347511
 -72.853897   43.371002
 -72.826263   43.372269
 -72.826370   43.380219
 -72.771034   43.358414
 -72.737762   43.421707
 -72.724457   43.461624
 -72.729317   43.462425
 -72.727638   43.468647
 -72.772003   43.477791
 -72.770744   43.491764
 -72.791527   43.494930
 -72.775436   43.579308
 -72.773285   43.591496
 -72.758461   43.587448
 -72.701401   43.682762
 -72.820496   43.716766
 -72.806519   43.742363
 -72.819054   43.746239
 -72.783371   43.804085
 -72.789177   43.806824
 -72.784943   43.813404
 -72.792458   43.816448
 -72.794792   43.821365
 -72.791130   43.823463
 -72.796455   43.826004
 -72.797325   43.829384
 -72.831543   43.838951
 -72.838043   43.829113
 -72.873817   43.839569
 -72.875000   43.858067

