 -92.889221   42.491814
 -86.805946   47.077255
76

Adams
WI
92
 -89.902443   44.249504
 -89.724770   44.247688
 -89.597862   44.245754
 -89.597862   43.982265
 -89.599854   43.642616
 -89.785690   43.641071
 -89.790054   43.644505
 -89.785301   43.650715
 -89.788040   43.666962
 -89.810745   43.679321
 -89.823395   43.697521
 -89.841957   43.736095
 -89.843964   43.757717
 -89.849586   43.762745
 -89.852036   43.769501
 -89.858444   43.773563
 -89.865349   43.783203
 -89.887459   43.796078
 -89.902184   43.813473
 -89.913956   43.818871
 -89.919235   43.833652
 -89.925514   43.841301
 -89.957977   43.859932
 -89.962265   43.864643
 -89.959686   43.876732
 -89.974434   43.896381
 -89.981560   43.911236
 -89.980721   43.914726
 -89.968292   43.921982
 -89.956375   43.918056
 -89.951302   43.922684
 -89.957848   43.933792
 -89.951721   43.942329
 -89.951973   43.948387
 -89.961334   43.966366
 -89.959702   43.976772
 -89.962341   43.982716
 -89.967415   43.986038
 -89.964851   43.988636
 -89.968018   43.993664
 -90.006454   44.008083
 -90.006111   44.012333
 -89.998772   44.017799
 -89.998070   44.022293
 -90.004616   44.034527
 -90.016747   44.042965
 -90.020592   44.056767
 -90.019127   44.061337
 -90.025932   44.068756
 -90.028549   44.091007
 -90.020607   44.101112
 -90.010513   44.101116
 -90.006584   44.103703
 -90.012207   44.114700
 -90.010376   44.121155
 -89.999657   44.123096
 -89.992546   44.127792
 -89.984421   44.121643
 -89.980125   44.121181
 -89.975975   44.123768
 -89.975700   44.126858
 -89.985535   44.129509
 -89.986809   44.131889
 -89.974983   44.134460
 -89.970581   44.166882
 -89.965767   44.167919
 -89.955620   44.164314
 -89.941338   44.164127
 -89.935120   44.153587
 -89.928993   44.152340
 -89.922066   44.161964
 -89.924919   44.176868
 -89.921440   44.179176
 -89.907013   44.176319
 -89.903214   44.178734
 -89.901024   44.186005
 -89.903854   44.190937
 -89.922981   44.190929
 -89.926079   44.194794
 -89.922562   44.197777
 -89.909874   44.197823
 -89.906303   44.200104
 -89.907677   44.206127
 -89.920883   44.209595
 -89.925392   44.214600
 -89.920731   44.219402
 -89.907547   44.220016
 -89.909973   44.226215
 -89.906830   44.228863
 -89.898254   44.227242
 -89.894676   44.229492
 -89.903160   44.239643

Ashland
WI
16
 -90.469803   46.986687
 -90.467194   47.000366
 -90.458069   47.010796
 -90.454819   47.025127
 -90.456764   47.043373
 -90.448952   47.066830
 -90.430702   47.074650
 -90.417023   47.077255
 -90.399429   47.077255
 -90.392265   47.074650
 -90.392914   47.065529
 -90.402687   47.038158
 -90.403992   47.024475
 -90.413109   47.011448
 -90.436966   47.000000
 -90.453514   46.997112

Ashland
WI
18
 -90.638550   46.905891
 -90.644417   46.908497
 -90.654846   46.918922
 -90.635300   46.943031
 -90.625000   46.944424
 -90.574051   46.958668
 -90.529091   46.968445
 -90.508240   46.959972
 -90.507591   46.954109
 -90.517357   46.946289
 -90.524529   46.932606
 -90.539520   46.924789
 -90.538216   46.911755
 -90.551895   46.907196
 -90.562317   46.920876
 -90.569489   46.924137
 -90.585129   46.915665
 -90.638550   46.905891

Ashland
WI
37
 -90.787598   46.752693
 -90.789162   46.758774
 -90.782112   46.767906
 -90.783272   46.773762
 -90.789070   46.779293
 -90.791382   46.785049
 -90.783394   46.788723
 -90.763832   46.792992
 -90.753113   46.797874
 -90.731789   46.800880
 -90.727638   46.810501
 -90.708870   46.822113
 -90.680443   46.831825
 -90.654701   46.844818
 -90.633865   46.864460
 -90.617737   46.874474
 -90.603935   46.873215
 -90.589340   46.859905
 -90.569824   46.849758
 -90.568695   46.847317
 -90.578712   46.841442
 -90.613640   46.838009
 -90.642097   46.827747
 -90.674988   46.819645
 -90.674660   46.804657
 -90.664909   46.799469
 -90.654861   46.799076
 -90.652603   46.795216
 -90.657730   46.788567
 -90.700706   46.782104
 -90.714645   46.785667
 -90.721802   46.783173
 -90.739250   46.768089
 -90.744896   46.767376
 -90.763466   46.754993
 -90.771477   46.753082
 -90.787598   46.752693

Ashland
WI
35
 -90.927185   46.584251
 -90.916779   46.582062
 -90.906998   46.582710
 -90.876373   46.599651
 -90.835327   46.613335
 -90.824257   46.619850
 -90.804703   46.621807
 -90.787766   46.627022
 -90.757141   46.643307
 -90.752579   46.649174
 -90.752579   46.655689
 -90.760399   46.659595
 -90.761047   46.662857
 -90.746712   46.670677
 -90.694595   46.664162
 -90.636597   46.628971
 -90.557762   46.585320
 -90.549583   46.583847
 -90.549698   46.583607
 -90.548759   46.329113
 -90.552002   46.240898
 -90.425797   46.240501
 -90.426102   46.154099
 -90.302902   46.154900
 -90.303505   46.096699
 -90.300102   46.068001
 -90.301895   45.981400
 -90.676804   45.981602
 -90.925003   45.981098
 -90.924400   46.154770
 -90.924309   46.257954
 -90.928154   46.284401
 -90.924797   46.306416
 -90.923866   46.371094
 -90.927185   46.584251

Barron
WI
7
 -92.154701   45.639793
 -92.031013   45.639980
 -91.540131   45.637650
 -91.541161   45.292057
 -91.542068   45.206577
 -91.665543   45.207977
 -92.156319   45.209534

Bayfield
WI
68
 -91.550766   46.756470
 -91.513985   46.756130
 -91.428139   46.779980
 -91.408104   46.793331
 -91.389030   46.788563
 -91.369949   46.792381
 -91.335617   46.818130
 -91.312721   46.827671
 -91.286964   46.834347
 -91.266937   46.832439
 -91.254539   46.835304
 -91.231644   46.861057
 -91.221153   46.864872
 -91.207802   46.866779
 -91.165825   46.854382
 -91.135307   46.859146
 -91.107643   46.857239
 -91.095238   46.865826
 -91.090469   46.882996
 -91.078072   46.883949
 -91.059952   46.878223
 -91.036102   46.892532
 -91.033241   46.904938
 -91.001762   46.915428
 -90.983643   46.927830
 -90.973145   46.941181
 -90.961700   46.943089
 -90.928314   46.931644
 -90.911140   46.939274
 -90.881577   46.957397
 -90.858688   46.962166
 -90.835793   46.956444
 -90.828163   46.946903
 -90.807175   46.936413
 -90.792862   46.933548
 -90.749947   46.892532
 -90.754715   46.882996
 -90.770927   46.873455
 -90.783325   46.857239
 -90.795731   46.826717
 -90.825294   46.799057
 -90.834839   46.786655
 -90.849144   46.787609
 -90.858688   46.782841
 -90.858688   46.772346
 -90.865356   46.762810
 -90.879669   46.758041
 -90.884438   46.753273
 -90.879669   46.738007
 -90.851059   46.698898
 -90.853912   46.690315
 -90.885391   46.668377
 -90.909241   46.663609
 -90.914009   46.656929
 -90.914009   46.642620
 -90.921638   46.627361
 -90.945488   46.601604
 -90.941673   46.587296
 -90.927185   46.584251
 -90.923866   46.371094
 -90.924797   46.306416
 -90.928154   46.284401
 -90.924309   46.257954
 -90.924400   46.154770
 -91.250000   46.157799
 -91.551094   46.157101
 -91.551315   46.500000
 -91.553467   46.517426

Brown
WI
40
 -88.242744   44.679642
 -88.230858   44.679565
 -88.229279   44.672352
 -88.131256   44.676937
 -87.987328   44.678143
 -87.986549   44.672726
 -87.995377   44.672726
 -88.003433   44.660061
 -88.013794   44.620155
 -88.011879   44.602505
 -88.014946   44.586773
 -88.024918   44.577560
 -88.031448   44.578712
 -88.036430   44.575260
 -88.041428   44.571419
 -88.041809   44.566437
 -88.007271   44.539955
 -87.970428   44.529594
 -87.945496   44.529213
 -87.934753   44.533047
 -87.916710   44.547630
 -87.899063   44.572956
 -87.902138   44.576797
 -87.896378   44.586002
 -87.863373   44.615551
 -87.856087   44.619389
 -87.840736   44.619003
 -87.803520   44.637802
 -87.775505   44.638187
 -87.762268   44.645596
 -87.766083   44.327187
 -87.887619   44.327644
 -87.888008   44.240398
 -88.043190   44.240955
 -88.192505   44.242001
 -88.190506   44.586800
 -88.245102   44.584801
 -88.242821   44.660664
 -88.252289   44.660225
 -88.252678   44.679829

Buffalo
WI
120
 -91.650085   44.596687
 -91.528946   44.596237
 -91.529587   44.246815
 -91.532089   44.245350
 -91.537209   44.246891
 -91.538612   44.242252
 -91.534157   44.240673
 -91.539032   44.239532
 -91.538872   44.235210
 -91.551178   44.231918
 -91.551529   44.233814
 -91.556267   44.224968
 -91.567810   44.222477
 -91.566315   44.220055
 -91.573181   44.218819
 -91.574806   44.222546
 -91.582588   44.221104
 -91.580338   44.218132
 -91.584595   44.215523
 -91.587456   44.218155
 -91.592384   44.215477
 -91.593620   44.217579
 -91.594444   44.214497
 -91.600807   44.211082
 -91.603973   44.202145
 -91.608360   44.201111
 -91.599586   44.194004
 -91.596436   44.183949
 -91.612473   44.173855
 -91.612251   44.168530
 -91.606651   44.163845
 -91.596039   44.164124
 -91.594963   44.160648
 -91.589211   44.159458
 -91.589714   44.157688
 -91.588226   44.153629
 -91.576820   44.153767
 -91.574120   44.149792
 -91.571045   44.152306
 -91.571869   44.149357
 -91.566086   44.148785
 -91.560753   44.145012
 -91.557770   44.134449
 -91.553070   44.132023
 -91.548622   44.124435
 -91.552536   44.119152
 -91.547424   44.111542
 -91.548508   44.107971
 -91.539307   44.103832
 -91.540802   44.101662
 -91.534103   44.096352
 -91.543213   44.082066
 -91.540176   44.077263
 -91.548798   44.073948
 -91.549881   44.067913
 -91.558128   44.062477
 -91.558983   44.053120
 -91.564560   44.051632
 -91.570641   44.044914
 -91.571007   44.037865
 -91.555923   44.029781
 -91.558853   44.025352
 -91.582458   44.027420
 -91.591927   44.031406
 -91.610344   44.049347
 -91.627754   44.055843
 -91.637970   44.063324
 -91.647728   44.064148
 -91.659363   44.074242
 -91.666855   44.087002
 -91.681381   44.097435
 -91.695160   44.098606
 -91.707344   44.103943
 -91.710449   44.120518
 -91.721397   44.130379
 -91.751595   44.134823
 -91.774338   44.147575
 -91.807915   44.159302
 -91.817146   44.164272
 -91.829018   44.178387
 -91.858086   44.193039
 -91.875000   44.200611
 -91.877274   44.212955
 -91.892532   44.231140
 -91.886879   44.251808
 -91.895851   44.262909
 -91.896805   44.275707
 -91.905632   44.281647
 -91.920120   44.286533
 -91.924454   44.291851
 -91.924721   44.295765
 -91.913376   44.311428
 -91.925430   44.333584
 -91.941154   44.341011
 -91.959358   44.359440
 -91.970100   44.365875
 -91.987129   44.369152
 -92.006020   44.378860
 -92.019142   44.381252
 -92.037987   44.388763
 -92.056320   44.402763
 -92.078438   44.404903
 -92.083397   44.407368
 -92.082932   44.414288
 -92.079712   44.417240
 -92.082184   44.424477
 -92.080711   44.431068
 -92.074890   44.436962
 -92.059151   44.466324
 -92.059998   44.474007
 -92.055946   44.488968
 -92.043747   44.512409
 -92.043556   44.520523
 -92.047752   44.530464
 -92.038673   44.547005
 -92.039413   44.564243
 -92.029007   44.586327
 -92.022614   44.590553
 -92.012146   44.591877
 -92.002975   44.596867

Burnett
WI
66
 -92.293510   46.157387
 -92.049469   46.157776
 -92.050461   45.983978
 -92.033226   45.983929
 -92.031013   45.639980
 -92.154701   45.639793
 -92.154259   45.725670
 -92.365837   45.726105
 -92.528160   45.728756
 -92.528931   45.642178
 -92.886856   45.644192
 -92.878723   45.665649
 -92.875282   45.689056
 -92.869934   45.696800
 -92.868980   45.717613
 -92.862389   45.722282
 -92.850731   45.723877
 -92.848640   45.728794
 -92.840843   45.730068
 -92.828773   45.733761
 -92.809631   45.744217
 -92.785576   45.763538
 -92.776291   45.790058
 -92.757607   45.806622
 -92.765480   45.827301
 -92.763466   45.832111
 -92.739792   45.846333
 -92.735909   45.859177
 -92.738014   45.862080
 -92.713066   45.891106
 -92.676407   45.906422
 -92.675964   45.912125
 -92.659355   45.922989
 -92.638924   45.924603
 -92.639923   45.932529
 -92.637642   45.934521
 -92.629066   45.932457
 -92.622520   45.935238
 -92.614120   45.934582
 -92.602264   45.940868
 -92.589943   45.941826
 -92.574699   45.948154
 -92.551735   45.951702
 -92.549606   45.968040
 -92.537514   45.977871
 -92.524994   45.983917
 -92.509850   45.981915
 -92.490799   45.975613
 -92.469162   45.973866
 -92.461067   45.979481
 -92.464317   45.985092
 -92.453178   45.992970
 -92.442062   46.016232
 -92.435432   46.021290
 -92.420502   46.026825
 -92.408501   46.026817
 -92.392487   46.019596
 -92.371109   46.014004
 -92.357773   46.013470
 -92.350220   46.016422
 -92.349091   46.023682
 -92.342567   46.032066
 -92.343262   46.043049
 -92.332718   46.062756
 -92.319138   46.069347
 -92.293839   46.074436

Calumet
WI
7
 -88.403908   44.244301
 -88.192505   44.242001
 -88.043190   44.240955
 -88.041695   43.891701
 -88.162003   43.891506
 -88.161438   43.937599
 -88.403107   43.938400

Chippewa
WI
12
 -91.541161   45.292057
 -90.925133   45.292152
 -90.925903   45.123062
 -90.925835   45.119450
 -90.922668   45.119461
 -90.923233   45.031300
 -90.922104   44.857349
 -91.650337   44.856178
 -91.651367   45.120968
 -91.666382   45.121063
 -91.665543   45.207977
 -91.542068   45.206577

Clark
WI
11
 -90.923233   45.031300
 -90.433571   45.030888
 -90.314697   45.033859
 -90.316055   44.685230
 -90.315918   44.424713
 -90.436127   44.422585
 -90.801964   44.422604
 -90.801712   44.509533
 -90.922958   44.509872
 -90.922211   44.596462
 -90.922104   44.857349

Columbia
WI
43
 -89.599854   43.642616
 -89.245331   43.642853
 -89.126984   43.643391
 -89.127228   43.631741
 -89.006737   43.632874
 -89.004356   43.375000
 -89.004578   43.371704
 -89.008911   43.371643
 -89.008865   43.284843
 -89.105385   43.282475
 -89.362999   43.281170
 -89.363106   43.294010
 -89.720177   43.292938
 -89.727051   43.301315
 -89.723511   43.314465
 -89.719589   43.319759
 -89.703712   43.330307
 -89.696274   43.342163
 -89.679146   43.360199
 -89.670227   43.361794
 -89.655632   43.359837
 -89.644852   43.361897
 -89.623482   43.367847
 -89.600601   43.380020
 -89.599236   43.557877
 -89.612244   43.564922
 -89.642143   43.563049
 -89.665627   43.569191
 -89.697212   43.566029
 -89.730423   43.570457
 -89.734322   43.578789
 -89.721024   43.590317
 -89.717522   43.597630
 -89.722649   43.599876
 -89.739952   43.598270
 -89.752579   43.605759
 -89.760368   43.603535
 -89.767334   43.606331
 -89.775238   43.613785
 -89.773247   43.620369
 -89.782227   43.625668
 -89.775917   43.631962
 -89.785690   43.641071

Crawford
WI
65
 -91.205414   43.422977
 -90.767448   43.423069
 -90.746758   43.424576
 -90.668434   43.423016
 -90.668495   43.379482
 -90.665886   43.379444
 -90.666664   43.171795
 -90.689735   43.172989
 -90.698219   43.167953
 -90.698090   43.160740
 -90.726555   43.144901
 -90.741127   43.124332
 -90.750076   43.124012
 -90.763176   43.115589
 -90.798164   43.109112
 -90.807732   43.103226
 -90.809135   43.097740
 -90.822670   43.088165
 -90.839111   43.085518
 -90.845627   43.077641
 -90.867386   43.072685
 -90.882828   43.073265
 -90.914009   43.062599
 -90.929062   43.065262
 -90.937355   43.063553
 -90.951912   43.044792
 -90.969307   43.033207
 -90.985558   43.026112
 -91.002403   43.023624
 -91.011948   43.013168
 -91.022446   43.007648
 -91.052902   43.001511
 -91.057144   42.994099
 -91.065147   42.992088
 -91.077103   42.994457
 -91.086960   42.993664
 -91.102936   43.000374
 -91.132904   42.999500
 -91.156677   42.988186
 -91.174561   43.038727
 -91.179329   43.067444
 -91.177094   43.080265
 -91.175064   43.103786
 -91.178123   43.125000
 -91.175125   43.134686
 -91.156075   43.142963
 -91.146072   43.152424
 -91.138519   43.170013
 -91.124298   43.187908
 -91.122040   43.197277
 -91.066269   43.239315
 -91.057793   43.255386
 -91.059624   43.259094
 -91.072517   43.262154
 -91.073586   43.274769
 -91.085526   43.291893
 -91.107109   43.313667
 -91.132690   43.328053
 -91.180984   43.345951
 -91.201721   43.349129
 -91.206490   43.352547
 -91.214928   43.367126
 -91.205940   43.375000
 -91.197533   43.395359
 -91.201096   43.415928

Dane
WI
21
 -89.720177   43.292938
 -89.363106   43.294010
 -89.362999   43.281170
 -89.105385   43.282475
 -89.008865   43.284843
 -89.008820   43.197681
 -89.011963   43.110607
 -89.013374   42.847343
 -89.368904   42.845032
 -89.368782   42.856472
 -89.838051   42.857395
 -89.838013   43.206066
 -89.816986   43.225029
 -89.807182   43.238255
 -89.772766   43.239590
 -89.761475   43.248356
 -89.750526   43.247589
 -89.743713   43.253769
 -89.732346   43.258034
 -89.713821   43.278725
 -89.713760   43.283840

Dodge
WI
13
 -89.006737   43.632874
 -88.885941   43.633610
 -88.400963   43.630878
 -88.400269   43.543442
 -88.401825   43.369953
 -88.418556   43.370049
 -88.418190   43.194801
 -88.535744   43.196033
 -89.008820   43.197681
 -89.008865   43.284843
 -89.008911   43.371643
 -89.004578   43.371704
 -89.004356   43.375000

Door
WI
28
 -86.905151   45.293095
 -86.937225   45.337330
 -86.946068   45.334007
 -86.954910   45.339535
 -86.954910   45.380451
 -86.942749   45.415836
 -86.935005   45.421364
 -86.927269   45.411411
 -86.912895   45.408096
 -86.892990   45.409199
 -86.875298   45.413624
 -86.860924   45.412521
 -86.853188   45.405884
 -86.831062   45.411411
 -86.829964   45.428001
 -86.816696   45.425789
 -86.807846   45.420261
 -86.805946   45.406742
 -86.823326   45.404778
 -86.834381   45.393719
 -86.846550   45.374924
 -86.863136   45.356125
 -86.864243   45.343960
 -86.869766   45.330692
 -86.881935   45.330692
 -86.896301   45.325165
 -86.898521   45.308575
 -86.895203   45.295307

Door
WI
90
 -87.737000   44.676865
 -87.720100   44.691559
 -87.719002   44.705936
 -87.722313   44.724731
 -87.706833   44.735790
 -87.660393   44.788868
 -87.611732   44.836414
 -87.582985   44.850788
 -87.534332   44.855213
 -87.502266   44.855213
 -87.479050   44.860741
 -87.460251   44.876225
 -87.407166   44.907185
 -87.397217   44.927090
 -87.377312   44.953625
 -87.362946   44.983479
 -87.340820   45.011124
 -87.306541   45.049828
 -87.283325   45.059780
 -87.281113   45.075260
 -87.270058   45.078575
 -87.261208   45.087425
 -87.260101   45.111752
 -87.250153   45.130547
 -87.239098   45.167042
 -87.229141   45.173672
 -87.220299   45.174782
 -87.216972   45.165932
 -87.199287   45.163719
 -87.173859   45.172569
 -87.169434   45.181412
 -87.159477   45.186943
 -87.145103   45.191364
 -87.130730   45.192471
 -87.120773   45.202423
 -87.121880   45.221218
 -87.108620   45.256603
 -87.098663   45.258816
 -87.089813   45.254395
 -87.071014   45.279827
 -87.068810   45.294201
 -87.057755   45.297520
 -87.051109   45.286461
 -87.037849   45.287567
 -87.014626   45.298622
 -86.994720   45.297520
 -86.980347   45.293095
 -86.969292   45.277615
 -86.973709   45.270981
 -86.973709   45.244438
 -86.978134   45.224541
 -86.986984   45.213482
 -87.004669   45.210163
 -87.033424   45.211269
 -87.043373   45.178097
 -87.043373   45.157089
 -87.028999   45.146027
 -87.033424   45.139397
 -87.046684   45.134972
 -87.053329   45.117279
 -87.047798   45.104008
 -87.054436   45.089638
 -87.078758   45.056465
 -87.092026   45.053143
 -87.104195   45.068623
 -87.120773   45.066414
 -87.129623   45.033241
 -87.139580   45.011124
 -87.161690   45.004494
 -87.189339   44.966896
 -87.188232   44.949203
 -87.174957   44.940357
 -87.172752   44.928192
 -87.178284   44.923771
 -87.193764   44.921558
 -87.211449   44.909397
 -87.218086   44.897232
 -87.205917   44.882854
 -87.203712   44.874012
 -87.270058   44.843048
 -87.282219   44.812088
 -87.305443   44.801033
 -87.318710   44.785549
 -87.318710   44.767857
 -87.330872   44.754589
 -87.348572   44.709251
 -87.375000   44.675545
 -87.375031   44.675476
 -87.498962   44.675201
 -87.737000   44.676865

Douglas
WI
54
 -92.015121   46.706539
 -92.007736   46.705063
 -91.973198   46.686501
 -91.961693   46.682598
 -91.942802   46.680000
 -91.877495   46.691536
 -91.857239   46.692654
 -91.819839   46.690235
 -91.789948   46.694736
 -91.730034   46.714573
 -91.654854   46.732517
 -91.591728   46.754028
 -91.564934   46.756599
 -91.550766   46.756470
 -91.553467   46.517426
 -91.551315   46.500000
 -91.551094   46.157101
 -92.049469   46.157776
 -92.293510   46.157387
 -92.292664   46.417278
 -92.292000   46.663300
 -92.291107   46.668201
 -92.287201   46.667400
 -92.286003   46.660400
 -92.274200   46.657501
 -92.270401   46.650799
 -92.265800   46.651100
 -92.256401   46.658798
 -92.242302   46.649300
 -92.228302   46.653000
 -92.216202   46.649899
 -92.206902   46.652000
 -92.201401   46.656700
 -92.203903   46.667000
 -92.192307   46.676800
 -92.181198   46.680302
 -92.175903   46.686401
 -92.176308   46.690300
 -92.182907   46.695301
 -92.205002   46.698399
 -92.204506   46.704102
 -92.197197   46.707699
 -92.188904   46.717602
 -92.174103   46.717300
 -92.167107   46.720001
 -92.154999   46.716000
 -92.146103   46.716000
 -92.141106   46.725300
 -92.143105   46.734699
 -92.137703   46.739601
 -92.116402   46.748699
 -92.089302   46.749298
 -92.033798   46.709000
 -92.020103   46.704102

Dunn
WI
10
 -92.156319   45.209534
 -91.665543   45.207977
 -91.666382   45.121063
 -91.651367   45.120968
 -91.650337   44.856178
 -91.650139   44.683647
 -92.135025   44.684399
 -92.136360   44.857777
 -92.135925   45.121365
 -92.156952   45.121548

Eau Claire
WI
7
 -91.650337   44.856178
 -90.922104   44.857349
 -90.922211   44.596462
 -91.165466   44.596943
 -91.528946   44.596237
 -91.650085   44.596687
 -91.650139   44.683647

Florence
WI
110
 -88.683189   46.014057
 -88.674934   46.011185
 -88.671135   45.999069
 -88.663269   45.992718
 -88.670586   45.988487
 -88.663895   45.989079
 -88.663040   45.987366
 -88.657631   45.989330
 -88.652374   45.987713
 -88.647400   45.988571
 -88.637367   45.985004
 -88.633926   45.988045
 -88.614044   45.988819
 -88.615685   45.993938
 -88.611526   45.998421
 -88.612320   46.004772
 -88.607834   46.006851
 -88.601311   46.017643
 -88.593727   46.015175
 -88.588875   46.005119
 -88.580536   46.007019
 -88.565353   46.015751
 -88.550621   46.012939
 -88.540947   46.013809
 -88.532417   46.018242
 -88.532280   46.021255
 -88.507057   46.018345
 -88.506348   46.011192
 -88.500648   46.000721
 -88.496765   45.999058
 -88.498009   45.995880
 -88.492439   45.992268
 -88.486099   45.990993
 -88.475868   45.992870
 -88.474564   45.998817
 -88.470718   46.001049
 -88.458527   45.999435
 -88.454231   45.997562
 -88.454124   45.993473
 -88.450195   45.990227
 -88.439598   45.990501
 -88.433334   45.985336
 -88.425995   45.984283
 -88.422913   45.978592
 -88.416000   45.975346
 -88.409737   45.979733
 -88.388710   45.982719
 -88.385101   45.990284
 -88.380051   45.991699
 -88.371254   45.985527
 -88.345573   45.974453
 -88.341774   45.969376
 -88.337936   45.970131
 -88.330040   45.966110
 -88.327744   45.958981
 -88.330170   45.956673
 -88.327675   45.955322
 -88.320396   45.960007
 -88.319542   45.963779
 -88.292252   45.951164
 -88.284904   45.955528
 -88.269081   45.956486
 -88.259209   45.959541
 -88.254677   45.963585
 -88.247261   45.963558
 -88.245613   45.954197
 -88.239532   45.949028
 -88.233009   45.947453
 -88.222031   45.948559
 -88.209457   45.944328
 -88.201721   45.945221
 -88.201981   45.949883
 -88.197495   45.953129
 -88.191856   45.952789
 -88.177879   45.947159
 -88.171165   45.940056
 -88.165039   45.938442
 -88.161591   45.940479
 -88.154228   45.937260
 -88.146980   45.937290
 -88.140869   45.930656
 -88.127296   45.926201
 -88.126839   45.921799
 -88.116867   45.921757
 -88.102776   45.921917
 -88.095284   45.915222
 -88.105545   45.904434
 -88.101135   45.882328
 -88.095711   45.880089
 -88.083839   45.881233
 -88.069817   45.872852
 -88.075920   45.869255
 -88.075012   45.864880
 -88.082466   45.864990
 -88.088699   45.855907
 -88.133514   45.823174
 -88.135986   45.819077
 -88.129333   45.809334
 -88.107384   45.802711
 -88.103119   45.791405
 -88.094391   45.785915
 -88.079643   45.784996
 -88.071968   45.780304
 -88.058121   45.780743
 -88.059120   45.713104
 -88.177864   45.718132
 -88.425232   45.722469
 -88.675865   45.722878
 -88.674316   45.980919
 -88.684074   45.982491

Fond du Lac
WI
9
 -88.885811   43.895302
 -88.402847   43.892788
 -88.403107   43.938400
 -88.161438   43.937599
 -88.162003   43.891506
 -88.161026   43.543072
 -88.400269   43.543442
 -88.400963   43.630878
 -88.885941   43.633610

Forest
WI
39
 -88.932411   46.073662
 -88.850143   46.040321
 -88.838844   46.029625
 -88.818916   46.026302
 -88.815872   46.020630
 -88.796326   46.023647
 -88.796112   46.026897
 -88.800545   46.030079
 -88.796059   46.033756
 -88.788643   46.028667
 -88.784462   46.032700
 -88.778610   46.031734
 -88.783882   46.023029
 -88.779785   46.015480
 -88.769585   46.019012
 -88.770416   46.025536
 -88.758492   46.019585
 -88.739861   46.027351
 -88.724670   46.024548
 -88.721001   46.022057
 -88.721878   46.017395
 -88.718269   46.013329
 -88.712921   46.012711
 -88.711906   46.016277
 -88.707870   46.015205
 -88.703217   46.018246
 -88.683189   46.014057
 -88.684074   45.982491
 -88.674316   45.980919
 -88.675865   45.722878
 -88.425232   45.722469
 -88.427994   45.377045
 -88.677719   45.378716
 -88.925911   45.378674
 -88.922951   45.465172
 -89.046204   45.464802
 -89.047356   45.895405
 -89.047432   45.982212
 -88.933441   45.982140

Grant
WI
93
 -90.666664   43.171795
 -90.656448   43.171848
 -90.641266   43.179081
 -90.619606   43.184269
 -90.610313   43.184471
 -90.588036   43.201015
 -90.578346   43.204277
 -90.557999   43.206749
 -90.545280   43.211472
 -90.521561   43.206779
 -90.505768   43.208923
 -90.496521   43.205585
 -90.489227   43.206066
 -90.461815   43.200993
 -90.429703   43.200954
 -90.426872   42.812866
 -90.426247   42.507072
 -90.640800   42.508301
 -90.636803   42.513199
 -90.636597   42.518700
 -90.645508   42.544102
 -90.653999   42.549900
 -90.661400   42.568001
 -90.676926   42.579216
 -90.685364   42.589615
 -90.693871   42.614513
 -90.702545   42.630760
 -90.709084   42.636082
 -90.720078   42.640762
 -90.769371   42.651447
 -90.843781   42.663074
 -90.896828   42.675087
 -90.921036   42.685413
 -90.941437   42.683853
 -90.976181   42.696003
 -90.995407   42.713711
 -91.009445   42.720131
 -91.017113   42.719578
 -91.026657   42.724236
 -91.035286   42.737347
 -91.053612   42.738247
 -91.056168   42.747353
 -91.064926   42.751347
 -91.065369   42.757092
 -91.061302   42.757984
 -91.060135   42.761856
 -91.069427   42.769642
 -91.077965   42.806538
 -91.078537   42.827686
 -91.082642   42.829987
 -91.093933   42.830826
 -91.091270   42.849873
 -91.097527   42.859882
 -91.100441   42.883091
 -91.117279   42.895851
 -91.143250   42.904682
 -91.145432   42.907997
 -91.143669   42.922894
 -91.149750   42.941967
 -91.145302   42.958229
 -91.156433   42.978241
 -91.156677   42.988186
 -91.132904   42.999500
 -91.102936   43.000374
 -91.086960   42.993664
 -91.077103   42.994457
 -91.065147   42.992088
 -91.057144   42.994099
 -91.052902   43.001511
 -91.022446   43.007648
 -91.011948   43.013168
 -91.002403   43.023624
 -90.985558   43.026112
 -90.969307   43.033207
 -90.951912   43.044792
 -90.937355   43.063553
 -90.929062   43.065262
 -90.914009   43.062599
 -90.882828   43.073265
 -90.867386   43.072685
 -90.845627   43.077641
 -90.839111   43.085518
 -90.822670   43.088165
 -90.809135   43.097740
 -90.807732   43.103226
 -90.798164   43.109112
 -90.763176   43.115589
 -90.750076   43.124012
 -90.741127   43.124332
 -90.726555   43.144901
 -90.698090   43.160740
 -90.698219   43.167953
 -90.689735   43.172989

Green
WI
7
 -89.838051   42.857395
 -89.368782   42.856472
 -89.368904   42.845032
 -89.365921   42.500263
 -89.401321   42.500423
 -89.837494   42.505669
 -89.838287   42.813801

Green Lake
WI
22
 -89.168182   43.982857
 -88.886078   43.983299
 -88.885811   43.895302
 -88.885941   43.633610
 -89.006737   43.632874
 -89.127228   43.631741
 -89.126984   43.643391
 -89.245331   43.642853
 -89.245354   43.766300
 -89.229019   43.769440
 -89.222038   43.766331
 -89.167473   43.765541
 -89.167908   43.810139
 -89.175179   43.809132
 -89.183472   43.804451
 -89.189186   43.804592
 -89.193977   43.806168
 -89.198181   43.812698
 -89.194260   43.814892
 -89.197899   43.817982
 -89.198212   43.876534
 -89.168007   43.876492

Iowa
WI
33
 -90.429703   43.200954
 -90.408539   43.200203
 -90.350395   43.209801
 -90.310791   43.206627
 -90.297684   43.208225
 -90.288269   43.203831
 -90.283432   43.195290
 -90.278252   43.194099
 -90.258591   43.197239
 -90.241882   43.189186
 -90.220772   43.174248
 -90.193657   43.164455
 -90.182304   43.157124
 -90.158112   43.166946
 -90.134941   43.165752
 -90.113602   43.160351
 -90.086098   43.162209
 -90.058525   43.145309
 -90.051704   43.149303
 -90.049202   43.166389
 -90.033157   43.174049
 -90.024254   43.183697
 -90.000000   43.194633
 -89.983871   43.195747
 -89.961006   43.192169
 -89.949730   43.193447
 -89.905182   43.188038
 -89.879822   43.195950
 -89.857666   43.196156
 -89.838013   43.206066
 -89.838051   42.857395
 -89.838287   42.813801
 -90.426872   42.812866

Iron
WI
93
 -90.549583   46.583847
 -90.536194   46.581432
 -90.526978   46.586407
 -90.505730   46.589668
 -90.468109   46.572060
 -90.439331   46.561855
 -90.417961   46.566147
 -90.414413   46.557377
 -90.408058   46.554653
 -90.405418   46.547642
 -90.399826   46.544441
 -90.395393   46.536373
 -90.392174   46.536053
 -90.395027   46.534317
 -90.393143   46.532669
 -90.380325   46.536800
 -90.377876   46.535816
 -90.375450   46.539127
 -90.368057   46.541286
 -90.355911   46.540485
 -90.350410   46.537220
 -90.345215   46.545811
 -90.346809   46.549419
 -90.341743   46.548008
 -90.339096   46.549400
 -90.343468   46.550907
 -90.343170   46.552711
 -90.332176   46.553558
 -90.332367   46.551758
 -90.327240   46.551369
 -90.326515   46.546204
 -90.316048   46.545109
 -90.316277   46.540813
 -90.310677   46.539421
 -90.311714   46.528748
 -90.317596   46.521690
 -90.316437   46.516983
 -90.298103   46.517872
 -90.294235   46.518902
 -90.294106   46.521755
 -90.283836   46.518806
 -90.276955   46.524540
 -90.271790   46.519810
 -90.277626   46.514877
 -90.274544   46.515469
 -90.270248   46.511745
 -90.272339   46.504822
 -90.266212   46.507927
 -90.265259   46.504314
 -90.260330   46.502876
 -90.256981   46.504768
 -90.240837   46.505619
 -90.230186   46.509762
 -90.230019   46.501698
 -90.220360   46.503456
 -90.214691   46.500000
 -90.211578   46.490402
 -90.205330   46.484764
 -90.201553   46.476128
 -90.192886   46.472336
 -90.192360   46.468475
 -90.188828   46.469067
 -90.193153   46.463425
 -90.190575   46.460228
 -90.177849   46.456890
 -90.177689   46.440601
 -90.169922   46.439709
 -90.167473   46.441948
 -90.160446   46.423027
 -90.157410   46.421543
 -90.158623   46.413334
 -90.152763   46.401348
 -90.146591   46.399174
 -90.144180   46.390308
 -90.132080   46.381306
 -90.133865   46.372089
 -90.117371   46.357033
 -90.116570   46.350704
 -90.123428   46.346497
 -90.117981   46.341866
 -90.120819   46.337090
 -89.928993   46.299801
 -89.928680   45.982014
 -90.043800   45.981998
 -90.301895   45.981400
 -90.300102   46.068001
 -90.303505   46.096699
 -90.302902   46.154900
 -90.426102   46.154099
 -90.425797   46.240501
 -90.552002   46.240898
 -90.548759   46.329113
 -90.549698   46.583607

Jackson
WI
29
 -91.165466   44.596943
 -90.922211   44.596462
 -90.922958   44.509872
 -90.801712   44.509533
 -90.801964   44.422604
 -90.436127   44.422585
 -90.315918   44.424713
 -90.318130   44.248886
 -90.311905   44.248795
 -90.312439   44.155319
 -90.435768   44.161087
 -90.906013   44.158356
 -90.923622   44.147125
 -90.937943   44.147537
 -90.941856   44.144352
 -90.947594   44.147335
 -90.950699   44.142937
 -90.957298   44.141422
 -90.959343   44.137081
 -90.966591   44.136288
 -90.970695   44.129028
 -90.978043   44.129025
 -90.978256   44.126701
 -90.973503   44.124306
 -90.972969   44.070812
 -91.151627   44.071053
 -91.151695   44.079697
 -91.153671   44.247623
 -91.165634   44.247471

Jefferson
WI
7
 -89.008820   43.197681
 -88.535744   43.196033
 -88.541855   43.007057
 -88.541405   42.842911
 -88.777016   42.842903
 -89.013374   42.847343
 -89.011963   43.110607

Juneau
WI
92
 -90.311905   44.248795
 -89.902443   44.249504
 -89.903160   44.239643
 -89.894676   44.229492
 -89.898254   44.227242
 -89.906830   44.228863
 -89.909973   44.226215
 -89.907547   44.220016
 -89.920731   44.219402
 -89.925392   44.214600
 -89.920883   44.209595
 -89.907677   44.206127
 -89.906303   44.200104
 -89.909874   44.197823
 -89.922562   44.197777
 -89.926079   44.194794
 -89.922981   44.190929
 -89.903854   44.190937
 -89.901024   44.186005
 -89.903214   44.178734
 -89.907013   44.176319
 -89.921440   44.179176
 -89.924919   44.176868
 -89.922066   44.161964
 -89.928993   44.152340
 -89.935120   44.153587
 -89.941338   44.164127
 -89.955620   44.164314
 -89.965767   44.167919
 -89.970581   44.166882
 -89.974983   44.134460
 -89.986809   44.131889
 -89.985535   44.129509
 -89.975700   44.126858
 -89.975975   44.123768
 -89.980125   44.121181
 -89.984421   44.121643
 -89.992546   44.127792
 -89.999657   44.123096
 -90.010376   44.121155
 -90.012207   44.114700
 -90.006584   44.103703
 -90.010513   44.101116
 -90.020607   44.101112
 -90.028549   44.091007
 -90.025932   44.068756
 -90.019127   44.061337
 -90.020592   44.056767
 -90.016747   44.042965
 -90.004616   44.034527
 -89.998070   44.022293
 -89.998772   44.017799
 -90.006111   44.012333
 -90.006454   44.008083
 -89.968018   43.993664
 -89.964851   43.988636
 -89.967415   43.986038
 -89.962341   43.982716
 -89.959702   43.976772
 -89.961334   43.966366
 -89.951973   43.948387
 -89.951721   43.942329
 -89.957848   43.933792
 -89.951302   43.922684
 -89.956375   43.918056
 -89.968292   43.921982
 -89.980721   43.914726
 -89.981560   43.911236
 -89.974434   43.896381
 -89.959686   43.876732
 -89.962265   43.864643
 -89.957977   43.859932
 -89.925514   43.841301
 -89.919235   43.833652
 -89.913956   43.818871
 -89.902184   43.813473
 -89.887459   43.796078
 -89.865349   43.783203
 -89.858444   43.773563
 -89.852036   43.769501
 -89.849586   43.762745
 -89.843964   43.757717
 -89.841957   43.736095
 -89.823395   43.697521
 -89.810745   43.679321
 -89.788040   43.666962
 -89.785301   43.650715
 -89.790054   43.644505
 -89.785690   43.641071
 -90.312279   43.641014
 -90.312065   43.731339
 -90.312439   44.155319

Kenosha
WI
13
 -88.305801   42.610802
 -88.187912   42.611240
 -88.187798   42.669689
 -87.805618   42.668808
 -87.806107   42.667999
 -87.816803   42.632500
 -87.819107   42.616199
 -87.813202   42.579201
 -87.812202   42.529800
 -87.802818   42.491901
 -87.802795   42.491814
 -88.200089   42.495998
 -88.304604   42.494598

Kewaunee
WI
25
 -87.737000   44.676865
 -87.498962   44.675201
 -87.375031   44.675476
 -87.382179   44.657936
 -87.403816   44.628654
 -87.417946   44.620872
 -87.420792   44.614948
 -87.437408   44.605072
 -87.450844   44.576992
 -87.470818   44.545795
 -87.473656   44.531048
 -87.483620   44.511356
 -87.489944   44.477222
 -87.500427   44.454880
 -87.503845   44.428242
 -87.517380   44.396145
 -87.516914   44.378052
 -87.520966   44.367527
 -87.532097   44.353374
 -87.533340   44.341511
 -87.541649   44.327930
 -87.766083   44.327187
 -87.762268   44.645596
 -87.755936   44.649136
 -87.745461   44.669510

La Crosse
WI
61
 -91.151695   44.079697
 -91.151627   44.071053
 -90.972969   44.070812
 -90.913025   44.071430
 -90.910339   43.725372
 -91.257706   43.725693
 -91.254768   43.733562
 -91.255135   43.745480
 -91.244003   43.774700
 -91.262306   43.792198
 -91.271904   43.813801
 -91.277557   43.837776
 -91.283997   43.847099
 -91.310860   43.867416
 -91.315170   43.881844
 -91.320465   43.888527
 -91.337997   43.897701
 -91.347603   43.911999
 -91.357285   43.917267
 -91.366501   43.937500
 -91.385643   43.954277
 -91.405869   43.963966
 -91.412354   43.973450
 -91.425049   43.984360
 -91.321999   43.984501
 -91.322395   43.990234
 -91.328613   43.992043
 -91.328293   44.000614
 -91.337189   44.006313
 -91.336807   44.012936
 -91.342949   44.014126
 -91.344398   44.016945
 -91.339943   44.020081
 -91.339493   44.035107
 -91.335762   44.037830
 -91.332161   44.035812
 -91.328239   44.036613
 -91.331947   44.043571
 -91.320030   44.049328
 -91.315918   44.057545
 -91.307350   44.064945
 -91.284050   44.060406
 -91.265747   44.072250
 -91.256500   44.068344
 -91.252510   44.060825
 -91.247330   44.057552
 -91.231735   44.058357
 -91.220818   44.053169
 -91.216377   44.058308
 -91.216583   44.065109
 -91.208099   44.068645
 -91.207802   44.073921
 -91.199707   44.076363
 -91.199333   44.087200
 -91.193161   44.086609
 -91.186661   44.090626
 -91.186874   44.085339
 -91.180267   44.084293
 -91.168732   44.088444
 -91.166283   44.082817
 -91.158066   44.082638

Lafayette
WI
6
 -90.426872   42.812866
 -89.838287   42.813801
 -89.837494   42.505669
 -89.926361   42.505779
 -90.073547   42.508270
 -90.426247   42.507072

Langlade
WI
14
 -89.424698   45.467300
 -89.344139   45.470055
 -89.046204   45.464802
 -88.922951   45.465172
 -88.925911   45.378674
 -88.677719   45.378716
 -88.679962   45.205025
 -88.638069   45.204845
 -88.641052   45.117371
 -88.982056   45.118053
 -88.981529   45.028782
 -89.223724   45.029282
 -89.224106   45.118599
 -89.425987   45.119221

Lincoln
WI
8
 -90.043312   45.553558
 -89.999138   45.555233
 -89.428131   45.555397
 -89.424698   45.467300
 -89.425987   45.119221
 -90.043747   45.120323
 -90.046669   45.313068
 -90.042130   45.381901

Manitowoc
WI
23
 -87.766083   44.327187
 -87.541649   44.327930
 -87.545212   44.322098
 -87.542160   44.296486
 -87.510376   44.234821
 -87.507347   44.210808
 -87.514732   44.188629
 -87.525726   44.172764
 -87.539864   44.159695
 -87.563103   44.144199
 -87.620003   44.122501
 -87.646507   44.104698
 -87.655998   44.051800
 -87.671204   44.037399
 -87.682671   44.021259
 -87.695427   43.989590
 -87.700638   43.961758
 -87.717278   43.941559
 -87.732010   43.893452
 -88.041695   43.891701
 -88.043190   44.240955
 -87.888008   44.240398
 -87.887619   44.327644

Marathon
WI
12
 -90.043747   45.120323
 -89.425987   45.119221
 -89.224106   45.118599
 -89.223724   45.029282
 -89.223640   44.681431
 -89.345802   44.681408
 -89.496223   44.685856
 -89.844810   44.684978
 -90.316055   44.685230
 -90.314697   45.033859
 -90.197357   45.033657
 -90.197632   45.120605

Marinette
WI
175
 -88.058121   45.780743
 -88.041626   45.783779
 -88.039604   45.789673
 -88.027107   45.789234
 -88.017464   45.792500
 -88.006920   45.792236
 -87.991318   45.795437
 -87.987816   45.793121
 -87.980743   45.777020
 -87.989700   45.772987
 -87.986305   45.769642
 -87.966850   45.764065
 -87.964424   45.759083
 -87.960632   45.757607
 -87.952057   45.758461
 -87.945374   45.756645
 -87.929008   45.760406
 -87.921875   45.757030
 -87.917763   45.759415
 -87.911217   45.756580
 -87.904533   45.759205
 -87.898239   45.752544
 -87.876778   45.754421
 -87.862091   45.745060
 -87.863785   45.736431
 -87.855362   45.726982
 -87.846474   45.722584
 -87.832565   45.715351
 -87.810020   45.710266
 -87.804962   45.705013
 -87.808952   45.699757
 -87.782104   45.683090
 -87.781502   45.673321
 -87.795235   45.671371
 -87.803169   45.666531
 -87.823586   45.662544
 -87.824272   45.647747
 -87.810074   45.638767
 -87.804359   45.628971
 -87.796867   45.623650
 -87.795761   45.618885
 -87.780731   45.614635
 -87.777824   45.604485
 -87.774559   45.602058
 -87.777077   45.588535
 -87.786652   45.582863
 -87.788681   45.565983
 -87.792259   45.563091
 -87.805984   45.562901
 -87.810303   45.565346
 -87.831741   45.567772
 -87.832848   45.559498
 -87.813622   45.548653
 -87.803268   45.538307
 -87.802132   45.513092
 -87.798683   45.506321
 -87.793098   45.505058
 -87.792656   45.500000
 -87.798058   45.493698
 -87.798851   45.485180
 -87.806778   45.479122
 -87.805656   45.473171
 -87.812866   45.464191
 -87.831100   45.457214
 -87.835449   45.451134
 -87.844704   45.448444
 -87.861588   45.434505
 -87.857040   45.417938
 -87.850426   45.411716
 -87.849541   45.403088
 -87.859016   45.398994
 -87.856720   45.393135
 -87.859306   45.388256
 -87.875313   45.379402
 -87.871376   45.371574
 -87.884743   45.362820
 -87.888130   45.355835
 -87.882256   45.351257
 -87.870255   45.356297
 -87.875732   45.365047
 -87.869057   45.366081
 -87.865234   45.362125
 -87.863373   45.353046
 -87.850304   45.347519
 -87.850021   45.340466
 -87.838036   45.345127
 -87.832504   45.352276
 -87.826805   45.350567
 -87.822922   45.352680
 -87.809967   45.351295
 -87.790215   45.353474
 -87.782967   45.349751
 -87.769066   45.351223
 -87.762016   45.348427
 -87.753990   45.349468
 -87.750816   45.355064
 -87.738708   45.356880
 -87.720406   45.376328
 -87.708214   45.381245
 -87.699677   45.387955
 -87.690170   45.389847
 -87.674904   45.382481
 -87.673401   45.376972
 -87.657234   45.368778
 -87.656517   45.358643
 -87.647614   45.350746
 -87.647659   45.340588
 -87.661491   45.327633
 -87.661591   45.320766
 -87.672821   45.307579
 -87.678978   45.305862
 -87.687386   45.298080
 -87.690063   45.290657
 -87.698135   45.281536
 -87.698669   45.269444
 -87.705536   45.266129
 -87.710197   45.259399
 -87.707649   45.258659
 -87.711205   45.252419
 -87.711487   45.239540
 -87.718155   45.238358
 -87.724876   45.232162
 -87.721245   45.226868
 -87.726845   45.218971
 -87.726089   45.209412
 -87.736229   45.204678
 -87.741623   45.198223
 -87.735748   45.172020
 -87.728302   45.169968
 -87.717842   45.161175
 -87.708092   45.157883
 -87.703384   45.152225
 -87.692268   45.149525
 -87.683792   45.144154
 -87.675865   45.135456
 -87.678101   45.130100
 -87.672340   45.121311
 -87.661194   45.112583
 -87.659851   45.107529
 -87.652405   45.108646
 -87.648087   45.106384
 -87.631432   45.106239
 -87.627533   45.103344
 -87.591774   45.094704
 -87.590103   45.095280
 -87.585312   45.084389
 -87.589104   45.082378
 -87.595345   45.084389
 -87.608063   45.078365
 -87.625900   45.044460
 -87.625008   45.012119
 -87.630585   44.983570
 -87.634827   44.976212
 -87.660919   44.972420
 -87.668732   44.974648
 -87.695274   44.973980
 -87.757271   44.966396
 -87.762543   44.965504
 -87.762543   44.965626
 -87.759987   44.990459
 -87.883247   44.990414
 -87.883080   44.992905
 -87.886337   44.993046
 -87.944305   44.992985
 -87.942749   45.020428
 -88.121101   45.023659
 -88.118874   45.110332
 -88.189163   45.111958
 -88.186432   45.198215
 -88.308945   45.201626
 -88.305702   45.374607
 -88.427994   45.377045
 -88.425232   45.722469
 -88.177864   45.718132
 -88.059120   45.713104

Marquette
WI
18
 -89.597862   43.982265
 -89.168182   43.982857
 -89.168007   43.876492
 -89.198212   43.876534
 -89.197899   43.817982
 -89.194260   43.814892
 -89.198181   43.812698
 -89.193977   43.806168
 -89.189186   43.804592
 -89.183472   43.804451
 -89.175179   43.809132
 -89.167908   43.810139
 -89.167473   43.765541
 -89.222038   43.766331
 -89.229019   43.769440
 -89.245354   43.766300
 -89.245331   43.642853
 -89.599854   43.642616

Menominee
WI
8
 -88.981529   45.028782
 -88.982056   45.118053
 -88.641052   45.117371
 -88.483635   45.116909
 -88.489044   44.855358
 -88.736099   44.856400
 -88.735443   44.943199
 -88.981331   44.942871

Milwaukee
WI
19
 -88.063507   43.192101
 -87.892868   43.192368
 -87.892799   43.192001
 -87.880203   43.166309
 -87.894432   43.144955
 -87.899521   43.129700
 -87.889351   43.108345
 -87.874100   43.096146
 -87.863930   43.071735
 -87.867989   43.059536
 -87.898506   43.032078
 -87.890366   43.002586
 -87.865959   42.983265
 -87.844604   42.958858
 -87.841553   42.941570
 -87.841553   42.914116
 -87.848671   42.888691
 -87.826653   42.842484
 -88.069824   42.843296

Monroe
WI
24
 -90.972969   44.070812
 -90.973503   44.124306
 -90.978256   44.126701
 -90.978043   44.129025
 -90.970695   44.129028
 -90.966591   44.136288
 -90.959343   44.137081
 -90.957298   44.141422
 -90.950699   44.142937
 -90.947594   44.147335
 -90.941856   44.144352
 -90.937943   44.147537
 -90.923622   44.147125
 -90.906013   44.158356
 -90.435768   44.161087
 -90.312439   44.155319
 -90.312065   43.731339
 -90.432808   43.726257
 -90.586899   43.725857
 -90.587082   43.729557
 -90.606895   43.729641
 -90.606926   43.726017
 -90.910339   43.725372
 -90.913025   44.071430

Oconto
WI
48
 -88.677719   45.378716
 -88.427994   45.377045
 -88.305702   45.374607
 -88.308945   45.201626
 -88.186432   45.198215
 -88.189163   45.111958
 -88.118874   45.110332
 -88.121101   45.023659
 -87.942749   45.020428
 -87.944305   44.992985
 -87.886337   44.993046
 -87.883080   44.992905
 -87.883247   44.990414
 -87.759987   44.990459
 -87.762543   44.965626
 -87.762543   44.965504
 -87.779060   44.962711
 -87.818184   44.951630
 -87.841003   44.928478
 -87.843933   44.920982
 -87.840675   44.908596
 -87.827957   44.894577
 -87.827629   44.889034
 -87.837418   44.873711
 -87.853394   44.862957
 -87.867737   44.838833
 -87.872627   44.839809
 -87.891205   44.832638
 -87.897072   44.827419
 -87.917290   44.796776
 -87.937820   44.756351
 -87.954124   44.751461
 -87.967491   44.740376
 -87.974663   44.726360
 -87.982819   44.721146
 -87.989006   44.689850
 -87.987328   44.678143
 -88.131256   44.676937
 -88.229279   44.672352
 -88.230858   44.679565
 -88.242744   44.679642
 -88.252518   44.766659
 -88.248375   44.852581
 -88.489044   44.855358
 -88.483635   45.116909
 -88.641052   45.117371
 -88.638069   45.204845
 -88.679962   45.205025

Oneida
WI
15
 -90.042694   45.897202
 -89.362259   45.898788
 -89.300560   45.901527
 -89.300720   45.860947
 -89.257614   45.862129
 -89.175270   45.856647
 -89.178146   45.899441
 -89.121498   45.895508
 -89.047356   45.895405
 -89.046204   45.464802
 -89.344139   45.470055
 -89.424698   45.467300
 -89.428131   45.555397
 -89.999138   45.555233
 -90.043312   45.553558

Outagamie
WI
7
 -88.605988   44.590530
 -88.245102   44.584801
 -88.190506   44.586800
 -88.192505   44.242001
 -88.403908   44.244301
 -88.739738   44.243328
 -88.736641   44.590580

Ozaukee
WI
17
 -88.040543   43.542370
 -87.793571   43.542732
 -87.797104   43.508736
 -87.793182   43.493729
 -87.805214   43.463840
 -87.865501   43.392479
 -87.876877   43.370529
 -87.890465   43.304001
 -87.900063   43.287968
 -87.910599   43.256699
 -87.911400   43.242001
 -87.906708   43.228199
 -87.897202   43.214802
 -87.892868   43.192368
 -88.063507   43.192101
 -88.062477   43.367153
 -88.039795   43.367233

Pepin
WI
33
 -92.135025   44.684399
 -91.650139   44.683647
 -91.650085   44.596687
 -92.002975   44.596867
 -92.012146   44.591877
 -92.022614   44.590553
 -92.029007   44.586327
 -92.039413   44.564243
 -92.038673   44.547005
 -92.047752   44.530464
 -92.043556   44.520523
 -92.043747   44.512409
 -92.055946   44.488968
 -92.059998   44.474007
 -92.059151   44.466324
 -92.074890   44.436962
 -92.080711   44.431068
 -92.082184   44.424477
 -92.079712   44.417240
 -92.082932   44.414288
 -92.083397   44.407368
 -92.112137   44.414364
 -92.124344   44.422150
 -92.170113   44.428631
 -92.214989   44.438538
 -92.232300   44.445469
 -92.241829   44.454288
 -92.276611   44.473682
 -92.294197   44.489323
 -92.302406   44.501411
 -92.303352   44.519855
 -92.315994   44.541042
 -92.135124   44.539612

Pierce
WI
45
 -92.768906   44.862202
 -92.375000   44.862141
 -92.258240   44.858028
 -92.136360   44.857777
 -92.135025   44.684399
 -92.135124   44.539612
 -92.315994   44.541042
 -92.332497   44.552608
 -92.357124   44.558514
 -92.399094   44.558323
 -92.414902   44.560390
 -92.431557   44.565842
 -92.440559   44.562866
 -92.455971   44.561970
 -92.480820   44.568310
 -92.493622   44.566097
 -92.518166   44.575214
 -92.527145   44.573589
 -92.540359   44.567291
 -92.547874   44.567825
 -92.551323   44.571640
 -92.549583   44.581165
 -92.567993   44.602718
 -92.576958   44.605087
 -92.581398   44.600895
 -92.586021   44.600121
 -92.590271   44.605968
 -92.601318   44.612083
 -92.614372   44.611763
 -92.619423   44.613705
 -92.623161   44.619335
 -92.619583   44.634228
 -92.631912   44.649059
 -92.660789   44.660915
 -92.700752   44.693783
 -92.732193   44.713837
 -92.802200   44.745201
 -92.807785   44.751503
 -92.805084   44.768394
 -92.800110   44.777412
 -92.785011   44.792336
 -92.780235   44.812626
 -92.772461   44.821457
 -92.772064   44.828079
 -92.765259   44.836235

Polk
WI
47
 -92.886856   45.644192
 -92.528931   45.642178
 -92.528160   45.728756
 -92.365837   45.726105
 -92.154259   45.725670
 -92.154701   45.639793
 -92.156319   45.209534
 -92.757797   45.209599
 -92.751503   45.218700
 -92.757248   45.230560
 -92.760040   45.249638
 -92.751503   45.261700
 -92.751450   45.265945
 -92.760406   45.278866
 -92.761658   45.287048
 -92.758507   45.291000
 -92.745476   45.296078
 -92.735268   45.301605
 -92.704582   45.326565
 -92.698761   45.336411
 -92.703850   45.353695
 -92.702515   45.358509
 -92.678986   45.372749
 -92.676750   45.380177
 -92.663895   45.393349
 -92.650215   45.398548
 -92.646469   45.413269
 -92.650063   45.419209
 -92.647087   45.443630
 -92.653343   45.455387
 -92.680023   45.464382
 -92.712654   45.504887
 -92.726463   45.514503
 -92.725868   45.541153
 -92.770004   45.566978
 -92.785530   45.567928
 -92.803223   45.562538
 -92.823097   45.560974
 -92.846230   45.566555
 -92.870872   45.567619
 -92.883537   45.575523
 -92.883064   45.589870
 -92.886230   45.598721
 -92.882317   45.610256
 -92.887825   45.625000
 -92.886650   45.635765
 -92.889221   45.641243

Portage
WI
9
 -89.844810   44.684978
 -89.496223   44.685856
 -89.345802   44.681408
 -89.223640   44.681431
 -89.224777   44.243568
 -89.597862   44.245754
 -89.724770   44.247688
 -89.726463   44.511227
 -89.844269   44.511528

Price
WI
10
 -90.301895   45.981400
 -90.043800   45.981998
 -90.042694   45.897202
 -90.043312   45.553558
 -90.042130   45.381901
 -90.308159   45.380848
 -90.458015   45.376938
 -90.678596   45.377800
 -90.678596   45.638302
 -90.676804   45.981602

Racine
WI
16
 -88.069824   42.843296
 -87.826653   42.842484
 -87.822746   42.834290
 -87.794777   42.805309
 -87.766808   42.789036
 -87.758171   42.779377
 -87.774437   42.768696
 -87.780029   42.755989
 -87.782066   42.747852
 -87.778000   42.723446
 -87.786636   42.700054
 -87.805618   42.668808
 -88.187798   42.669689
 -88.187912   42.611240
 -88.305801   42.610802
 -88.306290   42.842094

Richland
WI
32
 -90.668434   43.423016
 -90.671532   43.552998
 -90.310837   43.553967
 -90.191841   43.555019
 -90.193657   43.164455
 -90.220772   43.174248
 -90.241882   43.189186
 -90.258591   43.197239
 -90.278252   43.194099
 -90.283432   43.195290
 -90.288269   43.203831
 -90.297684   43.208225
 -90.310791   43.206627
 -90.350395   43.209801
 -90.408539   43.200203
 -90.429703   43.200954
 -90.461815   43.200993
 -90.489227   43.206066
 -90.496521   43.205585
 -90.505768   43.208923
 -90.521561   43.206779
 -90.545280   43.211472
 -90.557999   43.206749
 -90.578346   43.204277
 -90.588036   43.201015
 -90.610313   43.184471
 -90.619606   43.184269
 -90.641266   43.179081
 -90.656448   43.171848
 -90.666664   43.171795
 -90.665886   43.379444
 -90.668495   43.379482

Rock
WI
6
 -89.368904   42.845032
 -89.013374   42.847343
 -88.777016   42.842903
 -88.776390   42.492004
 -88.940285   42.495033
 -89.365921   42.500263

Rusk
WI
6
 -91.540131   45.637650
 -90.678596   45.638302
 -90.678596   45.377800
 -90.925034   45.379482
 -90.925133   45.292152
 -91.541161   45.292057

Sauk
WI
62
 -90.312279   43.641014
 -89.785690   43.641071
 -89.775917   43.631962
 -89.782227   43.625668
 -89.773247   43.620369
 -89.775238   43.613785
 -89.767334   43.606331
 -89.760368   43.603535
 -89.752579   43.605759
 -89.739952   43.598270
 -89.722649   43.599876
 -89.717522   43.597630
 -89.721024   43.590317
 -89.734322   43.578789
 -89.730423   43.570457
 -89.697212   43.566029
 -89.665627   43.569191
 -89.642143   43.563049
 -89.612244   43.564922
 -89.599236   43.557877
 -89.600601   43.380020
 -89.623482   43.367847
 -89.644852   43.361897
 -89.655632   43.359837
 -89.670227   43.361794
 -89.679146   43.360199
 -89.696274   43.342163
 -89.703712   43.330307
 -89.719589   43.319759
 -89.723511   43.314465
 -89.727051   43.301315
 -89.720177   43.292938
 -89.713760   43.283840
 -89.713821   43.278725
 -89.732346   43.258034
 -89.743713   43.253769
 -89.750526   43.247589
 -89.761475   43.248356
 -89.772766   43.239590
 -89.807182   43.238255
 -89.816986   43.225029
 -89.838013   43.206066
 -89.857666   43.196156
 -89.879822   43.195950
 -89.905182   43.188038
 -89.949730   43.193447
 -89.961006   43.192169
 -89.983871   43.195747
 -90.000000   43.194633
 -90.024254   43.183697
 -90.033157   43.174049
 -90.049202   43.166389
 -90.051704   43.149303
 -90.058525   43.145309
 -90.086098   43.162209
 -90.113602   43.160351
 -90.134941   43.165752
 -90.158112   43.166946
 -90.182304   43.157124
 -90.193657   43.164455
 -90.191841   43.555019
 -90.310837   43.553967

Sawyer
WI
9
 -91.551094   46.157101
 -91.250000   46.157799
 -90.924400   46.154770
 -90.925003   45.981098
 -90.676804   45.981602
 -90.678596   45.638302
 -91.540131   45.637650
 -91.542038   45.982658
 -91.551636   45.983345

Shawano
WI
16
 -89.223724   45.029282
 -88.981529   45.028782
 -88.981331   44.942871
 -88.735443   44.943199
 -88.736099   44.856400
 -88.489044   44.855358
 -88.248375   44.852581
 -88.252518   44.766659
 -88.242744   44.679642
 -88.252678   44.679829
 -88.252289   44.660225
 -88.242821   44.660664
 -88.245102   44.584801
 -88.605988   44.590530
 -88.605057   44.678345
 -89.223640   44.681431

Sheboygan
WI
20
 -88.041695   43.891701
 -87.732010   43.893452
 -87.735687   43.881439
 -87.735939   43.873730
 -87.728455   43.851936
 -87.726883   43.813263
 -87.698906   43.765499
 -87.702797   43.758701
 -87.702400   43.749298
 -87.709503   43.739300
 -87.709908   43.731800
 -87.703705   43.712200
 -87.702599   43.687599
 -87.726585   43.649967
 -87.787361   43.568878
 -87.792366   43.554272
 -87.793571   43.542732
 -88.040543   43.542370
 -88.161026   43.543072
 -88.162003   43.891506

St. Croix
WI
31
 -92.757797   45.209599
 -92.156319   45.209534
 -92.156952   45.121548
 -92.135925   45.121365
 -92.136360   44.857777
 -92.258240   44.858028
 -92.375000   44.862141
 -92.768906   44.862202
 -92.763199   44.874199
 -92.773743   44.890034
 -92.774368   44.898117
 -92.772903   44.901402
 -92.758499   44.909012
 -92.750443   44.937332
 -92.754402   44.955799
 -92.769241   44.972183
 -92.771027   45.001411
 -92.761856   45.024353
 -92.770157   45.033836
 -92.795387   45.049278
 -92.802917   45.062607
 -92.801315   45.068657
 -92.792450   45.078796
 -92.746544   45.107082
 -92.739372   45.115631
 -92.745491   45.123150
 -92.757507   45.155499
 -92.756706   45.165199
 -92.752197   45.173950
 -92.766602   45.185501
 -92.763702   45.204899

Taylor
WI
16
 -90.678596   45.377800
 -90.458015   45.376938
 -90.308159   45.380848
 -90.042130   45.381901
 -90.046669   45.313068
 -90.043747   45.120323
 -90.197632   45.120605
 -90.197357   45.033657
 -90.314697   45.033859
 -90.433571   45.030888
 -90.923233   45.031300
 -90.922668   45.119461
 -90.925835   45.119450
 -90.925903   45.123062
 -90.925133   45.292152
 -90.925034   45.379482

Trempealeau
WI
108
 -91.528946   44.596237
 -91.165466   44.596943
 -91.165634   44.247471
 -91.153671   44.247623
 -91.151695   44.079697
 -91.158066   44.082638
 -91.166283   44.082817
 -91.168732   44.088444
 -91.180267   44.084293
 -91.186874   44.085339
 -91.186661   44.090626
 -91.193161   44.086609
 -91.199333   44.087200
 -91.199707   44.076363
 -91.207802   44.073921
 -91.208099   44.068645
 -91.216583   44.065109
 -91.216377   44.058308
 -91.220818   44.053169
 -91.231735   44.058357
 -91.247330   44.057552
 -91.252510   44.060825
 -91.256500   44.068344
 -91.265747   44.072250
 -91.284050   44.060406
 -91.307350   44.064945
 -91.315918   44.057545
 -91.320030   44.049328
 -91.331947   44.043571
 -91.328239   44.036613
 -91.332161   44.035812
 -91.335762   44.037830
 -91.339493   44.035107
 -91.339943   44.020081
 -91.344398   44.016945
 -91.342949   44.014126
 -91.336807   44.012936
 -91.337189   44.006313
 -91.328293   44.000614
 -91.328613   43.992043
 -91.322395   43.990234
 -91.321999   43.984501
 -91.425049   43.984360
 -91.432373   43.996864
 -91.463371   44.009079
 -91.480728   44.008183
 -91.506973   44.019016
 -91.546883   44.022263
 -91.558853   44.025352
 -91.555923   44.029781
 -91.571007   44.037865
 -91.570641   44.044914
 -91.564560   44.051632
 -91.558983   44.053120
 -91.558128   44.062477
 -91.549881   44.067913
 -91.548798   44.073948
 -91.540176   44.077263
 -91.543213   44.082066
 -91.534103   44.096352
 -91.540802   44.101662
 -91.539307   44.103832
 -91.548508   44.107971
 -91.547424   44.111542
 -91.552536   44.119152
 -91.548622   44.124435
 -91.553070   44.132023
 -91.557770   44.134449
 -91.560753   44.145012
 -91.566086   44.148785
 -91.571869   44.149357
 -91.571045   44.152306
 -91.574120   44.149792
 -91.576820   44.153767
 -91.588226   44.153629
 -91.589714   44.157688
 -91.589211   44.159458
 -91.594963   44.160648
 -91.596039   44.164124
 -91.606651   44.163845
 -91.612251   44.168530
 -91.612473   44.173855
 -91.596436   44.183949
 -91.599586   44.194004
 -91.608360   44.201111
 -91.603973   44.202145
 -91.600807   44.211082
 -91.594444   44.214497
 -91.593620   44.217579
 -91.592384   44.215477
 -91.587456   44.218155
 -91.584595   44.215523
 -91.580338   44.218132
 -91.582588   44.221104
 -91.574806   44.222546
 -91.573181   44.218819
 -91.566315   44.220055
 -91.567810   44.222477
 -91.556267   44.224968
 -91.551529   44.233814
 -91.551178   44.231918
 -91.538872   44.235210
 -91.539032   44.239532
 -91.534157   44.240673
 -91.538612   44.242252
 -91.537209   44.246891
 -91.532089   44.245350
 -91.529587   44.246815

Vernon
WI
36
 -90.910339   43.725372
 -90.606926   43.726017
 -90.606895   43.729641
 -90.587082   43.729557
 -90.586899   43.725857
 -90.432808   43.726257
 -90.312065   43.731339
 -90.312279   43.641014
 -90.310837   43.553967
 -90.671532   43.552998
 -90.668434   43.423016
 -90.746758   43.424576
 -90.767448   43.423069
 -91.205414   43.422977
 -91.228615   43.445564
 -91.233231   43.455196
 -91.232109   43.460045
 -91.220261   43.471333
 -91.215904   43.481167
 -91.217575   43.500576
 -91.218163   43.514465
 -91.232811   43.523994
 -91.243050   43.540337
 -91.243080   43.550751
 -91.232681   43.564873
 -91.231735   43.581852
 -91.261497   43.606205
 -91.268845   43.616608
 -91.268318   43.627384
 -91.262260   43.641792
 -91.263718   43.647694
 -91.271614   43.654961
 -91.272606   43.676640
 -91.267654   43.695683
 -91.268318   43.709854
 -91.257706   43.725693

Vilas
WI
18
 -89.928993   46.299801
 -89.180344   46.155407
 -89.091499   46.138554
 -88.990669   46.097343
 -88.932411   46.073662
 -88.933441   45.982140
 -89.047432   45.982212
 -89.047356   45.895405
 -89.121498   45.895508
 -89.178146   45.899441
 -89.175270   45.856647
 -89.257614   45.862129
 -89.300720   45.860947
 -89.300560   45.901527
 -89.362259   45.898788
 -90.042694   45.897202
 -90.043800   45.981998
 -89.928680   45.982014

Walworth
WI
7
 -88.777016   42.842903
 -88.541405   42.842911
 -88.306290   42.842094
 -88.305801   42.610802
 -88.304604   42.494598
 -88.707283   42.493572
 -88.776390   42.492004

Washburn
WI
8
 -92.049469   46.157776
 -91.551094   46.157101
 -91.551636   45.983345
 -91.542038   45.982658
 -91.540131   45.637650
 -92.031013   45.639980
 -92.033226   45.983929
 -92.050461   45.983978

Washington
WI
10
 -88.400269   43.543442
 -88.161026   43.543072
 -88.040543   43.542370
 -88.039795   43.367233
 -88.062477   43.367153
 -88.063507   43.192101
 -88.340897   43.192577
 -88.418190   43.194801
 -88.418556   43.370049
 -88.401825   43.369953

Waukesha
WI
8
 -88.535744   43.196033
 -88.418190   43.194801
 -88.340897   43.192577
 -88.063507   43.192101
 -88.069824   42.843296
 -88.306290   42.842094
 -88.541405   42.842911
 -88.541855   43.007057

Waupaca
WI
7
 -89.223640   44.681431
 -88.605057   44.678345
 -88.605988   44.590530
 -88.736641   44.590580
 -88.739738   44.243328
 -88.886688   44.242561
 -89.224777   44.243568

Waushara
WI
6
 -89.597862   44.245754
 -89.224777   44.243568
 -88.886688   44.242561
 -88.886078   43.983299
 -89.168182   43.982857
 -89.597862   43.982265

Winnebago
WI
7
 -88.739738   44.243328
 -88.403908   44.244301
 -88.403107   43.938400
 -88.402847   43.892788
 -88.885811   43.895302
 -88.886078   43.983299
 -88.886688   44.242561

Wood
WI
9
 -90.316055   44.685230
 -89.844810   44.684978
 -89.844269   44.511528
 -89.726463   44.511227
 -89.724770   44.247688
 -89.902443   44.249504
 -90.311905   44.248795
 -90.318130   44.248886
 -90.315918   44.424713

