-111.054558   40.994801
-104.051781   45.005955
23

Albany
WY
43
-106.072830   42.433273
-105.555496   42.430614
-105.555641   42.406288
-105.574997   42.406261
-105.575096   42.377354
-105.614113   42.377472
-105.613312   42.304493
-105.598877   42.304840
-105.598869   42.297569
-105.563271   42.297329
-105.535332   42.294582
-105.526161   42.296185
-105.525856   42.288891
-105.375000   42.290173
-105.378143   42.319054
-105.358055   42.319290
-105.361198   42.376350
-105.351685   42.376423
-105.351425   42.404922
-105.341522   42.404964
-105.341583   42.419147
-105.331947   42.419140
-105.332092   42.431141
-105.283379   42.431435
-105.280602   42.088921
-105.273216   42.088856
-105.271210   41.986122
-105.271271   41.742058
-105.278442   41.742023
-105.277702   41.656681
-105.276886   41.399532
-105.277061   41.395496
-105.279663   41.395401
-105.280136   41.321457
-105.276604   40.998188
-105.729874   40.996906
-106.189987   40.997604
-106.320587   40.999153
-106.322311   41.395172
-106.207504   41.393795
-106.067841   41.395058
-106.070763   41.498947
-106.074348   42.086685

Big Horn
WY
160
-108.248672   44.999504
-107.911095   45.001343
-107.908409   44.996548
-107.899109   44.996338
-107.881233   44.985935
-107.882957   44.980946
-107.876320   44.963348
-107.881706   44.942490
-107.881210   44.933464
-107.851883   44.915676
-107.852539   44.908958
-107.848862   44.905712
-107.847878   44.898506
-107.860344   44.894321
-107.860336   44.881748
-107.864357   44.873680
-107.861099   44.868549
-107.854370   44.867516
-107.843773   44.860687
-107.839424   44.849033
-107.831131   44.845036
-107.831940   44.838318
-107.827080   44.831539
-107.832069   44.825153
-107.824974   44.825329
-107.823723   44.823299
-107.828659   44.821613
-107.818375   44.820679
-107.815620   44.817562
-107.817520   44.809265
-107.830971   44.799828
-107.831665   44.790199
-107.824310   44.791836
-107.812752   44.789516
-107.796677   44.781403
-107.779808   44.772694
-107.764168   44.773491
-107.753738   44.770634
-107.751488   44.765667
-107.753471   44.758018
-107.744919   44.754372
-107.748299   44.746078
-107.742905   44.741516
-107.743813   44.729027
-107.750381   44.723026
-107.738998   44.713745
-107.727409   44.716461
-107.716858   44.710690
-107.698517   44.705193
-107.694145   44.708385
-107.682182   44.706154
-107.680710   44.696575
-107.683769   44.693180
-107.670509   44.680286
-107.656075   44.683796
-107.654465   44.689304
-107.650063   44.692352
-107.642677   44.693321
-107.638542   44.691265
-107.621941   44.693081
-107.615250   44.701336
-107.604027   44.694996
-107.595078   44.695061
-107.589043   44.688469
-107.579384   44.689571
-107.573036   44.683033
-107.565674   44.683033
-107.555977   44.678631
-107.548531   44.678829
-107.548279   44.667053
-107.538361   44.664970
-107.529198   44.666191
-107.518631   44.660690
-107.534424   44.648506
-107.528954   44.643955
-107.527519   44.634819
-107.523392   44.633045
-107.511620   44.633404
-107.502754   44.640049
-107.494133   44.642227
-107.486641   44.627338
-107.469009   44.612324
-107.442490   44.605621
-107.432137   44.607784
-107.434547   44.612072
-107.423714   44.611416
-107.422043   44.603313
-107.418198   44.600792
-107.412529   44.598900
-107.403641   44.599991
-107.392273   44.596001
-107.382843   44.595390
-107.384529   44.589806
-107.374237   44.582016
-107.375984   44.580032
-107.368996   44.559872
-107.370819   44.556980
-107.364799   44.555084
-107.353142   44.542229
-107.337074   44.539665
-107.329659   44.543839
-107.329491   44.536102
-107.322311   44.530567
-107.326424   44.522156
-107.313988   44.515869
-107.310310   44.508873
-107.300812   44.506454
-107.293533   44.500744
-107.297913   44.496246
-107.297859   44.484600
-107.304611   44.483379
-107.299042   44.476303
-107.303757   44.464054
-107.299736   44.458965
-107.278000   44.459232
-107.274048   44.455734
-107.278107   44.450855
-107.260391   44.447697
-107.253922   44.441334
-107.241882   44.438396
-107.220901   44.443657
-107.217957   44.449596
-107.210846   44.445210
-107.201988   44.446503
-107.201050   44.445072
-107.199516   44.441692
-107.203232   44.435783
-107.199745   44.433147
-107.203728   44.426163
-107.199448   44.421341
-107.199074   44.399643
-107.187851   44.398701
-107.182175   44.403477
-107.177208   44.402458
-107.168594   44.393539
-107.173401   44.388111
-107.175888   44.376678
-107.164841   44.373905
-107.160782   44.368668
-107.172493   44.360489
-107.184273   44.358837
-107.188431   44.347530
-107.178291   44.345688
-107.171989   44.335201
-107.163239   44.335194
-107.156021   44.332180
-107.159203   44.325825
-107.154846   44.322365
-107.144386   44.324039
-107.146194   44.165703
-107.375000   44.167923
-107.712212   44.166492
-107.741486   44.168056
-108.549889   44.168499
-108.573128   44.168514
-108.572746   44.520855
-108.591820   44.520977
-108.591614   44.871490
-108.619781   44.871532
-108.620628   45.000328

Campbell
WY
33
-106.024239   44.993591
-105.927612   44.993660
-105.912819   45.000957
-105.088867   45.000462
-105.088913   44.880581
-105.074165   44.880650
-105.076324   44.786213
-105.084915   44.786819
-105.085068   44.769138
-105.085617   44.527729
-105.082161   44.527622
-105.083931   44.216652
-105.081650   44.176197
-105.078743   44.176205
-105.080872   43.826954
-105.078255   43.827049
-105.081238   43.592144
-105.079262   43.498474
-106.016800   43.494999
-106.017021   43.821514
-106.008629   43.821606
-106.009003   44.083576
-106.010803   44.169758
-106.015930   44.169746
-106.016136   44.304550
-106.013901   44.521000
-106.007904   44.521099
-106.009094   44.563999
-106.010101   44.693199
-106.014397   44.707100
-106.013702   44.857800
-106.016998   44.868801
-106.022530   44.868835

Carbon
WY
23
-106.075279   42.433250
-106.072830   42.433273
-106.074348   42.086685
-106.070763   41.498947
-106.067841   41.395058
-106.207504   41.393795
-106.322311   41.395172
-106.320587   40.999153
-106.455704   41.002167
-106.857178   41.002697
-107.317177   41.002956
-107.917793   41.002071
-107.916473   41.398540
-107.929245   41.398571
-107.929108   41.659641
-107.509102   41.657494
-107.509438   41.740555
-107.504875   41.740574
-107.503197   42.088001
-107.521706   42.088001
-107.522095   42.261799
-107.522293   42.434399
-106.624367   42.430527

Converse
WY
49
-105.079262   43.498474
-104.899414   43.499668
-104.896446   43.145668
-104.898849   42.804558
-104.898033   42.783138
-104.892960   42.782932
-104.891914   42.608971
-105.285973   42.605858
-105.283379   42.431435
-105.332092   42.431141
-105.331947   42.419140
-105.341583   42.419147
-105.341522   42.404964
-105.351425   42.404922
-105.351685   42.376423
-105.361198   42.376350
-105.358055   42.319290
-105.378143   42.319054
-105.375000   42.290173
-105.525856   42.288891
-105.526161   42.296185
-105.535332   42.294582
-105.563271   42.297329
-105.598869   42.297569
-105.598877   42.304840
-105.613312   42.304493
-105.614113   42.377472
-105.575096   42.377354
-105.574997   42.406261
-105.555641   42.406288
-105.555496   42.430614
-106.072830   42.433273
-106.075279   42.433250
-106.075203   42.695301
-106.073105   42.695400
-106.075104   42.718498
-106.070000   42.718700
-106.070107   42.722099
-106.073799   42.722000
-106.075600   42.737701
-106.076508   42.778000
-106.072105   42.778198
-106.075104   43.126900
-106.073196   43.126701
-106.072601   43.250000
-106.073303   43.472599
-106.077667   43.472527
-106.077499   43.494499
-106.016800   43.494999

Crook
WY
17
-105.088867   45.000462
-105.037872   45.000359
-104.664658   44.998631
-104.057205   44.997444
-104.055458   44.570877
-104.054001   44.180401
-104.375000   44.181641
-105.078743   44.176205
-105.081650   44.176197
-105.083931   44.216652
-105.082161   44.527622
-105.085617   44.527729
-105.085068   44.769138
-105.084915   44.786819
-105.076324   44.786213
-105.074165   44.880650
-105.088913   44.880581

Fremont
WY
319
-110.052437   44.008076
-110.048233   44.008835
-110.043259   44.004551
-110.031548   44.001663
-110.031998   43.996498
-110.020706   43.981300
-110.018204   43.980000
-110.017906   43.968300
-110.000999   43.966900
-110.001305   43.955502
-109.993134   43.949608
-109.989334   43.949116
-109.981400   43.954288
-109.971230   43.955681
-109.966072   43.961445
-109.958122   43.964622
-109.944473   43.958271
-109.938614   43.958225
-109.931557   43.950768
-109.921326   43.946136
-109.883675   43.948624
-109.858025   43.958038
-109.854202   43.950314
-109.857201   43.949059
-109.857719   43.942097
-109.873222   43.933651
-109.872879   43.930229
-109.865181   43.926319
-109.855820   43.924889
-109.851135   43.926643
-109.853455   43.924110
-109.848213   43.919857
-109.847153   43.908173
-109.858543   43.900806
-109.847054   43.900280
-109.836388   43.894730
-109.831848   43.895119
-109.830055   43.889839
-109.816856   43.883324
-109.815849   43.880585
-109.824638   43.875145
-109.829582   43.874638
-109.831184   43.871838
-109.827934   43.866714
-109.820663   43.867371
-109.813057   43.861809
-109.825638   43.855202
-109.846977   43.853245
-109.854439   43.848305
-109.855888   43.842468
-109.849052   43.837135
-109.854378   43.835182
-109.855835   43.829109
-109.851448   43.824543
-109.841026   43.819370
-109.826820   43.824429
-109.825188   43.816219
-109.816528   43.815823
-109.808517   43.809555
-109.800415   43.808651
-109.786652   43.801205
-109.785667   43.804852
-109.779877   43.807171
-109.779305   43.811741
-109.768005   43.814568
-109.763199   43.820648
-109.751984   43.817471
-109.741913   43.827553
-109.735008   43.827274
-109.731033   43.833229
-109.721779   43.833015
-109.719086   43.837627
-109.708366   43.835773
-109.701920   43.841076
-109.688843   43.839520
-109.684975   43.844284
-109.675819   43.842739
-109.664757   43.845982
-109.665031   43.857182
-109.668907   43.860008
-109.671761   43.868145
-109.666115   43.880627
-109.658684   43.879337
-109.652298   43.886810
-109.655342   43.896015
-109.653648   43.907166
-109.641090   43.922832
-109.635765   43.922806
-109.628090   43.927055
-109.619469   43.925781
-109.612991   43.927528
-109.604637   43.938824
-109.604744   43.948009
-109.600113   43.948975
-109.583595   43.937931
-109.575340   43.942631
-109.566223   43.954868
-109.559196   43.954685
-109.551933   43.960621
-109.541618   43.961399
-109.534409   43.954468
-109.531250   43.949501
-109.509850   43.938698
-109.501640   43.939228
-109.489029   43.948338
-109.475334   43.948879
-109.469833   43.938850
-109.471680   43.932224
-109.454018   43.927704
-109.441650   43.930481
-109.433189   43.914085
-109.426155   43.910084
-109.412712   43.909294
-109.410233   43.904034
-109.404251   43.902027
-109.401802   43.888443
-109.397758   43.884388
-109.379463   43.882843
-109.373322   43.877491
-109.375626   43.870968
-109.369194   43.857273
-109.371498   43.853035
-109.366783   43.849785
-109.366058   43.843052
-109.348618   43.839951
-109.335297   43.842144
-109.325104   43.837795
-109.320915   43.834080
-109.321404   43.829140
-109.315514   43.824242
-109.316170   43.819206
-109.312248   43.813335
-109.308807   43.805500
-109.302170   43.805195
-109.295403   43.801456
-109.284241   43.803089
-109.273903   43.796917
-109.267845   43.781181
-109.261436   43.774193
-109.247292   43.770771
-109.244324   43.766811
-109.234566   43.763943
-109.229713   43.759285
-109.208946   43.733498
-109.205719   43.723572
-109.196297   43.712395
-109.170761   43.699314
-109.170952   43.619808
-108.933464   43.619209
-108.933151   43.604763
-108.813599   43.605301
-108.813599   43.575600
-108.694000   43.575802
-108.694397   43.532299
-108.575500   43.532600
-108.575500   43.503300
-108.456306   43.503201
-108.456314   43.474323
-108.337112   43.474106
-108.337212   43.459808
-108.250000   43.459579
-108.155655   43.459656
-108.155632   43.470673
-107.594505   43.472301
-107.594475   43.501438
-107.534264   43.501404
-107.534401   43.472801
-107.516403   43.472698
-107.516106   43.127998
-107.501701   43.128101
-107.500801   42.781502
-107.542908   42.781601
-107.541397   42.434399
-107.522293   42.434399
-107.522095   42.261799
-108.000000   42.262100
-109.043190   42.263729
-109.042664   42.333897
-109.043129   42.433693
-109.068802   42.433525
-109.072166   42.693562
-109.133781   42.694336
-109.133438   42.699760
-109.137016   42.705166
-109.127731   42.708435
-109.131569   42.710278
-109.136642   42.721359
-109.147224   42.727612
-109.142601   42.733276
-109.132591   42.733135
-109.131630   42.737534
-109.140755   42.738804
-109.145691   42.742928
-109.157791   42.743031
-109.159988   42.748119
-109.178787   42.751095
-109.178055   42.754772
-109.194572   42.768589
-109.209114   42.770473
-109.216766   42.760098
-109.235405   42.768509
-109.236671   42.776791
-109.225266   42.790989
-109.219429   42.790310
-109.209656   42.793194
-109.213455   42.799881
-109.230873   42.803947
-109.236191   42.809570
-109.243073   42.805313
-109.247292   42.806206
-109.259689   42.815968
-109.263321   42.824207
-109.268791   42.825180
-109.270477   42.832054
-109.280502   42.843006
-109.278206   42.846058
-109.282326   42.848515
-109.290977   42.845844
-109.300667   42.851730
-109.314674   42.856178
-109.325089   42.868828
-109.329765   42.875000
-109.331223   42.895470
-109.338821   42.898861
-109.344666   42.918945
-109.355721   42.924793
-109.358902   42.933498
-109.369652   42.945621
-109.374077   42.943333
-109.385475   42.938908
-109.398773   42.940109
-109.399467   42.945789
-109.404099   42.950653
-109.410515   42.955505
-109.428062   42.960709
-109.431671   42.968197
-109.439537   42.967625
-109.442795   42.970394
-109.449982   42.971203
-109.453407   42.970036
-109.454903   42.975128
-109.462502   42.981342
-109.459061   42.983021
-109.459892   42.988380
-109.465958   42.991997
-109.471870   42.990520
-109.474876   42.994125
-109.491714   42.995625
-109.501709   43.010555
-109.513885   43.007183
-109.517067   43.011089
-109.522285   43.009445
-109.528328   43.013905
-109.538994   43.013142
-109.542458   43.010422
-109.551880   43.012585
-109.554985   43.027649
-109.548012   43.036758
-109.551353   43.040009
-109.559944   43.039680
-109.559128   43.047806
-109.564194   43.046669
-109.570053   43.049385
-109.562752   43.051075
-109.552444   43.058632
-109.552307   43.072350
-109.560898   43.077831
-109.559349   43.082867
-109.564583   43.085175
-109.569473   43.091637
-109.567642   43.094406
-109.569672   43.099701
-109.579216   43.100605
-109.590851   43.115429
-109.594986   43.118320
-109.603241   43.119022
-109.611305   43.125000
-109.620857   43.126572
-109.630180   43.148735
-109.629379   43.163395
-109.634216   43.165970
-109.642975   43.162174
-109.650742   43.167088
-109.654961   43.176117
-109.654129   43.186768
-109.660103   43.199165
-109.657890   43.201553
-109.664841   43.204456
-109.670029   43.212780
-109.675392   43.215313
-109.675072   43.224113
-109.669395   43.228752
-109.676941   43.235916
-109.676262   43.244415
-109.673103   43.248020
-109.678139   43.250675
-109.681847   43.258957
-109.692009   43.265079
-109.677994   43.273205
-109.684959   43.285786
-109.679955   43.287281
-109.680870   43.293285
-109.672890   43.296722
-109.671402   43.308788
-109.679008   43.318199
-109.685669   43.318821
-109.693474   43.324856
-109.699722   43.335041
-109.699928   43.342876
-109.693726   43.350716
-109.695503   43.359375
-109.693413   43.365410
-109.703995   43.368736
-109.707329   43.374271
-109.710045   43.374451
-109.733322   43.365658
-109.753754   43.365955
-109.753998   43.463249
-110.050842   43.464840

Goshen
WY
7
-104.655128   42.609501
-104.052277   42.611626
-104.052109   42.001736
-104.052185   41.697983
-104.052032   41.564301
-104.652473   41.565041
-104.652802   41.653034

Hot Springs
WY
64
-109.312248   43.813335
-109.271889   43.813595
-109.271851   43.816162
-109.091469   43.816250
-109.092186   43.904518
-108.912102   43.904800
-108.915306   43.990898
-108.791107   43.991100
-108.791603   44.079662
-108.550087   44.079449
-108.489586   44.079807
-108.488770   43.991909
-108.426399   43.992100
-108.428902   43.903400
-108.308701   43.903301
-108.309036   43.846664
-108.184601   43.848301
-108.192177   43.835289
-108.198929   43.830997
-108.200798   43.826736
-108.197128   43.825226
-108.193848   43.827934
-108.186432   43.824226
-108.175507   43.822910
-108.171997   43.820263
-108.174286   43.819012
-107.955803   43.818710
-107.955925   43.733494
-107.715240   43.733387
-107.715576   43.645809
-107.594521   43.646469
-107.594475   43.501438
-107.594505   43.472301
-108.155632   43.470673
-108.155655   43.459656
-108.250000   43.459579
-108.337212   43.459808
-108.337112   43.474106
-108.456314   43.474323
-108.456306   43.503201
-108.575500   43.503300
-108.575500   43.532600
-108.694397   43.532299
-108.694000   43.575802
-108.813599   43.575600
-108.813599   43.605301
-108.933151   43.604763
-108.933464   43.619209
-109.170952   43.619808
-109.170761   43.699314
-109.196297   43.712395
-109.205719   43.723572
-109.208946   43.733498
-109.229713   43.759285
-109.234566   43.763943
-109.244324   43.766811
-109.247292   43.770771
-109.261436   43.774193
-109.267845   43.781181
-109.273903   43.796917
-109.284241   43.803089
-109.295403   43.801456
-109.302170   43.805195
-109.308807   43.805500

Johnson
WY
76
-107.368996   44.559872
-106.428307   44.556801
-106.428307   44.561798
-106.009094   44.563999
-106.007904   44.521099
-106.013901   44.521000
-106.016136   44.304550
-106.015930   44.169746
-106.010803   44.169758
-106.009003   44.083576
-106.008629   43.821606
-106.017021   43.821514
-106.016800   43.494999
-106.077499   43.494499
-106.594307   43.491501
-107.110306   43.492401
-107.110115   43.500324
-107.110176   43.555607
-107.113022   43.555820
-107.113029   43.816132
-107.126999   43.816002
-107.127968   44.165730
-107.146194   44.165703
-107.144386   44.324039
-107.154846   44.322365
-107.159203   44.325825
-107.156021   44.332180
-107.163239   44.335194
-107.171989   44.335201
-107.178291   44.345688
-107.188431   44.347530
-107.184273   44.358837
-107.172493   44.360489
-107.160782   44.368668
-107.164841   44.373905
-107.175888   44.376678
-107.173401   44.388111
-107.168594   44.393539
-107.177208   44.402458
-107.182175   44.403477
-107.187851   44.398701
-107.199074   44.399643
-107.199448   44.421341
-107.203728   44.426163
-107.199745   44.433147
-107.203232   44.435783
-107.199516   44.441692
-107.201050   44.445072
-107.201988   44.446503
-107.210846   44.445210
-107.217957   44.449596
-107.220901   44.443657
-107.241882   44.438396
-107.253922   44.441334
-107.260391   44.447697
-107.278107   44.450855
-107.274048   44.455734
-107.278000   44.459232
-107.299736   44.458965
-107.303757   44.464054
-107.299042   44.476303
-107.304611   44.483379
-107.297859   44.484600
-107.297913   44.496246
-107.293533   44.500744
-107.300812   44.506454
-107.310310   44.508873
-107.313988   44.515869
-107.326424   44.522156
-107.322311   44.530567
-107.329491   44.536102
-107.329659   44.543839
-107.337074   44.539665
-107.353142   44.542229
-107.364799   44.555084
-107.370819   44.556980

Laramie
WY
13
-105.277702   41.656681
-104.652802   41.653034
-104.652473   41.565041
-104.052032   41.564301
-104.051781   41.393330
-104.052742   41.001423
-104.625000   41.001450
-104.942848   40.998226
-105.276604   40.998188
-105.280136   41.321457
-105.279663   41.395401
-105.277061   41.395496
-105.276886   41.399532

Lincoln
WY
28
-111.043846   43.315800
-110.927139   43.316036
-110.927414   43.299610
-110.813286   43.299622
-110.813240   43.235252
-110.577911   43.235291
-110.577843   43.126377
-110.587250   43.126217
-110.586929   42.779259
-110.622696   42.779278
-110.622742   42.710251
-110.589333   42.710163
-110.589401   42.448502
-110.542603   42.448601
-110.540901   42.277557
-110.424103   42.279999
-110.424202   42.276199
-110.205803   42.276600
-110.206200   42.270699
-110.053001   42.270802
-110.053703   42.007099
-110.045692   42.005894
-110.047295   41.577499
-111.045097   41.579899
-111.045944   42.001633
-111.045967   42.513187
-111.042786   42.719578
-111.043381   43.020130

Natrona
WY
29
-107.534264   43.501404
-107.110115   43.500324
-107.110306   43.492401
-106.594307   43.491501
-106.077499   43.494499
-106.077667   43.472527
-106.073303   43.472599
-106.072601   43.250000
-106.073196   43.126701
-106.075104   43.126900
-106.072105   42.778198
-106.076508   42.778000
-106.075600   42.737701
-106.073799   42.722000
-106.070107   42.722099
-106.070000   42.718700
-106.075104   42.718498
-106.073105   42.695400
-106.075203   42.695301
-106.075279   42.433250
-106.624367   42.430527
-107.522293   42.434399
-107.541397   42.434399
-107.542908   42.781601
-107.500801   42.781502
-107.501701   43.128101
-107.516106   43.127998
-107.516403   43.472698
-107.534401   43.472801

Niobrara
WY
11
-104.899414   43.499668
-104.054298   43.503101
-104.054337   43.477840
-104.052643   43.000614
-104.052277   42.611626
-104.655128   42.609501
-104.891914   42.608971
-104.892960   42.782932
-104.898033   42.783138
-104.898849   42.804558
-104.896446   43.145668

Park
WY
263
-110.000771   45.003502
-109.797951   45.002247
-109.102745   45.005955
-109.082314   44.999664
-108.620628   45.000328
-108.619781   44.871532
-108.591614   44.871490
-108.591820   44.520977
-108.572746   44.520855
-108.573128   44.168514
-108.549889   44.168499
-108.550087   44.079449
-108.791603   44.079662
-108.791107   43.991100
-108.915306   43.990898
-108.912102   43.904800
-109.092186   43.904518
-109.091469   43.816250
-109.271851   43.816162
-109.271889   43.813595
-109.312248   43.813335
-109.316170   43.819206
-109.315514   43.824242
-109.321404   43.829140
-109.320915   43.834080
-109.325104   43.837795
-109.335297   43.842144
-109.348618   43.839951
-109.366058   43.843052
-109.366783   43.849785
-109.371498   43.853035
-109.369194   43.857273
-109.375626   43.870968
-109.373322   43.877491
-109.379463   43.882843
-109.397758   43.884388
-109.401802   43.888443
-109.404251   43.902027
-109.410233   43.904034
-109.412712   43.909294
-109.426155   43.910084
-109.433189   43.914085
-109.441650   43.930481
-109.454018   43.927704
-109.471680   43.932224
-109.469833   43.938850
-109.475334   43.948879
-109.489029   43.948338
-109.501640   43.939228
-109.509850   43.938698
-109.531250   43.949501
-109.534409   43.954468
-109.541618   43.961399
-109.551933   43.960621
-109.559196   43.954685
-109.566223   43.954868
-109.575340   43.942631
-109.583595   43.937931
-109.600113   43.948975
-109.604744   43.948009
-109.604637   43.938824
-109.612991   43.927528
-109.619469   43.925781
-109.628090   43.927055
-109.635765   43.922806
-109.641090   43.922832
-109.653648   43.907166
-109.655342   43.896015
-109.652298   43.886810
-109.658684   43.879337
-109.666115   43.880627
-109.671761   43.868145
-109.668907   43.860008
-109.665031   43.857182
-109.664757   43.845982
-109.675819   43.842739
-109.684975   43.844284
-109.688843   43.839520
-109.701920   43.841076
-109.708366   43.835773
-109.719086   43.837627
-109.721779   43.833015
-109.731033   43.833229
-109.735008   43.827274
-109.741913   43.827553
-109.751984   43.817471
-109.763199   43.820648
-109.768005   43.814568
-109.779305   43.811741
-109.779877   43.807171
-109.785667   43.804852
-109.786652   43.801205
-109.800415   43.808651
-109.808517   43.809555
-109.816528   43.815823
-109.825188   43.816219
-109.826820   43.824429
-109.841026   43.819370
-109.851448   43.824543
-109.855835   43.829109
-109.854378   43.835182
-109.849052   43.837135
-109.855888   43.842468
-109.854439   43.848305
-109.846977   43.853245
-109.825638   43.855202
-109.813057   43.861809
-109.820663   43.867371
-109.827934   43.866714
-109.831184   43.871838
-109.829582   43.874638
-109.824638   43.875145
-109.815849   43.880585
-109.816856   43.883324
-109.830055   43.889839
-109.831848   43.895119
-109.836388   43.894730
-109.847054   43.900280
-109.858543   43.900806
-109.847153   43.908173
-109.848213   43.919857
-109.853455   43.924110
-109.851135   43.926643
-109.855820   43.924889
-109.865181   43.926319
-109.872879   43.930229
-109.873222   43.933651
-109.857719   43.942097
-109.857201   43.949059
-109.854202   43.950314
-109.858025   43.958038
-109.883675   43.948624
-109.921326   43.946136
-109.931557   43.950768
-109.938614   43.958225
-109.944473   43.958271
-109.958122   43.964622
-109.966072   43.961445
-109.971230   43.955681
-109.981400   43.954288
-109.989334   43.949116
-109.993134   43.949608
-110.001305   43.955502
-110.000999   43.966900
-110.017906   43.968300
-110.018204   43.980000
-110.020706   43.981300
-110.031998   43.996498
-110.031548   44.001663
-110.043259   44.004551
-110.048233   44.008835
-110.052437   44.008076
-110.052612   44.132679
-110.119240   44.133450
-110.115524   44.135670
-110.120888   44.136761
-110.123375   44.144100
-110.126625   44.143414
-110.124527   44.149750
-110.127792   44.151554
-110.123322   44.152946
-110.127533   44.158779
-110.121994   44.160294
-110.120476   44.165577
-110.115776   44.168118
-110.122261   44.174923
-110.114479   44.179455
-110.108643   44.179024
-110.105110   44.184677
-110.106674   44.186230
-110.113602   44.184944
-110.116425   44.181492
-110.119637   44.187069
-110.114365   44.189522
-110.122986   44.193607
-110.119682   44.194775
-110.111885   44.191944
-110.108360   44.194897
-110.112366   44.200611
-110.119019   44.198917
-110.123314   44.204948
-110.115944   44.210442
-110.109871   44.210327
-110.115280   44.216801
-110.122841   44.211720
-110.127785   44.222855
-110.132774   44.225716
-110.130829   44.229942
-110.137695   44.236942
-110.133934   44.239983
-110.131477   44.249126
-110.136986   44.249611
-110.145470   44.256760
-110.140152   44.262863
-110.146263   44.265633
-110.149796   44.270664
-110.139854   44.275852
-110.144150   44.277637
-110.143829   44.282509
-110.149651   44.291565
-110.163849   44.299622
-110.166779   44.296669
-110.174126   44.297264
-110.171989   44.302296
-110.173904   44.304401
-110.180145   44.301563
-110.183037   44.302776
-110.181259   44.308952
-110.185623   44.308769
-110.185173   44.301884
-110.188713   44.300468
-110.196671   44.306068
-110.202057   44.305588
-110.205399   44.309818
-110.201546   44.313065
-110.206009   44.318577
-110.201385   44.321320
-110.201073   44.326923
-110.218559   44.332317
-110.223724   44.336498
-110.228531   44.374523
-110.241867   44.386948
-110.253227   44.390259
-110.255249   44.405579
-110.260826   44.409996
-110.276772   44.413822
-110.285576   44.418808
-110.295654   44.430016
-110.296066   44.434795
-110.291603   44.438358
-110.288208   44.452629
-110.290367   44.470764
-110.282097   44.476227
-110.283882   44.489967
-110.277328   44.499184
-110.279015   44.510971
-110.276421   44.515499
-110.285400   44.526112
-110.297577   44.529316
-110.294731   44.537567
-110.289482   44.539032
-110.290085   44.542301
-110.297859   44.548683
-110.313400   44.555519
-110.329765   44.553989
-110.332520   44.547470
-110.360016   44.552952
-110.383736   44.563904
-110.371971   44.570927
-110.376114   44.580269
-110.374573   44.583076
-110.667137   44.582855
-110.667107   44.666355
-111.054558   44.666336
-111.054420   45.001392
-110.784241   45.003021
-110.704506   44.992390
-110.500000   44.992355
-110.402176   44.993874
-110.361946   45.000656
-110.286026   44.996910
-110.198761   44.996250
-110.109360   45.003967

Platte
WY
11
-104.891914   42.608971
-104.655128   42.609501
-104.652802   41.653034
-105.277702   41.656681
-105.278442   41.742023
-105.271271   41.742058
-105.271210   41.986122
-105.273216   42.088856
-105.280602   42.088921
-105.283379   42.431435
-105.285973   42.605858

Sheridan
WY
107
-107.911095   45.001343
-107.133545   45.000141
-107.054871   44.996384
-106.263000   44.993801
-106.024239   44.993591
-106.022530   44.868835
-106.016998   44.868801
-106.013702   44.857800
-106.014397   44.707100
-106.010101   44.693199
-106.009094   44.563999
-106.428307   44.561798
-106.428307   44.556801
-107.368996   44.559872
-107.375984   44.580032
-107.374237   44.582016
-107.384529   44.589806
-107.382843   44.595390
-107.392273   44.596001
-107.403641   44.599991
-107.412529   44.598900
-107.418198   44.600792
-107.422043   44.603313
-107.423714   44.611416
-107.434547   44.612072
-107.432137   44.607784
-107.442490   44.605621
-107.469009   44.612324
-107.486641   44.627338
-107.494133   44.642227
-107.502754   44.640049
-107.511620   44.633404
-107.523392   44.633045
-107.527519   44.634819
-107.528954   44.643955
-107.534424   44.648506
-107.518631   44.660690
-107.529198   44.666191
-107.538361   44.664970
-107.548279   44.667053
-107.548531   44.678829
-107.555977   44.678631
-107.565674   44.683033
-107.573036   44.683033
-107.579384   44.689571
-107.589043   44.688469
-107.595078   44.695061
-107.604027   44.694996
-107.615250   44.701336
-107.621941   44.693081
-107.638542   44.691265
-107.642677   44.693321
-107.650063   44.692352
-107.654465   44.689304
-107.656075   44.683796
-107.670509   44.680286
-107.683769   44.693180
-107.680710   44.696575
-107.682182   44.706154
-107.694145   44.708385
-107.698517   44.705193
-107.716858   44.710690
-107.727409   44.716461
-107.738998   44.713745
-107.750381   44.723026
-107.743813   44.729027
-107.742905   44.741516
-107.748299   44.746078
-107.744919   44.754372
-107.753471   44.758018
-107.751488   44.765667
-107.753738   44.770634
-107.764168   44.773491
-107.779808   44.772694
-107.796677   44.781403
-107.812752   44.789516
-107.824310   44.791836
-107.831665   44.790199
-107.830971   44.799828
-107.817520   44.809265
-107.815620   44.817562
-107.818375   44.820679
-107.828659   44.821613
-107.823723   44.823299
-107.824974   44.825329
-107.832069   44.825153
-107.827080   44.831539
-107.831940   44.838318
-107.831131   44.845036
-107.839424   44.849033
-107.843773   44.860687
-107.854370   44.867516
-107.861099   44.868549
-107.864357   44.873680
-107.860336   44.881748
-107.860344   44.894321
-107.847878   44.898506
-107.848862   44.905712
-107.852539   44.908958
-107.851883   44.915676
-107.881210   44.933464
-107.881706   44.942490
-107.876320   44.963348
-107.882957   44.980946
-107.881233   44.985935
-107.899109   44.996338
-107.908409   44.996548

Sublette
WY
164
-110.577911   43.235291
-110.577629   43.291710
-110.343224   43.291229
-110.343483   43.377979
-110.056587   43.377823
-110.056778   43.464828
-110.050842   43.464840
-109.753998   43.463249
-109.753754   43.365955
-109.733322   43.365658
-109.710045   43.374451
-109.707329   43.374271
-109.703995   43.368736
-109.693413   43.365410
-109.695503   43.359375
-109.693726   43.350716
-109.699928   43.342876
-109.699722   43.335041
-109.693474   43.324856
-109.685669   43.318821
-109.679008   43.318199
-109.671402   43.308788
-109.672890   43.296722
-109.680870   43.293285
-109.679955   43.287281
-109.684959   43.285786
-109.677994   43.273205
-109.692009   43.265079
-109.681847   43.258957
-109.678139   43.250675
-109.673103   43.248020
-109.676262   43.244415
-109.676941   43.235916
-109.669395   43.228752
-109.675072   43.224113
-109.675392   43.215313
-109.670029   43.212780
-109.664841   43.204456
-109.657890   43.201553
-109.660103   43.199165
-109.654129   43.186768
-109.654961   43.176117
-109.650742   43.167088
-109.642975   43.162174
-109.634216   43.165970
-109.629379   43.163395
-109.630180   43.148735
-109.620857   43.126572
-109.611305   43.125000
-109.603241   43.119022
-109.594986   43.118320
-109.590851   43.115429
-109.579216   43.100605
-109.569672   43.099701
-109.567642   43.094406
-109.569473   43.091637
-109.564583   43.085175
-109.559349   43.082867
-109.560898   43.077831
-109.552307   43.072350
-109.552444   43.058632
-109.562752   43.051075
-109.570053   43.049385
-109.564194   43.046669
-109.559128   43.047806
-109.559944   43.039680
-109.551353   43.040009
-109.548012   43.036758
-109.554985   43.027649
-109.551880   43.012585
-109.542458   43.010422
-109.538994   43.013142
-109.528328   43.013905
-109.522285   43.009445
-109.517067   43.011089
-109.513885   43.007183
-109.501709   43.010555
-109.491714   42.995625
-109.474876   42.994125
-109.471870   42.990520
-109.465958   42.991997
-109.459892   42.988380
-109.459061   42.983021
-109.462502   42.981342
-109.454903   42.975128
-109.453407   42.970036
-109.449982   42.971203
-109.442795   42.970394
-109.439537   42.967625
-109.431671   42.968197
-109.428062   42.960709
-109.410515   42.955505
-109.404099   42.950653
-109.399467   42.945789
-109.398773   42.940109
-109.385475   42.938908
-109.374077   42.943333
-109.369652   42.945621
-109.358902   42.933498
-109.355721   42.924793
-109.344666   42.918945
-109.338821   42.898861
-109.331223   42.895470
-109.329765   42.875000
-109.325089   42.868828
-109.314674   42.856178
-109.300667   42.851730
-109.290977   42.845844
-109.282326   42.848515
-109.278206   42.846058
-109.280502   42.843006
-109.270477   42.832054
-109.268791   42.825180
-109.263321   42.824207
-109.259689   42.815968
-109.247292   42.806206
-109.243073   42.805313
-109.236191   42.809570
-109.230873   42.803947
-109.213455   42.799881
-109.209656   42.793194
-109.219429   42.790310
-109.225266   42.790989
-109.236671   42.776791
-109.235405   42.768509
-109.216766   42.760098
-109.209114   42.770473
-109.194572   42.768589
-109.178055   42.754772
-109.178787   42.751095
-109.159988   42.748119
-109.157791   42.743031
-109.145691   42.742928
-109.140755   42.738804
-109.131630   42.737534
-109.132591   42.733135
-109.142601   42.733276
-109.147224   42.727612
-109.136642   42.721359
-109.131569   42.710278
-109.127731   42.708435
-109.137016   42.705166
-109.133438   42.699760
-109.133781   42.694336
-109.072166   42.693562
-109.068802   42.433525
-109.043129   42.433693
-109.042664   42.333897
-109.043190   42.263729
-109.496071   42.263367
-110.053001   42.270802
-110.206200   42.270699
-110.205803   42.276600
-110.424202   42.276199
-110.424103   42.279999
-110.540901   42.277557
-110.542603   42.448601
-110.589401   42.448502
-110.589333   42.710163
-110.622742   42.710251
-110.622696   42.779278
-110.586929   42.779259
-110.587250   43.126217
-110.577843   43.126377

Sweetwater
WY
23
-110.053001   42.270802
-109.496071   42.263367
-109.043190   42.263729
-108.000000   42.262100
-107.522095   42.261799
-107.521706   42.088001
-107.503197   42.088001
-107.504875   41.740574
-107.509438   41.740555
-107.509102   41.657494
-107.929108   41.659641
-107.929245   41.398571
-107.916473   41.398540
-107.917793   41.002071
-108.525368   40.999634
-109.049400   41.000702
-109.231300   41.002102
-109.534233   40.998184
-110.000000   40.997398
-110.047768   40.997696
-110.047295   41.577499
-110.045692   42.005894
-110.053703   42.007099

Teton
WY
118
-111.048203   44.474144
-111.054558   44.666336
-110.667107   44.666355
-110.667137   44.582855
-110.374573   44.583076
-110.376114   44.580269
-110.371971   44.570927
-110.383736   44.563904
-110.360016   44.552952
-110.332520   44.547470
-110.329765   44.553989
-110.313400   44.555519
-110.297859   44.548683
-110.290085   44.542301
-110.289482   44.539032
-110.294731   44.537567
-110.297577   44.529316
-110.285400   44.526112
-110.276421   44.515499
-110.279015   44.510971
-110.277328   44.499184
-110.283882   44.489967
-110.282097   44.476227
-110.290367   44.470764
-110.288208   44.452629
-110.291603   44.438358
-110.296066   44.434795
-110.295654   44.430016
-110.285576   44.418808
-110.276772   44.413822
-110.260826   44.409996
-110.255249   44.405579
-110.253227   44.390259
-110.241867   44.386948
-110.228531   44.374523
-110.223724   44.336498
-110.218559   44.332317
-110.201073   44.326923
-110.201385   44.321320
-110.206009   44.318577
-110.201546   44.313065
-110.205399   44.309818
-110.202057   44.305588
-110.196671   44.306068
-110.188713   44.300468
-110.185173   44.301884
-110.185623   44.308769
-110.181259   44.308952
-110.183037   44.302776
-110.180145   44.301563
-110.173904   44.304401
-110.171989   44.302296
-110.174126   44.297264
-110.166779   44.296669
-110.163849   44.299622
-110.149651   44.291565
-110.143829   44.282509
-110.144150   44.277637
-110.139854   44.275852
-110.149796   44.270664
-110.146263   44.265633
-110.140152   44.262863
-110.145470   44.256760
-110.136986   44.249611
-110.131477   44.249126
-110.133934   44.239983
-110.137695   44.236942
-110.130829   44.229942
-110.132774   44.225716
-110.127785   44.222855
-110.122841   44.211720
-110.115280   44.216801
-110.109871   44.210327
-110.115944   44.210442
-110.123314   44.204948
-110.119019   44.198917
-110.112366   44.200611
-110.108360   44.194897
-110.111885   44.191944
-110.119682   44.194775
-110.122986   44.193607
-110.114365   44.189522
-110.119637   44.187069
-110.116425   44.181492
-110.113602   44.184944
-110.106674   44.186230
-110.105110   44.184677
-110.108643   44.179024
-110.114479   44.179455
-110.122261   44.174923
-110.115776   44.168118
-110.120476   44.165577
-110.121994   44.160294
-110.127533   44.158779
-110.123322   44.152946
-110.127792   44.151554
-110.124527   44.149750
-110.126625   44.143414
-110.123375   44.144100
-110.120888   44.136761
-110.115524   44.135670
-110.119240   44.133450
-110.052612   44.132679
-110.052437   44.008076
-110.050842   43.464840
-110.056778   43.464828
-110.056587   43.377823
-110.343483   43.377979
-110.343224   43.291229
-110.577629   43.291710
-110.577911   43.235291
-110.813240   43.235252
-110.813286   43.299622
-110.927414   43.299610
-110.927139   43.316036
-111.043846   43.315800
-111.044724   43.501213
-111.046272   43.983456

Uinta
WY
6
-111.045097   41.579899
-110.047295   41.577499
-110.047768   40.997696
-110.500000   40.994801
-111.045982   40.998013
-111.045815   41.251774

Washakie
WY
35
-108.549889   44.168499
-107.741486   44.168056
-107.712212   44.166492
-107.375000   44.167923
-107.146194   44.165703
-107.127968   44.165730
-107.126999   43.816002
-107.113029   43.816132
-107.113022   43.555820
-107.110176   43.555607
-107.110115   43.500324
-107.534264   43.501404
-107.594475   43.501438
-107.594521   43.646469
-107.715576   43.645809
-107.715240   43.733387
-107.955925   43.733494
-107.955803   43.818710
-108.174286   43.819012
-108.171997   43.820263
-108.175507   43.822910
-108.186432   43.824226
-108.193848   43.827934
-108.197128   43.825226
-108.200798   43.826736
-108.198929   43.830997
-108.192177   43.835289
-108.184601   43.848301
-108.309036   43.846664
-108.308701   43.903301
-108.428902   43.903400
-108.426399   43.992100
-108.488770   43.991909
-108.489586   44.079807
-108.550087   44.079449

Weston
WY
11
-105.078743   44.176205
-104.375000   44.181641
-104.054001   44.180401
-104.054108   44.141102
-104.055000   43.853500
-104.054298   43.503101
-104.899414   43.499668
-105.079262   43.498474
-105.081238   43.592144
-105.078255   43.827049
-105.080872   43.826954

