4114613
6345877
57943
9842293
2422207
7123027
8978807
1726931
7567487
7816997
8497403
2421163
8009179
5515721
1554757
4975877
9729613
1384247
6697283
2864867
6817859
5906843
3158873
711583
1029953
537157
822389
1968047
4330507
8870819
4017647
4406021
4518601
5636681
6953711
5375753
3663689
1258297
7312079
3574589
5558447
3207443
4028929
9102547
2619913
6344171
2492443
3469933
8927383
2729173
9432443
1802293
9981899
1624453
8923601
9207577
8642773
713863
6985001
5976953
8427217
9852559
4282367
3594583
9453677
5870611
2726107
4294879
7279463
9190891
4537261
9995239
4670203
1272679
1901
5065759
2404819
1711547
6316153
6445247
1802923
7203583
5857463
4218157
3662861
6117581
5855389
3025567
1214141
7791431
6850553
6220693
200569
2595331
273253
2554339
3665609
8068481
4424669
534283
7580057
5473331
3547469
4090991
1667131
8503273
1393297
2041937
9472871
7607707
6506243
7712767
8826473
3078211
852347
2560123
9488587
5196973
2059843
89767
5754911
9795547
8606657
7610201
1527311
1136477
7328843
2235557
1655573
4067309
4676671
6561673
7604911
8733133
4343429
2001067
9523819
6829129
5173957
9592463
9257683
6330263
9738787
9565817
8827909
7047629
7339957
7956821
9885089
2387753
4128281
4968157
8193697
7495121
3770491
8851333
1607237
7743871
254857
8111659
1469437
1525669
3588869
1687603
9438463
1893979
1475261
6615043
7306543
4031633
2849989
949153
1451909
7094063
4684529
4215443
4516157
6743729
7561681
7015487
4908109
7714621
7173251
7884167
2204243
7054493
555209
1846967
6018373
3127213
8546999
8299649
2599039
4292009
2344051
6786877
4856701
6396851
1287233
6717493
6967517
2598571
476743
7420951
301303
7348261
3582989
7015553
1365163
4487719
2214791
8169121
5308447
2679139
5560367
2606437
7106933
1681517
4579501
5634257
5842027
6513931
2639149
5060039
6569807
2519651
960049
4441849
3182857
9812207
620227
6740519
476633
6436889
8602691
7952233
5981471
4893899
1294483
9057467
7190087
1372079
8237543
2171599
1511947
2747567
9070727
5323067
1635661
7112437
585163
6079133
7585223
3499319
225583
5378519
3393437
8616821
2908421
4054727
930667
3504961
3386671
3429659
5847823
2150801
8549557
3936827
1560077
3780757
2193929
1163711
8985311
7273999
2493979
1973779
450239
303691
7263829
3234221
9252959
1702573
3868219
5896963
7298197
3987589
8107019
4760759
6450733
1808281
8189473
9691193
5699669
7783207
5210591
7256849
1862687
2800489
9236737
5331899
9961631
4173853
6299221
4008523
2723167
848363
2727797
4613507
6359461
2413469
1225999
3527581
4172171
86029
3883499
4566071
268439
7176691
2263559
2233529
7875061
5069681
6974963
7298173
9279377
4797259
8048687
7389649
6371117
31531
1004273
1142083
7462157
1921729
4429819
6738553
7856399
941537
5608697
5083489
4868363
2716771
3647773
9616319
8947997
3143071
431029
5029523
2961851
6893267
5147167
4128359
5881159
6594883
9489643
3951719
9787787
9502903
2107393
5704513
2026187
8914993
5248073
6187637
4986941
9162193
7512047
7854047
2234707
4722847
321851
3248417
2016419
1455241
1815907
4610659
1063157
9049199
4714417
321679
8288627
429161
4272263
9176509
5782187
2908673
6722689
1284583
9223187
8694899
9007261
1744363
3281563
4828739
2796229
4134649
9892823
5833951
9447583
6071449
4750771
1003619
412891
335957
785159
5349733
6375269
3737593
3990853
1288699
3655783
760939
6771799
7353007
5112673
8997647
992633
9888773
5739203
9141367
1112341
774001
7254323
5873503
3277387
2471057
4367581
9340433
2664451
154157
4608283
3662917
8260051
1926283
704111
4577627
3549697
384331
8710193
422111
9389089
138407
453559
2163691
8552281
8467891
6954107
3314527
728561
9030851
8481157
3114359
7769383
5274671
7893883
925943
2190971
8193403
1951139
9219913
6061487
3104089
7309307
4918183
5035187
1412183
2698739
2100899
6119293
3564817
6054287
3500443
1173521
8916503
8259607
9877333
3430897
262231
6207283
5991899
761203
6833317
1684609
875477
6239957
884789
3596653
9203897
6020167
8315999
5711411
124717
3690053
7513841
187339
290473
8084581
9450349
285091
7413689
9875941
6532469
4796399
2603791
8908877
8016221
3841757
2687767
1204823
3776527
9301757
901273
9187093
1239913
8859463
317029
7030097
6324491
16363
2452147
5568793
1314199
7775293
867067
1150609
7356731
4262683
3616477
6945959
535991
6137587
9259193
3137117
6668707
3419531
1141027
9941843
1516513
479231
4327087
8038883
4406359
2186573
8094253
6652279
4786037
4045147
9003271
3817783
6739963
4199231
4946101
5822989
9492521
5926721
3500803
4686343
505369
5771681
9913469
3357181
2106149
8079989
8483603
2194229
2251637
409237
6445871
582689
4930151
2041693
3566527
7448821
3893167
1895567
5387611
5357633
3208883
6312847
3037691
60923
8239877
2117821
9995659
9389531
7422143
737497
3410851
7051859
6482023
6960673
7950749
219353
1089563
3425951
6511541
8776483
3184471
4413611
1226767
4994807
516709
2356397
743123
4865551
7077809
5934307
7302773
1628441
1564853
759763
7299359
8753747
1968919
8012951
5954147
3758413
8513467
3085063
1101571
8952241
8492303
2324149
3070031
1671983
7439917
3947591
3113213
2682517
993283
4876427
5614781
2571581
1786913
3786553
6332503
979553
3906839
8872741
3296597
5909903
1841069
4939339
5167051
222977
7382951
8825581
8072293
102881
4452353
1482617
1447561
1359947
956723
4809137
5689139
8037793
9138271
3548147
4409747
4750987
1167833
2621737
8033177
2529227
1121011
5198639
5716441
2217199
1140871
7282333
8318293
3391117
1347191
4532327
8388949
9859909
9981943
3702047
8403221
8640887
5419811
8039923
8756771
8244287
6337993
1772227
5499023
560089
4552861
586499
1782589
8884151
2924729
1006969
1645927
7774541
1868663
8943901
4920397
4819163
1356623
8472479
6957917
4087757
7505357
4827913
2729819
2934973
354451
1522483
4857337
3562913
2034979
2544133
7212209
8678083
2510581
1220171
128449
5889889
151451
1377491
2246501
9248893
4168939
6707933
9153119
1068721
2332049
4658623
3469393
3587237
1295297
1669813
5900291
6633877
6674683
8614273
5340817
7156627
1973287
1441523
4070923
3833971
5460971
7020239
8190697
2102531
8500841
7636093
652837
3718037
6295903
8809013
1987621
1569803
4637453
3018347
5873323
6678593
4124321
7107923
7737071
7968641
5811811
2592901
7912133
2309497
4391227
8013329
9748381
1000969
2625523
35449
7720589
5685781
6541253
4255921
3221629
243917
6055477
2957897
5793197
2273171
18341
7219643
2080357
4571417
4070489
4854361
2513113
5659477
7581601
637499
3915553
2276537
6989819
1843201
8498873
8624221
7405007
2943191
5120833
8252303
8025509
8269999
1933891
6496583
280759
2318737
2116393
1005317
6129637
7361369
4810697
4149451
7690159
1291963
791347
1624507
483709
6337861
2528371
4367243
9125497
5435827
8279023
3045103
5808527
533927
8687213
8157133
1676651
6431461
4864637
831367
2012221
3218123
1684373
4991933
2524153
9092449
7752431
6528703
6013141
1072801
2611849
5400553
8611891
1925179
2496721
968113
3174827
5202511
4787831
6087401
5871343
9710269
7966237
6421643
7177537
8863219
5348059
7159307
3104509
9370147
3779761
3788633
8527361
8265379
6434983
4097777
870239
7553893
8606911
6971473
7165253
4876829
9628039
5906291
4002553
9516007
2373337
7476803
3918919
4215613
493393
7762967
3507313
9326027
5429803
2174729
1496723
5466379
9505361
4438151
8948581
859849
5561371
4572247
7393003
6941167
8591587
4292723
944071
1899109
2738599
6143497
411119
9145739
876497
8924801
444289
625627
5871917
1070899
7030193
4534417
7287337
9729953
435649
342451
8853347
1654693
4995479
1935251
5497123
4290089
2526869
8738767
3259973
1294721
2698187
1000231
68699
2514541
4470289
2571871
9723913
5100859
3627067
9712753
3797111
7099633
6741431
1703269
5101
6821803
4973791
1094101
6682439
850637
7184011
821803
6775591
3278917
3721391
6845701
8330369
2990587
9184969
1568927
5906773
4481431
9297259
6189973
3690737
2382637
9406247
3562393
8413957
7670261
9796877
7749037
5252657
3238597
1983301
3358889
5690689
2450599
7823201
9751129
1904531
2177687
2967109
2123701
2870017
9424781
3071837
6873871
2330147
525017
1170133
8468821
9818899
5163583
4421413
2049977
3115537
2974649
4862339
6068243
7298167
5301613
3552671
9281773
9225971
6534179
9035569
4463141
727427
7519817
8958563
2091241
3839471
4737349
9752801
5031373
8674409
1134311
5436731
3844303
455687
5785477
7007149
5636047
5197363
1474901
1314161
96419
7349983
3804169
6557671
8467093
7615103
349093
77899
6567173
4384553
8941129
655439
7637551
9723391
514103
3702823
5840903
1337617
3897683
260549
9304993
3328901
6153559
4775377
3800647
367163
4472311
4510711
8940457
9388079
7685851
9424699
2553541
9700541
3197219
2420519
7757311
1426673
5938861
1439309
2200153
5143907
9942007
2658559
5190839
1619179
8426059
8432521
8515649
7632367
1962299
6834679
9513367
1381
3931567
602873
7504781
9278491
607337
4656193
2892077
804511
9508613
6534907
738487
3032839
6140929
748169
550439
901333
8982517
4528703
3226271
3355031
5782697
587659
4797953
5934949
8506501
4407323
6529793
1713353
2180039
5139347
8236069
1914889
8902457
61543
4288577
4667323
1831381
7550789
9827929
1189219
36493
9920711
2290727
534571
7886167
2096449
1210193
3278021
4924727
3047599
3542387
5965507
220447
4643761
6175217
1585699
3719341
6221557
2709727
4845271
9147823
3141329
4734839
2361179
5022811
737999
7316107
4806773
7949681
5696633
9302563
2710909
1122533
7803401
4877497
9534307
4734841
8740129
8124731
5716639
4480453
9322333
3890819
55609
4460111
5811307
8413597
6132349
4461673
290803
1759249
7461689
5287823
9189923
3859151
7385419
7911571
5291837
6687133
6707681
9672101
9592201
2385989
7110637
7729363
7286813
605509
1911209
4961329
8844877
9826979
9920021
5620907
8579191
4934219
2868451
2110769
4645117
472831
3664393
5694727
3170543
2095747
4960499
7801879
7120237
4677653
5653283
2243777
3000301
3096983
3313591
8521
1629919
8859421
748283
4140029
5762219
1858081
8540689
614561
8101319
2471869
3698363
99523
4866949
8580833
5659259
5865467
38053
8236439
6887677
6122651
712739
381301
917591
8381531
332743
789133
4168273
70507
6776741
3690613
778727
9246869
439253
6668119
8994101
5808329
4197133
1772593
853189
8516273
6237509
7016777
7805393
2111597
3284137
9727547
8687093
1940371
3261131
8699851
189767
2883563
2090849
1603361
7930861
9030877
2700179
4525531
273059
9717143
5265371
962561
9637139
8697343
585779
2690141
528041
4339943
4392169
5156969
8285363
9285217
6868117
3859693
6826933
752093
8630239
6419111
3095977
3714587
6837029
3102731
753383
8337689
6529469
573953
8672767
3011989
1483439
3571847
6465707
3089311
4373137
4891973
2054749
8806591
8478791
2522059
6428743
1890743
3467759
6858479
3399943
2758169
5637641
2028931
6929929
3677341
3084721
1029023
1427687
1677461
5846957
2152169
593633
6040267
7228523
1891807
2221007
2634199
1462001
3241817
8941817
9926561
8391707
2694407
6272801
7166633
1838999
1935181
2083009
484201
4006621
2285659
248719
1312669
309989
8319037
4812733
3918071
7961267
2026069
9305773
3478009
8689
4754053
5361973
9063917
229399
634687
773987
7554089
9235931
1598131
24793
7591159
4667963
2327207
8398067
7703711
3355873
8579761
3806527
2457733
3787997
4643113
9993703
6474631
2876233
8312237
4946399
5114513
1281883
1187369
8841179
5822317
8740561
4239101
2959133
384821
2025643
392383
2968451
7315757
4265357
5252773
8034503
6286309
2623487
5808037
7478717
3422633
765257
936361
8576111
9056717
9993701
3695669
8815291
5967161
3243649
4235503
3806527
9309929
3037901
8390329
1226479
3479557
1103617
2390243
9990121
1974961
3004051
5139881
7796497
6209407
8132759
1977821
1209809
1406267
4885753
6103667
2852051
6349157
1136417
9023983
2563849
6508751
7875701
8472661
9108587
6961897
2202433
9612853
3941363
2626087
7147643
9136879
6888877
9467141
4788887
5549749
1393633
7067899
7273237
7909921
9999749
1916281
6263539
8609477
4386133
9231451
1162541
2180681
6971351
1289303
3389621
1275847
7161337
8099447
728521
6314809
6609803
6337
108827
1245617
2385553
4634459
1221523
4876219
7953097
1231843
7914937
8110639
7226077
9237433
5447951
9170269
2386757
4465807
2302987
3835109
2704291
6325691
8161381
8114059
7170851
5196151
2771513
7058159
6289709
6293387
6309619
1099223
205993
6757451
5816581
551311
4140419
3259891
1308863
358993
2664017
727211
1921481
5396477
7087889
3604793
9934219
6917431
2293567
2399599
2857237
5573027
3463489
1668031
5470457
917053
4476047
1986757
4842689
1424041
209687
844187
9076127
3230393
2094523
8581933
7381889
9126043
3400841
2120383
3761801
6056669
1572643
7426963
4429457
7117843
282907
3368041
8664701
6183491
3224413
7987687
654743
5551919
4774283
7955377
987739
2645581
458639
6998059
7148489
3439427
9514279
8368817
2519591
4328249
8129477
2877929
867509
1944379
436871
8273789
5298583
4983787
9784529
5954041
6760177
4584401
2649197
1345453
873727
2338247
5847181
9365177
6815321
4546603
1800157
7978337
630709
9312949
6493607
8285791
3133279
8917927
6937439
7335079
3329761
4148003
5070179
1661353
6454751
4721411
1202473
8636581
6806147
6836539
4418483
555523
1316923
335641
5019919
961339
4916633
7856213
196613
9245557
8874293
6998617
2954569
9218087
1456963
318581
3763043
159073
6481183
4907333
768923
9756631
8891167
8432647
9381191
4810217
3399659
9166951
3206909
4682789
245741
6253441
6609287
4683851
6450593
3914413
4065527
6731401
366239
3039947
3074581
1312951
3421331
1209223
7715737
3165709
1777483
9315883
4042033
8719943
2868011
2181973
9901999
8601667
4972063
9179129
6052591
9751633
5171317
126949
56891
7953271
2020609
7735531
5722373
9860881
1673839
5232559
7229039
1861141
3152573
2982139
1194847
4551227
1376533
59393
2072893
8323759
397337
187547
9253679
9063611
9551629
6174253
683257
4676041
3896099
5807741
3505543
9896317
1265899
6307517
2309911
6642863
2360291
705769
8607409
6680579
1007317
1525229
1009993
6393403
4771447
8809513
7432391
166013
1242289
1023857
3022027
5031967
2691233
2075279
9046277
5327183
1772237
7032107
1926931
9266951
5459551
1988137
1746419
9839273
3068201
4363213
7860961
8042449
5306153
3442357
2668427
7767811
8560403
2938709
2617873
737059
1992839
2892619
9664691
5236271
1413679
4489621
1046081
6665843
1424257
7055281
9293467
2652439
4998467
4864831
805867
4142689
5822251
347579
9160751
5414473
964433
4339757
6420173
6793669
3730681
2748133
4819033
8445457
1069553
5890543
7831793
4527701
2243893
6697193
108107
5855957
3934453
9311933
1573217
5445263
4639483
4747961
3593803
3705899
370373
9880001
5344457
1784353
9379627
1646971
7730909
2267281
1433057
8692681
9583813
4310659
15161
5970649
5192449
8521391
3848639
7210187
4049387
6076001
9961669
4111829
5800943
6882859
2873989
3670291
6720533
2780413
4668511
2013163
2898421
8828063
3862933
6399269
5515163
8059267
2396039
6637091
7405483
8065727
3291371
1423193
7874467
1244041
7597069
7868713
6077719
3688837
7690169
106627
51341
566617
9933503
7211249
3750917
3132529
9210961
1891639
8233409
5633039
227159
6057137
1638899
9857681
6066551
658153
9675599
6660197
6484267
8793749
3798049
5446391
8458811
6899777
569497
6788897
1001197
5961881
8039789
8932981
815519
9987283
4159843
9806389
9672437
48761
1350847
2193673
7110203
3323797
1464773
2963243
9761753
4323569
1742017
6203501
3847093
8516567
2815993
8337881
658433
4281803
8602379
5677537
4742431
8996359
613637
4194271
7318037
275827
7006561
2916523
8283581
1474873
6430069
9737729
677783
4243307
1678843
9648139
5786351
9176429
4289099
8107543
7822621
5871319
4559813
2466367
3331157
5860717
3380549
8364977
1565129
4722101
6414673
5264291
5083517
4825759
3057823
7601413
9584153
6835817
610633
650863
8971379
6948793
9827203
755813
5411839
926617
6237131
8919299
8907839
4525663
2761961
5728729
3700901
4608707
3613513
9994573
4191137
7596839
2438911
5031833
1528937
5770393
8989117
6309679
745631
5157739
1278637
2557447
1947971
3007813
1331647
4024411
8117149
3748561
797957
1323941
1000723
9922219
1545431
735071
4519421
7780541
66739
6291217
163409
2439781
7476247
6991939
4401899
2714729
8979811
8575219
1432927
7652291
239251
8690333
8967241
1996507
2759203
2002621
1889423
5796353
851273
3124301
7442093
304169
412637
6787717
6637853
1335239
3195487
6184613
9285911
8761691
2784283
1041553
1053191
5536483
6032459
5200753
6662191
8712859
6510191
8836391
655373
6443621
5076139
9754219
2245333
8250911
9128411
5006237
8666387
3049199
6875333
7670141
2726771
4995889
3794719
1894787
8706727
3467293
3295751
7479001
8262031
7035731
5006579
1869761
7708501
5517763
4602407
2974987
2810707
4197163
4929707
515761
2518561
1592861
763307
9231427
3049889
3114203
7369903
3752647
5810081
8702173
2868451
4803341
1344347
8899031
3129439
2264453
5164283
8323537
6901691
8602151
7226833
1635341
7650239
874721
2018077
6592249
5865679
5389907
9410497
2698109
6660109
6621851
8352391
4723051
3701141
3321229
5894479
6022781
1983743
1934437
9994289
20101
4798259
6443737
2292133
7090151
3942721
6388783
9856361
8338307
3956867
2162639
4481003
9210683
6127403
9200057
760549
8622721
7612441
2882021
34739
9383837
378361
3326377
5315719
4454369
84701
3992741
1094887
9756667
7155509
6001613
480059
8184857
972793
903251
4332949
1410023
1727569
9399743
2214349
3056959
3519601
7844849
3139069
1890769
4323569
2021179
8400919
5053771
2642771
7985279
6119521
9061109
7373537
5811163
5689787
4778107
851797
5791171
3941933
733807
5221501
9924133
1800551
116491
7526201
818569
8140609
284153
676031
4472927
2512463
735331
9799169
9305063
5424871
2723569
8515847
1826819
6024449
5412829
7145507
6366523
8850349
4751137
3812623
7362463
1960787
5060617
6483317
2352937
6268979
3298481
3891571
27581
3544171
1346909
4354759
6000431
3871339
7227317
6565063
6603907
8209063
235919
281887
518983
2542483
873121
6581299
3694139
6922037
4442681
8103091
6955369
5205917
7741469
8525071
6524873
4828739
1533461
817889
9229663
5478043
1729109
9311231
8762357
1356571
3070513
5905787
949589
7545463
8429609
367777
2963657
5631179
8734511
1323923
2552983
1183997
8403167
6846097
3557683
7217719
9859061
9760481
3084979
4775233
6691
8787853
1598089
3712871
6293977
1965193
1384303
6574879
9759257
5619787
474629
9379429
5989787
4803913
5029957
649643
2108501
6466547
7899161
1564993
5076703
5352299
3621181
8769041
3417163
7448087
8948393
5845387
7574029
8362649
6289037
2794243
4491341
5993359
78031
8895113
2783689
8684419
587179
3859319
8104741
9980519
1983997
1412641
1646971
4283351
3870551
2504317
2511521
9596333
6273229
23857
388711
5077507
5696227
42751
5576273
5330981
9524069
6588277
2649371
2509519
7710823
1372253
6863071
8787061
4947791
230327
4322491
3956957
9788101
3200279
5035747
7075597
5087293
5832053
1243349
8433899
9576373
4880087
579947
674903
5801399
8195339
6642211
9363077
1286119
3387331
8219353
947509
1536221
9176273
3076421
5303747
7852349
4070371
8370877
7288181
9882673
2266217
811289
3632767
8954171
9467987
4369949
9019753
3453757
1129013
209983
8096119
6599399
5998393
4307057
2786461
5973151
3021919
4803391
4057379
8945641
1020907
2695643
1343369
3422623
3925171
2245157
67759
3035947
2561737
5700857
5730701
3089447
1239817
1533691
8993531
2986351
5753953
9814223
3777481
3281911
9173579
6418721
9119377
9109781
3813571
3571471
3191137
467431
1734277
1940131
133723
7257091
5317217
3882947
8063221
3676513
9358633
1858529
8505361
2167741
7956737
1586093
5298443
5439053
2391547
3810493
290441
6917803
9425749
1722431
1610753
6776039
8141611
1580119
6036949
2189743
2986493
449227
3559
565109
3059951
9309743
2981453
6163849
5315621
5016667
1398113
1376071
1702219
9567683
6988991
5423921
256019
8520331
7297181
1875007
12611
4679581
8671447
3744401
1636121
1545799
6885617
9200053
1059701
4153759
5814481
4741969
60779
3722699
5176307
2067781
4590241
9381019
3887731
435857
1738153
3135023
8534101
4513979
7616659
1768157
2678173
417337
3568457
5184293
7939829
6260717
969809
3056593
7854991
1064927
8029249
3371989
9265589
3473611
5369041
2406133
3985073
9697133
2157301
5916763
4821821
5061061
2049577
1187833
2049409
4510993
6330053
4686289
9955901
1895207
8721851
5529497
192667
28123
7945547
3901981
287099
4956827
6764441
228559
6080281
2352223
8465183
6642907
6987139
4202959
314777
3559487
4389899
4506349
6049763
5297317
9572191
3757007
6378403
328651
6381671
5802773
3054811
2917529
8094067
2817779
8987689
6880547
9928981
9988361
9822367
7622561
6436993
242773
7613729
9726419
9073199
6998221
663269
5882827
259621
6564317
587947
2918389
9468293
1864417
306419
2693989
7426031
2699269
3060859
8660623
7952657
6750437
6112811
144409
3356999
4647823
9755149
1863107
7695697
9084689
6121319
5842157
3076193
4030909
1632919
3752039
9986467
4306891
3159721
5666783
8538377
4208209
2847499
5832529
8831183
8257883
6405131
9152831
1444661
8822057
4623649
6644047
6472261
6328261
1525507
8389081
1221247
509731
854533
3097033
8464513
4759397
3514417
5009783
2066293
9355231
1480277
1058377
8404679
7251313
1428253
2284229
8297063
9036803
4622417
7219741
5541631
8308579
790291
2779507
6471401
6598597
3613931
1321
8052949
7566203
5264671
8760649
9517033
7493249
7747517
263521
317773
7891069
4153
9631711
1197631
1082597
7744313
2828173
4186927
3091559
6349297
8624669
175303
5666021
558289
7462591
6694687
91823
7374709
5130079
8148977
7534381
3911417
1002583
3286579
4117189
6098959
8725991
7995187
3293683
2682347
8417267
5783249
4117037
6440999
7501643
1586197
2241697
8217047
3052879
140221
713939
8230121
73897
1388941
9750239
1613831
7824907
9954149
5281673
5533193
2979439
6112793
8688157
6713803
2798603
1001467
1224577
6473891
5419369
762001
9641741
9602743
5095637
4697467
8974877
1049519
8154043
6630817
1563511
5661559
2417291
7958749
9215809
9820541
395093
2405093
3160687
6831991
3882227
6887527
1033271
2099309
1423307
234799
7302377
4607957
1263961
1413077
2564323
6874339
8691247
6088157
5753767
3067733
3908831
7715821
2256259
9326981
9197081
3960799
912497
9239327
2434997
7043767
7457159
4260097
2379241
5198803
988583
6353569
3938167
9742111
4271461
2445647
5945839
3632989
7311127
9419359
6550267
2306449
9782821
9858229
9108227
8505547
9561407
8329837
4954909
340111
3825931
4611227
6916001
4110751
6825307
1567133
7963507
8813149
4650827
8706961
4401433
4133147
2125469
2477471
9409181
4346183
3710593
5161139
7466167
4812371
5988679
3564751
5737549
8694481
1213591
772843
7993823
2615791
2924029
4659469
9829153
5472457
7959929
218453
5374697
9191821
4600367
6984053
4157663
8875159
496303
183091
7819927
6208067
1450619
811757
1173163
5868521
8048707
7844467
8061103
4163429
8223169
6666383
1664821
252881
9063917
9680843
8545217
2804731
4965637
2910203
6870869
9748367
4294259
8326499
158843
5206823
2609311
1502141
2123603
2903581
9445357
5636567
4041503
5960957
3113009
1883201
2397853
5670827
773027
135799
2541433
803867
1681873
1231099
279397
9890869
7171291
2666087
8470543
6099547
9961631
7001123
464749
2630357
1479109
3594967
3359359
6071983
7502753
6434377
7288643
4322713
2766661
681251
8986361
8727031
6074569
6202103
3347429
8260643
4410193
7589353
5586109
9998447
5235661
8241313
7186183
6351403
2059927
4743139
5488667
6252847
6750001
4810343
9316093
442031
2801819
1009243
2229863
6715847
9017413
7836163
1090169
1981687
4601479
4442069
3347243
7459649
7443571
974459
105397
4038611
5599427
7715551
5093519
3864307
1192603
8580581
8005183
425879
2074949
3847273
5199589
9798457
2607571
854149
6498853
9197819
5094779
9938471
6333101
5202893
3151871
6283787
6225647
4442401
346133
7730113
8231231
9606691
6731407
2165941
7687093
740893
1831289
8234167
5115491
3913103
795551
9276149
3443159
2410579
3339257
3718207
3136207
170801
4253371
8791429
6562541
1301077
6170579
1340767
3147143
2235907
5352257
6204409
9374861
116107
299527
2796403
1130011
8283083
7014809
70487
7132291
3511961
9148591
9165301
7735009
4208081
2215789
1322903
2758453
3883309
2314177
8145419
139721
6273061
4978783
3376627
7506241
2013229
205963
9344311
6991549
2918411
4882993
1680181
3773921
7496959
6584681
4865141
3189191
320389
1197269
1563209
4461817
1859827
9943477
5749993
4633219
3232501
2586253
8878637
4780739
8014057
787433
7485623
2581847
7834259
701219
4324279
2112239
7871449
8935627
6208217
9299183
5331971
3092561
4638187
6235189
9628837
1590383
2804411
7531567
2481863
2273989
483407
9846301
6917497
1093753
1790149
2926739
2799529
2706337
9514669
5393387
4178327
4785901
2948797
2510549
4727617
956689
4347521
5926649
6153349
3801983
8288029
1508659
6495121
2392711
463537
5312467
336799
4112711
8148677
1072943
2525123
7242349
9918721
3051821
6431441
2287559
334069
1315637
8460007
1280791
3717739
9329251
220877
3725041
8197823
660601
7853233
6185483
3085717
366901
5638253
4855667
7354169
5193869
7793209
1144441
5282747
5763619
9796949
6869561
7779241
1111991
9289393
668513
4241639
2885887
7888583
1881697
1772387
5382919
1298113
1483043
9655843
6712787
178069
4161667
3550289
589643
4668991
2517583
2251703
2873777
1567259
6360461
9104801
641167
8955731
5490301
4010599
2779597
8180779
128489
3141659
2222761
3441943
2786423
7612771
9893461
1406101
8674489
4759309
3739991
8172487
4022189
6842357
598457
4665863
7780259
4484873
4609751
3252577
657257
4214653
6936263
3968053
6594713
1577533
1192099
5835283
6822199
2345033
626323
6827299
1580647
5155103
2979797
2083079
4855957
9372953
7558709
5201299
4808621
6637447
3334999
9086353
608029
5334899
9649819
3882787
6976117
5032127
1494421
1842287
8033017
2349803
1575337
5985029
4360819
8037317
5450147
7694021
5611453
9210973
4640183
1696333
7054823
53633
1121671
7280927
762743
1966603
1973197
8370833
3912263
8629763
1726303
5763143
4624547
5317303
1720799
9817597
9649301
2212219
4907587
8133143
4007741
5010041
3596083
1521029
8632103
9239743
2624353
1352123
8578697
2085599
7670807
971099
2284879
6182557
5332753
7040113
8568583
2654711
2079761
604939
3065723
2249213
7877819
9291343
1948799
2483567
8787887
8489543
2901643
7011181
2680141
7999507
292793
4578883
576943
2687857
5515703
4566169
4091749
4303133
7995821
7199609
1785293
5623159
3739259
9560909
6915247
1389887
5417497
958381
4828553
5878517
509449
9387799
4736983
1340369
4185133
7749271
7011229
7645837
8648929
7089889
2170369
6760669
4065781
2842031
7603027
3380197
9717107
6756353
4279741
1393687
4799833
3412583
2595821
8027891
3206747
377563
683681
5760949
5800919
6811751
9602269
3281101
5757733
2813077
6094217
8328547
5322749
338867
213737
2991929
1394707
9287977
1282951
46171
9068879
9438617
3029023
5027959
3633559
2321393
8709383
9121727
2717131
1786039
8591183
4783721
8590189
4496731
9248879
4234861
7667453
1702339
3321317
198259
3968551
4573489
3232387
86939
8874293
3310663
7688491
4496777
5606399
6024983
6932897
9648059
6453437
1729681
6377269
2592731
1493291
724093
6113071
457913
26339
3799013
6589433
6004457
4990613
2699999
9167959
7269281
3795703
5905483
6090479
7214843
5692859
8084371
8995799
9885163
9953521
1863461
761443
8695961
2809249
2156339
5168707
6487577
9026341
2274421
7336403
1356919
4123643
6095263
2012419
8247599
3901943
8154599
2290493
5331899
9951127
7866029
1814003
9833689
5626987
8543987
1760533
8251741
1427389
3222787
1148167
2410867
1019723
3069161
6757229
8139359
690841
9298451
7002701
3105539
78167
1378579
430799
4438691
2643181
3029419
2775137
46769
7075423
4203583
5687111
5357977
4012487
1304753
4669681
1352119
5144533
7937549
994871
403219
5162233
1586077
2478023
4472443
4342363
7416313
4964503
4793237
2558029
5293621
940319
6963259
9314587
6366149
1156303
3841063
309107
6845317
3187243
8703389
5637953
8156063
4330127
171517
3322513
1087309
1470577
769661
2934923
30269
6288323
5841601
1390121
4862413
6727549
2576261
5008873
1459369
4593907
1587611
9681913
2785351
1491979
2842223
2180999
8563769
7779389
5842987
5811389
5953141
2768873
9915209
1428937
2440679
9585769
4784431
4462883
9289517
6679031
6897691
4111577
2461453
5194883
4801847
1617037
7058561
2289841
9231253
5321903
203311
9051613
7718407
8186447
639169
1996949
5115259
1596467
4551863
7411913
2802929
4978147
7161859
8930183
4950707
945629
3291763
5298199
1469057
9133483
7165579
6774631
8000033
9547607
2816623
671477
4233499
9665429
95507
608669
7285219
806639
2591521
4128857
9683881
2609947
5171087
4772731
14449
2770387
1176187
7373243
3920509
1246589
9603281
2015731
1141447
3704303
9365617
8216573
5956189
3413083
3124903
9295537
3472211
7712123
6717103
4400587
4789339
1484999
3162059
7596283
1421501
6938803
3413779
5927617
4089259
467183
2861801
5590111
4544149
8201033
3435283
6698777
550469
3754763
7425881
5403683
3933233
5771627
1222267
2097229
468107
4761557
3418231
1631921
2287393
3396997
3590627
6413419
284407
8410343
1193947
9228997
7014457
2160923
1851337
615019
8849371
7790407
4224889
8634841
1446637
6911257
2663351
1126189
7069889
7637053
7454357
2817197
9871753
7911803
952843
3819187
5389519
532523
1458749
3668593
4094203
2234483
8267339
8050001
961679
1047833
4725431
2269027
6769579
986641
4143901
6549923
6333053
9879271
915311
3806119
9617581
5027021
3246899
8785913
7597067
481009
9937849
2665771
7443413
6889643
4119779
7168723
9631357
7091069
374909
8273779
1248061
3289969
4250329
228601
8438429
7975133
7557937
2102567
7704127
272879
8334757
3613387
7234753
8679457
190913
7138393
9090503
8871409
5013769
2679541
8802061
9040201
6779321
3400637
3339449
6336853
8219851
6077947
2558489
2235791
6849061
8697239
6576419
1067047
519907
2025029
5150851
385783
7272689
4541851
9200141
3747917
2043539
1824481
7185961
5799203
7321757
2473777
1363469
3372379
832591
5077279
5125907
1235947
2502169
2105833
5870437
5600369
2948453
9640199
9151943
6689239
4012721
796813
400949
9617431
8671291
7929371
5342543
6435613
3722947
298261
1823957
1195759
2182781
8703581
4028287
8263709
2888213
6207029
2811583
9293657
6729487
421501
158611
9913847
449107
7148287
2279471
1169419
1914817
493813
566693
7232713
7360471
3200123
5195579
1988513
9171269
6371051
7908707
195677
3584327
2459953
4906621
7152161
725273
3831169
1129399
2586313
3549197
1295113
3742573
8646269
9644377
2968841
2124769
5384867
4575947
5673383
9366199
1788041
3410989
3430829
8312963
1150117
9957407
5062963
2961527
7598707
4907099
4035827
8539393
7545653
5099933
6542749
3725119
1547207
5519677
4709987
8040037
503287
7666531
1244591
2684939
3102481
2321117
9333059
3548033
4100983
8796233
7670573
5834027
4011979
4400477
6030113
668201
7616957
5643041
2957641
7345181
6715273
386677
1455011
6166289
973789
7425377
5661179
1981181
13711
8119417
70843
4906651
4430597
1764193
9578273
4678397
2342723
3971791
5464889
6234199
184043
5745307
8512423
9056653
3363617
1833023
6257371
839071
7912669
4721173
3194293
1746821
8506787
7883741
1642153
62539
474211
8468527
970777
2804147
6918277
1709203
7476247
9146989
3403957
9819907
8095601
8369353
3411593
5796367
5118907
5165431
629591
3013259
8827081
9591913
3383453
4389809
5043641
1835003
5176579
4742831
7238129
6355913
5933789
3110759
6754147
5113931
3221299
8848877
1126319
2255233
8460563
4505201
5332853
9021119
5043461
7026343
5410033
5324593
7136593
9427967
6668903
2911819
9420841
156487
6098629
5994473
2485657
5444867
4593619
2611729
918143
385109
8752327
3943207
1678153
3399089
1289933
8432443
8397197
8144651
1387721
4174991
8062501
393383
4054019
4454477
1962689
4988699
5956607
7055803
5611687
4081543
5775059
8143313
4653041
9152831
8161843
4916311
6407449
612371
9978989
6217879
785219
3017489
6902759
3375349
4371347
857669
4971643
314453
8022743
8014079
3559349
1750153
4095673
268937
2753887
9625169
3736211
9564349
1976309
7574269
1162619
5453309
3834283
1243793
6599389
3945527
105437
5605043
251947
2101391
3186709
8732489
7889741
6310133
5346613
5653643
8551511
8968103
969481
5163671
9696637
1751083
1121431
6441563
7797191
3556979
3671431
7874089
9463177
2418203
5566181
4978543
2460013
4122103
4338353
9207833
3992609
9958709
2711017
2954069
2638787
2191633
371627
4567627
2786573
3225847
1518533
8865293
8534473
8474387
281531
9333781
6877501
131059
492563
3471103
8554027
6289991
4710623
9972497
5878591
5708891
6115147
5908577
6413401
1299227
1748291
6688783
2891891
622423
6144041
1106957
8347483
9706063
5947111
6749027
4594999
3253127
2186537
7133551
2387393
5059211
4032221
4999307
9027539
5113939
3410053
4903753
7075807
5338451
6418037
5250571
7543639
1298291
9653899
7160369
1573837
3524867
6177889
5977651
6587947
2220193
8523521
6073567
6294077
2563679
3894227
3361753
4456339
5950093
920411
568523
9262181
5730743
7960279
8797577
9011689
4280741
574963
1426063
242689
1709863
616481
8924537
717683
2630923
2129797
1740649
2745971
4035433
2426341
623867
9248059
2285221
305029
7944047
4213043
3174707
79103
5033473
7723913
4246057
2833343
1341493
7383599
5219857
9883241
8494817
6197383
3685949
2941927
7104467
10939
3990073
4819813
8404789
7735487
4864681
500153
9786719
7705601
6340519
6413467
6135473
9209561
9464239
5977997
5861309
1327987
4079557
1407271
6001277
2655139
6459533
234161
2581081
4373731
7219643
885503
2088577
3812399
204733
7014113
6931117
8279633
3661499
5065729
2644177
985027
1886527
2746063
2089123
5883947
5629399
9290257
8846459
2746801
225299
5958181
9626341
3617557
4035013
1491797
5989993
7480411
2779493
868493
9189623
3979219
8461339
1362763
698077
2381201
649087
4011859
4507753
5563763
1841911
7169671
8427721
2223839
107377
6532783
2301847
6319823
7662143
5474309
6209513
2003627
6029689
1111393
8076521
75037
4750003
6443639
1548083
8566021
2377967
5803807
6757853
8994091
921191
2584591
8588389
6068599
4094521
1288393
6582847
3766117
340183
7045403
439949
9714457
6005591
3885521
8417243
8506501
2065633
6804311
1910107
6105641
617791
126443
3735887
2004757
7906099
7016483
7916057
4729609
3317231
6754721
8148737
7403771
5628101
7690283
7388429
2649299
3223273
8934319
8502359
8340247
4623467
5977357
1906603
4363297
6301391
7786063
720053
6938131
4751459
9284453
5601367
6972281
9329899
8316353
4653977
1604381
4617671
162277
2018117
1359401
2269103
1636049
3067153
6190859
5581711
8611987
7938397
8946493
8349371
6703271
991057
2445277
4263979
6114497
7057717
16301
2376949
9322249
3868699
8861683
6109141
2201737
5254607
8052043
6651149
296279
244381
1346629
2208491
2599991
9692149
8949911
1687613
9378563
5602243
5400949
4556719
7393123
9276191
1987189
2464801
7921313
545723
4116919
8160433
7685549
2764469
8280653
63499
8830741
1407811
1063303
301463
4287137
9119861
2555551
9783359
8124791
4287887
9020617
3109069
8944883
3811189
1717399
8894167
264731
9170197
290531
4837769
8491559
8383267
8152961
1882099
3260423
2357059
622151
8251709
2294911
3193511
3988021
1804643
3802651
7922207
9177277
2442457
8214317
9922609
5450519
8261573
44983
2111311
5163469
3009397
9645767
811697
8004163
3985031
5886007
1633987
8387809
933787
256493
906263
2797363
8853217
6443791
9144293
2593309
3339407
9974117
7991957
2478361
9923171
2341589
7874297
9549101
5385727
4117697
597589
8389501
1389383
2999569
3498101
8841659
5556329
3491119
9009223
7675267
5814397
1336463
5249287
4644617
5621023
8702173
9982319
9438379
3449951
8720839
1353091
6271739
8721371
631817
3211979
9027061
5985059
7946909
6298753
2723731
9722771
3902441
581101
3849583
5354117
2749441
7740643
7192079
9815203
2758771
2518759
7607141
7076521
6281567
7420243
437681
5381899
1432357
5558699
6333463
2536067
8633113
5808403
6235961
3304153
6149389
1412183
5355851
2480063
7534367
2648047
5861279
9231727
6688387
4186849
1669099
2274451
3423181
2377379
3591451
9487781
9853619
5509657
4365287
6289091
1258667
981919
857963
1285049
736691
5640251
5921533
3165599
696271
3322009
6131857
7960129
3494831
8566427
8835679
3762131
4443331
1901021
8073503
942199
1875557
4008421
1407599
6032531
2093359
5566271
4896449
324427
6436663
7190947
1306099
1247621
3623537
6741587
7564177
5978783
7894433
1455847
2623051
5367277
6264751
4664707
3894119
2176831
9739771
7448657
7569061
9416087
1820471
9514273
2210723
2649677
8209261
7454533
5678627
1710871
8530237
5436733
6939067
4660493
6764767
2433853
2012611
2922433
5981191
1239643
6486443
1057577
7796561
9425851
218143
346939
8423447
6366697
3760283
3992627
3071983
7747931
8155297
8768803
7694003
7599749
5655163
4741577
1631299
5458237
82339
2132027
6867599
3908017
9664693
1012031
3643369
3349393
1483453
592793
64891
1827179
5032249
9068393
3882563
7968101
3377701
3512239
482717
2973031
2020999
6005789
904879
649151
2079199
3545719
9857849
6387131
7497859
5096471
6047651
8667539
2979313
403783
3948361
1183597
187067
7218889
8881787
1054549
2948521
1463201
2256539
4429289
2339191
3360337
3344557
338321
6370037
2725453
3370817
9798913
1568087
9740827
2722351
5452723
5160283
1922689
2922559
5767721
3099059
8145689
7743199
6088079
9597919
1444633
2223677
9559051
4316789
2635553
1033751
25931
570671
570887
1049611
2765579
7870139
7707157
9114263
7695139
2685373
3584107
8567653
812387
4626121
8130901
8298943
4162309
1175767
5204387
4951259
8163241
338431
9083939
7627981
6953081
7932269
8509799
4503571
4104791
5687053
6632389
5586583
7757483
5371781
5769041
1327783
6171227
4843877
3894481
3952511
6740471
8951729
6853081
8645491
2216659
6668549
3905149
796193
1944389
823913
9862201
8829857
1409537
3788663
304429
1501541
1346999
4809947
8517557
959869
6828821
4944053
3392561
6945481
4049273
709351
1757089
3423899
6337273
5537369
7444043
3675271
8969347
9126613
2630501
9471949
3484837
5158271
2867573
8283263
7700281
2725369
600361
3767587
8124209
5671507
7587367
692051
4210429
8518801
5529949
2520677
5302901
8042761
8194763
321007
4742351
6243631
7098691
4737767
3843067
1763897
8501951
9490687
4164859
8929253
3769553
4192399
1169789
5268577
3115579
6802541
6410333
2056963
2616017
7912717
3934289
5552593
9004571
6933623
6462727
2328941
4903219
9564097
2162737
2565643
4173539
994093
8041547
2908043
7415333
9148679
1738733
9596689
8551313
1221937
3318193
3819757
3242017
2503201
9824369
736433
318809
2070839
5785391
4203391
6825703
3173699
6772063
2883007
276929
805711
6645217
1969819
5476931
9943993
6183659
2340773
8461643
7752179
7341647
2654647
9916363
5280239
4026383
84737
9256361
4522841
1502041
5135113
4591633
1654817
4101289
5661287
3402473
6977683
7685549
6033661
8423887
191833
1312669
6967483
3166411
7293379
7235959
3623519
3176627
5520953
7913953
10939
9212383
1980821
3154147
1412339
4774687
7569671
2258653
4762477
6646193
2802881
8762203
6026737
5184433
8227217
919183
4668331
1519831
8018477
315811
9473351
434107
712967
5415191
995219
2770093
1265923
1210021
4866583
9103019
9461929
6318419
4893563
6768961
6622729
209953
1306439
3488171
8051551
4312549
2770499
7110661
5130163
4895909
1565741
3945013
4660637
4200527
8681779
4141763
2872391
8701009
5080013
5183531
8906071
1251121
2907011
8692571
6786083
6832697
9242357
4221323
1683271
2678447
1303879
542947
2504153
7189459
3605311
76649
5058887
9583127
3485947
3894673
8459093
1343327
270797
2593853
950753
6631951
8852687
2054231
4526419
424147
3885991
7131533
1944721
3415883
3441859
6969527
2526611
4394227
2795399
5610991
8122909
6980027
6902083
1178963
3054299
3654181
2286059
6717197
4472687
2701177
2458501
3946597
7118123
992441
827473
5753929
6981973
2722639
6301459
8874763
9743779
7411067
829123
6676697
8365087
1226417
9757703
7178137
2532769
9150637
4070489
2538623
5295491
4307309
6846641
1673279
7920139
1777403
6858737
4029383
4804883
1594631
7923731
1824583
7291363
1518497
5757701
1678673
9775637
6288173
7110889
8263357
363541
5831759
899779
9315101
1586951
228793
3498283
2310233
4630999
8001107
5469421
1858249
1730473
2795119
8286583
5045881
6735877
547831
767029
5347127
8378659
9736163
1301879
8864179
9376463
909107
6151049
3432721
6272501
7544269
7407889
764339
9807143
2293549
314917
1194463
2435911
9867623
1541117
1715407
9008557
1863451
921751
2287477
4363789
9778031
4195253
3614033
5984137
4791221
5672999
9591683
3512087
18401
7257361
6045133
4081811
3814339
6610441
3917041
7588411
9884233
7018541
4494731
6916961
7635647
9395461
2679847
3852391
3822281
2680553
4208257
204067
7889111
1774447
3675647
9649001
63853
5757221
8198917
4948523
2391491
2968831
4248983
2806757
5259721
3326291
3884717
2230133
7038937
7939189
4118599
222823
9234353
9727973
4148077
1847701
4382713
8363071
7630087
5224591
5057051
9530687
9488357
2681381
2717651
5443219
4225957
1492739
8898391
296237
9035879
6569809
6415831
3474859
3158143
887449
2561821
2668363
4786703
7322213
1035613
626687
4502611
646571
4710127
9462751
7423859
9392627
1673297
2370103
9868351
7023221
3705187
4746571
9855533
9739703
1045507
9033049
1929349
7695881
7329503
4249067
4432243
5509619
7064329
5436721
5698159
475093
358153
545599
1290491
4213337
4754459
4723987
6593981
6525907
2852281
8462813
26107
5700823
2011811
6150037
3798367
119503
7020511
6631907
1888361
796709
5025893
891427
9849253
6234743
9745447
7463347
8323849
9244577
8954497
559211
4119779
5005219
9468139
6085153
1584001
5245489
9218821
8525371
7322921
915259
1464241
4866997
8816611
9094511
359417
1584203
8543191
1901639
8140343
3838099
5882231
2397371
6079417
2340721
5317271
4518571
9260453
4661317
4238053
9501157
441041
4967197
6585983
2643131
5964041
2426453
6782021
2119487
8197837
5830577
4699151
7687331
4705159
2064619
4083479
2171161
9236021
8171717
617411
6401579
9079969
1032739
5869433
7263787
2971193
8126513
5384851
1145713
4704449
705829
8143787
663977
9545233
1331611
3473291
3108173
5106653
7031807
935777
3312181
7936139
2031229
4635017
290621
6008357
7922059
754109
568751
7224367
8671147
384719
957409
7321663
6088661
6669469
150743
697267
2776727
7858957
6862171
3762989
2084263
3904753
4758071
5083879
9445871
2863309
9054029
6632819
8393639
6286513
343897
1622981
7306267
9781697
3487021
4157171
4118251
644401
9633979
1508911
2249759
6213689
9190997
3399349
9749353
663007
7195679
5773561
450767
612181
3060749
4037729
4324093
6966913
7522451
7495463
696991
5247889
9086843
4406939
1973821
7508791
4394123
573871
4779157
13001
8368123
3071983
1120289
9259619
8672861
2529097
3985039
9423529
2273309
3027763
4473373
2239247
7466441
2526599
4888999
41389
9480059
434303
4576193
3583007
3563653
1841387
768013
5562143
7328891
7726469
4596707
1970279
4909843
8399093
7348259
9394981
9220763
1645769
3608071
553457
6233779
3079093
7800103
1752613
5584697
5879869
4168501
4995997
1171393
8739431
2254079
3694199
9936263
8044021
620117
5498443
1511017
3485633
9192277
9878257
3838391
9645007
5383661
9471283
3549307
5775683
2299547
8459651
3767921
2596943
7543643
9873751
3816011
7263637
5615341
2576597
8408677
3907031
1277449
8453657
3917489
1851671
4299739
4155673
4544681
1495687
4830383
8669657
9841369
8309537
980549
5343683
9277501
2291659
8740531
1724783
5614963
7185989
500179
6376789
855983
9609781
1825711
691193
3182189
8874599
8137273
157303
818579
5696759
594917
1364609
6992201
2907427
4833943
3109387
2641501
6595117
2481833
7738543
7484747
1364569
143513
1141949
5732141
4986847
4266443
4796479
3626989
4515799
1089469
3320263
4134409
7628741
6615071
2944657
9984521
1185851
6984547
9550241
4958719
8219269
7524409
542441
7198579
7528393
872951
750769
1291883
8562773
6586739
9872657
3628991
3170887
1498489
1447627
251257
6585641
3864871
11197
45587
996859
2343527
6988829
6483949
5831611
2320583
1231339
4812011
4820807
7790953
1467787
8298313
6234721
4756711
8393533
8905109
3930307
8401357
6699101
1575521
4795723
6078409
7687021
9002233
9150227
2257139
3994621
3044113
6651317
346933
7120277
4945373
7100941
3390139
2210057
8553277
8890223
4304633
7973143
8690333
4297061
3906307
2189321
4055599
3126821
8675221
709453
6497143
3890053
6407809
8156699
7411739
282809
4949611
8916863
5606591
8063981
9310999
2401583
6436889
2539349
6413779
7774783
295259
3487699
8663441
543407
1829137
7695461
4584493
324901
4289489
4469677
3113333
1260887
770233
8305931
9642839
3730847
1407181
9901543
2838853
7974179
632381
1650577
464909
2346859
1621489
9175447
5892977
4487939
3865481
2236369
4292591
1844123
8908057
3450011
9476261
5602411
1708573
4517783
7881373
1947661
382847
9030887
2451947
105913
2863127
1084697
430511
1959241
3125293
2349937
3531287
6285397
5686649
2742503
2880883
8171963
3821737
9987389
821869
3578581
7847759
783151
1494719
4573861
6723589
1846321
5120537
4816417
2707603
5248547
328777
7589489
4433563
4551097
4680887
2375641
59233
2782693
1321693
7951357
1033841
2248583
5364559
3363233
7974677
7846439
4355317
4809943
9532543
9246917
28537
9376513
9752047
346421
957221
4285019
90439
8940523
772169
1073053
1849171
9940561
3037343
2441809
5512237
2184263
375209
390883
860971
3168367
3809051
3978841
2242763
4879157
4960981
1547471
2015633
1820237
7553927
3260623
9468083
7486979
6484861
8495341
723829
7302917
1059029
1193767
6833399
4283029
6931007
698417
3206179
9428759
9662153
8721773
3039313
7262609
1436693
5743057
3034457
9548521
1806977
5126179
1075787
8067149
3598081
7342369
7204061
8065579
2858777
1698877
7672337
4821937
6061729
4037321
9860531
5957387
2567519
6299749
5577709
1859281
4696297
8485277
7519987
4902049
8225551
6269849
1436173
6441559
1280561
9662981
3338717
1573961
6670259
602489
1560523
1602121
1016573
6769691
779347
8206091
6765461
8312267
4353653
7560439
196561
1826557
822517
7862801
5931293
7032901
4346467
135937
7225931
7448813
6147653
5718497
2328827
7582567
9313639
7831297
2118359
1858721
86453
2294431
7500113
5059961
2393071
8425663
4064189
1798997
8246423
243203
2009191
2950037
4552741
1796219
4207031
5139601
1754153
9231869
9296839
6478973
6011969
7671467
7605967
7355039
8081323
7700647
7020679
4866569
576577
8529373
8424727
5389739
2568793
5917837
7595351
1679323
4448813
6660391
7081579
2326183
7180729
1326389
7463921
3923281
3476569
2401541
1885619
2499373
3358501
7639117
3910301
8554747
9039007
717883
7449581
7463077
27647
2925023
5660471
4372513
7137589
2085737
7943137
6312071
5756833
6956687
5176141
8675137
5474519
2838769
4706309
8475581
4399471
291169
7256203
6307979
7032959
868039
8478889
9120311
4249579
5144963
4917511
4317601
9399251
7327237
9459839
6861851
586667
4145677
6019771
4332907
9768133
1027097
7338511
1493489
8132077
1809383
7813639
5258987
1874629
1251529
1438933
9929929
906673
6522371
1827533
3965383
6007181
6532531
3519871
4587301
8251049
4705417
2433127
6404681
8122603
9493009
4466149
8302673
6866773
1498927
9892063
6608149
9770333
3319207
8119451
9724129
6450251
7457171
5195249
1041127
6496981
890999
8122601
1789481
396703
533257
1942033
592741
6124291
3112313
1321897
5941333
5923553
2687771
9120799
8231291
3784849
3844619
6393251
4051781
1616711
5802547
2769049
6641231
8241271
3826639
2626927
3549079
36497
689467
3402109
5759093
9520699
3543877
1620103
3838157
6080609
9235997
9699919
1176811
6911837
6097963
9388723
8634629
7448863
4259797
3950161
35083
1688189
7100999
492077
7982977
3181921
5301211
2658941
2853427
3303271
1029883
5819159
3703949
7402501
6238831
7521977
4488283
7214279
6803141
2859877
3356981
8695949
8179489
5056559
3411043
5920069
6501277
4546543
1233653
6997097
1690067
737413
3462419
2151467
3329147
3515269
2202931
1029247
6429413
3188501
5835197
5117557
7817449
7960081
4654721
2311873
7318627
8386579
145009
5024687
288767
6717829
1883197
562759
6708809
8618737
1065469
8508881
1612619
6839153
178141
6520139
472831
7839451
9173347
436399
7643023
619
2985947
8473951
8045819
2179013
2838023
3962251
6421157
1851571
5315449
2034139
5150377
8193671
5883347
3793463
9633433
8768693
8523173
3934009
9598201
8758721
21863
9591833
6654391
6281707
3462623
4436821
1378427
1885183
8049887
9040159
6409397
5565643
933781
8086787
8380811
3391133
5038643
5301979
3373879
3717563
6876251
1786219
2907851
7339897
4262899
3255293
1279813
152959
4620877
1217119
3818063
4102699
6040963
2098337
5541533
2004953
6923783
6216757
8390143
6152407
4370803
7457119
2646989
5701733
7851941
8690173
2451991
1207597
881597
476851
4782227
7244257
764249
934547
2555129
2847529
4921601
6606893
8366191
340559
6029371
4221433
8823253
8932801
857669
8752511
7932247
304459
6669857
6447457
9582179
9680963
1476311
6257509
9256981
5339573
3273019
9484003
3987769
546197
9376187
751867
8654873
7081589
9661919
9173569
5143693
64237
5688911
2870557
1776209
1129343
908813
3707477
4026509
1684861
8057281
4900111
7605929
9206459
209347
5445929
536149
441797
9836993
585119
2783107
70481
6976517
1883939
3032093
2655371
9665827
9464999
8510819
5221003
2235511
2668357
3380743
9785311
4784467
8151391
6041041
7555721
797977
8977541
4924523
8347657
5876807
3070853
558629
3521951
476911
6494773
8555903
4354747
4334657
3556517
1420369
2752117
1705331
76471
9483619
2912051
8253913
3541
1518577
3036463
2105413
6092897
8472661
8655917
1046459
4979837
4083901
5207347
3349427
382631
9121183
4172341
2703433
9888041
9281879
2471717
2682859
3918853
3674813
3962323
9195467
4664393
4451081
9811643
6614651
8829151
4416641
6330739
2175889
2598179
8967389
5963471
8590811
3553139
8617787
6235661
8534303
6576431
222317
1128637
4324501
7884313
5634193
4631093
7303567
3920797
2613229
8563187
6094391
3632479
3032963
577601
106319
1057271
8786893
8895959
889501
5006767
693779
9513887
2032553
4198079
4166531
7522631
6290441
2415871
7893527
3064291
2647709
5041081
6019787
2336413
6018829
4354697
1374833
9869017
316801
8602379
4250767
3914257
4241371
2608751
6028283
7048729
6261173
5419627
6442003
6711317
9225397
9030929
7213541
2970167
5554361
4746683
5011969
4740223
9596597
5948633
4613773
7563397
43969
9098423
8108159
2623289
1503659
205529
553073
4487177
1011763
4336223
6055591
8617261
1942141
7824119
4216847
1324033
4513609
2548751
5559481
2947583
7977133
5305453
7529791
6165953
5808337
9178643
2372633
2129123
4726679
4382879
8737357
8121871
8451853
112787
8040089
1332193
8502467
7718251
184039
9678029
6566657
6994661
6350209
525491
421121
151171
5056217
3505067
2277629
9196897
3324421
30427
5154827
2972183
7546751
6546823
238451
3699103
9169921
5400799
1283983
139999
6029521
4600373
7875389
5939119
4722121
9022483
7583699
3999283
2327057
7773917
6927979
3621727
6764353
2482903
8676013
31247
1156121
710459
7283303
5483501
9154501
6620231
6626723
8992153
882367
2212241
993919
198013
2709169
50753
587467
6926081
2249959
1077047
4403881
8424397
6953483
8939383
6404779
7656673
5137199
4573571
4127633
9508903
9142561
4167659
7888007
4530499
121189
622513
143527
9611773
790753
3521923
316531
1138519
1593491
8786273
1699039
960419
5611807
5170283
7659853
7474573
8053051
9052259
2348239
3013859
3446867
6418171
3707839
2557441
2018531
5568649
186583
1465661
9456373
4813183
7890859
1338941
7689533
9439253
6329473
4375193
3994597
138497
832367
1602529
7917401
9772519
23549
4464983
1223897
5458933
4116587
7107623
8170039
7614707
8160137
9228631
3164653
9115669
6736511
6906689
7330471
8103817
4944431
7291309
6437719
8548829
206879
362749
2221789
7539949
6009727
8298751
3127097
6930857
847549
7382783
3750119
2270141
9556889
9112639
3733757
4882523
2155271
9672841
1490299
6017153
8673703
1571827
3037789
8408929
7896689
1097029
5128307
9924919
282229
2450009
7213123
8461777
6311563
1894691
9011987
8123251
2175479
758707
6396133
4681423
9006769
2903689
5915237
5026253
3452723
1528459
2890861
6905039
7406261
6672077
9588101
3647627
1220027
2731429
4677389
1561117
3886889
9743729
1986497
3800617
2057179
9202057
3483013
1087561
9106351
6668957
9494939
8825501
9577429
1182791
9733957
8760671
2124679
7073069
5008009
6632203
7776649
3442921
5688317
8349577
3022091
4614839
6548981
6099721
7624847
2223457
4643257
3127259
8438407
9247283
2046349
6765977
8455829
7871581
4886977
8881099
3316517
1904027
2606183
8772079
6334763
7087807
7740599
4710701
6183301
2812867
8035259
1836979
8266751
2706923
8819791
9854989
1538029
4261547
8545319
1790879
8899663
5043011
4668221
1381271
8360479
9576709
1244813
127037
4026137
1497667
6816571
5952803
5943053
3767123
8282623
4829107
6649271
4714657
1080059
617293
2241353
8002117
7210549
7705567
6404659
7089001
5295833
2156309
6683723
5875613
8159143
4850011
6254503
3995021
5609917
2070559
3605111
3113447
1476217
2578733
7336781
5438831
1692827
6447923
3884893
5659211
1901951
7307719
2068487
6566453
4859441
907481
9306797
5429923
7168069
196439
6782093
1751023
948041
9277309
3158887
2307913
4620101
9603241
6537899
9476209
6699893
4753891
5525279
9918413
7085459
8210921
1217467
7089463
8931037
2841313
3677119
3426377
8534861
6659077
5285647
4845689
3356447
3456721
553901
8719961
2265877
2396423
3014701
2066447
7757621
3052937
5477
7269781
2140969
2595097
7619177
3783049
5444429
8964463
4006589
5785207
8750243
7071703
3363803
7495993
311123
5683751
581411
2166961
4598161
950149
3272837
9122851
6658573
5235679
2203807
7673723
6402139
7636771
207121
7469933
8242693
8072921
2574889
4555427
1314179
783781
6630461
7730759
5236331
6365449
7948841
4619179
5480029
257791
6267299
5054243
67261
1385647
5982241
9615937
8299427
207563
4806577
484153
6863873
7020317
9951517
5419969
3823117
6307811
2667311
9620873
109201
4999427
2517797
4449691
3451963
9151871
7616281
6935003
1098967
8976091
6482587
3560419
4691789
8084407
3702649
7145161
3304361
5342921
6853787
1699421
1340749
3207019
7484861
4026107
697909
1065047
3737233
2759227
5619701
7303663
3607729
1711811
6003143
6434093
5971993
2141941
1896001
5151431
5447777
1128821
4404691
3045253
1001107
5356019
5409589
2616721
2265677
3046103
9845657
5312579
3712559
1747541
5655739
6559897
6390239
4950853
378289
5889383
5948909
2441639
2171831
5908459
2107667
8982907
9020419
5353037
5615537
4630949
3410089
9790441
7779869
4952833
4915879
6511411
2907319
4016801
7215547
4329581
5142793
8012371
6724721
9178669
9721969
8708849
722411
5096701
155399
7047371
2037353
3106601
6491783
6064061
9019007
9371917
6565291
1959739
6567403
6861119
1005223
6184847
1180847
2857931
6459329
6662417
4575167
9651041
992357
4552309
8732447
1307519
3856477
1469197
5873129
320141
536101
7319063
646909
7013057
997439
445597
1059511
2118079
1853309
9503257
3314977
3607973
7827217
152029
9322609
2237413
8115551
232417
7789813
9942367
2979139
4436483
6077453
29311
2025103
4588459
8161031
3420107
1230023
6747989
4273361
98443
9780167
4579397
7844141
427247
9498383
5848961
2067101
2539123
1183411
7676507
5711089
8175253
