3254664
2462187
5790541
9456734
9611152
9112677
1824660
1260
4314424
4360395
7793965
1791372
2684941
8856188
1960287
5919403
9176336
7750759
4686280
8587465
8026143
8854163
6510075
1359415
2607171
3606393
3024394
9608083
3707609
2670401
9463696
574076
1504092
5172436
3366548
6112700
2343950
400348
6065939
674829
3999771
384788
8674458
5801901
2885547
4102987
3230028
1685278
9770437
4712517
7264349
451308
2860021
4918184
3847409
9988387
276154
1453630
6541347
4879139
2036335
6978727
977104
8862012
9918085
1528558
3836645
7757005
3228715
3371048
6585928
9392900
3875147
2196211
987343
6858601
4762341
2592657
1986286
1811697
239650
7293829
1020748
9394508
1139351
5276803
8664221
9022066
540754
2188528
3910565
7551306
7117027
4733695
1226663
3267019
1106041
3869415
1566227
8773206
