38 85
14 71
21 79
66 75
24 93
24 16
74 58
51 5
47 18
83 42
47 6
31 27
5 20
7 75
44 47
96 26
82 95
36 10
86 90
94 84
85 74
77 61
79 35
0 16
9 22
19 85
52 15
10 50
14 17
61 64
21 8
47 95
45 87
97 25
11 86
40 19
4 77
51 3
18 48
28 10
28 87
91 97
49 5
86 95
10 32
44 83
75 0
37 9
56 62
67 76
68 81
51 72
92 71
88 23
13 17
3 82
83 29
55 25
10 20
3 25
42 28
96 60
58 37
23 3
13 92
26 79
77 9
89 3
43 32
29 74
64 64
64 79
11 86
78 17
29 32
6 11
42 24
47 51
13 98
81 88
0 86
27 38
92 70
22 37
27 91
43 39
58 1
96 8
85 12
89 20
62 71
73 39
8 63
1 68
0 94
55 23
68 97
13 58
58 83
84 63
